" "	"SRR5928157"	"SRR5928158"	"SRR5928159"	"SRR5928160"	"SRR5928161"	"SRR5928162"	"SRR5928163"	"SRR5928164"	"SRR5928165"	"SRR5928166"	"SRR5928167"	"SRR5928168"	"SRR5928169"	"SRR5928170"	"SRR5928171"	"SRR5928172"	"SRR5928173"	"SRR5928174"	"SRR5928175"	"SRR5928176"	"SRR5928177"	"SRR5928178"	"SRR5928179"	"SRR5928181"	"SRR5928182"	"SRR5928183"	"SRR5928184"	"SRR5928185"	"SRR5928186"	"SRR5928187"	"SRR5928188"	"SRR5928189"	"SRR5928190"	"SRR5928191"	"SRR5928192"	"SRR5928193"	"SRR5928194"	"SRR5928195"	"SRR5928196"	"SRR5928197"	"SRR5928198"	"SRR5928199"	"SRR5928200"	"SRR5928201"	"SRR5928202"	"SRR5928203"	"SRR5928204"	"SRR5928205"	"SRR5928206"	"SRR5928207"	"SRR5928208"	"SRR5928209"	"SRR5928210"	"SRR5928211"	"SRR5928212"	"SRR5928213"	"SRR5928214"	"SRR5928215"	"SRR5928216"	"SRR5928217"	"SRR5928218"	"SRR5928219"	"SRR5928220"	"SRR5928221"	"SRR5928222"	"SRR5928223"	"SRR5928224"	"SRR5928225"	"SRR5928226"	"SRR5928227"	"SRR5928228"	"SRR5928229"	"SRR5928230"	"SRR5928231"	"SRR5928232"	"SRR5928233"	"SRR5928234"	"SRR5928235"	"SRR5928236"	"SRR5928237"	"SRR5928238"	"SRR5928239"	"SRR5928240"	"SRR5928241"	"SRR5928242"	"SRR5928243"	"SRR5928244"	"SRR5928245"	"SRR5928246"	"SRR5928247"	"SRR5928248"	"SRR5928249"	"SRR5928250"	"SRR5928251"	"SRR5928252"	"SRR5928253"	"SRR5928254"	"SRR5928255"	"SRR5928256"	"SRR5928257"	"SRR5928258"	"SRR5928259"	"SRR5928260"	"SRR5928261"	"SRR5928262"	"SRR5928263"	"SRR5928264"	"SRR5928265"	"SRR5928266"	"SRR5928267"	"SRR5928268"	"SRR5928269"	"SRR5928270"	"SRR5928271"	"SRR5928272"	"SRR5928273"	"SRR5928274"	"SRR5928275"	"SRR5928276"	"SRR5928362"	"SRR5928363"	"SRR5928364"	"SRR5928365"	"SRR5928366"	"SRR5928367"	"SRR5928368"	"SRR5928369"	"SRR5928370"	"SRR5928371"	"SRR5928372"	"SRR5928373"	"SRR5928374"	"SRR5928375"	"SRR5928376"	"SRR5928377"	"SRR5928378"	"SRR5928379"	"SRR5928380"	"SRR5928381"	"SRR5928382"	"SRR5928383"	"SRR5928384"	"SRR5928385"	"SRR5928386"	"SRR5928387"	"SRR5928388"	"SRR5928389"	"SRR5928390"	"SRR5928391"	"SRR5928392"	"SRR5928393"	"SRR5928394"	"SRR5928395"	"SRR5928396"	"SRR5928397"	"SRR5928398"	"SRR5928399"	"SRR5928400"	"SRR5928401"	"SRR5928402"	"SRR5928403"	"SRR5928404"	"SRR5928405"	"SRR5928406"	"SRR5928407"	"SRR5928408"	"SRR5928409"	"SRR5928411"	"SRR5928413"	"SRR5928414"	"SRR5928415"	"SRR5928416"	"SRR5928417"	"SRR5928418"	"SRR5928419"	"SRR5928420"	"SRR5928421"	"SRR5928422"	"SRR5928423"	"SRR5928424"	"SRR5928426"	"SRR5928427"	"SRR5928428"	"SRR5928429"	"SRR5928430"	"SRR5928431"	"SRR5928432"	"SRR5928433"	"SRR5928434"	"SRR5928435"	"SRR5928436"	"SRR5928437"	"SRR5928438"	"SRR5928439"	"SRR5928440"	"SRR5928441"	"SRR5928442"	"SRR5928443"	"SRR5928445"	"SRR5928446"	"SRR5928447"	"SRR5928448"	"SRR5928449"	"SRR5928450"	"SRR5928451"	"SRR5928452"	"SRR5928453"	"SRR5928454"	"SRR5928455"	"SRR5928456"	"SRR5928457"	"SRR5928458"	"SRR5928459"	"SRR5928460"	"SRR5928461"	"SRR5928463"	"SRR5928464"	"SRR5928465"	"SRR5928466"	"SRR5928467"	"SRR5928468"	"SRR5928469"	"SRR5928470"	"SRR5928471"	"SRR5928472"	"SRR5928473"	"SRR5928474"	"SRR5928475"	"SRR5928476"	"SRR5928477"	"SRR5928478"	"SRR5928479"	"SRR5928480"
"SRR5928157"	0	0.999543295579101	0.725965009719522	0.900779390488636	0.979843932644615	0.892852881517719	0.998436020907931	0.407422323352329	0.156870156870157	0.990540007883327	0.230123386753652	0.579506021637069	0.619716191144763	0.81350250141833	0.696419919801256	0.988782885226944	0.326704193220423	0.838824365963498	0.837387812942844	0.933814991613985	0.757136678200692	0.960503644797879	0.849824795594861	0.203185623851338	0.386337347758046	0.874980895613633	0.954810277860771	0.781583549418079	0.993911102090522	0.584683954619125	0.925018024513338	0.73888527434396	0.944309415835472	0.971823962099489	0.455402451009888	0.205640560545332	0.551237662136324	0.714018691588785	0.923530332272704	0.98000582354654	0.925873221216041	0.943297550233966	0.977040816326531	0.298783659920232	0.94641459449696	0.53260766682442	0.903912749273574	0.729010351059751	0.847292463303318	0.798004911918984	0.823721704804786	0.83754130041768	0.839226418536763	0.487632924035016	0.966256056979392	0.876948499036078	0.602701426963436	0.958250369323656	0.618257942697644	0.219072250406181	0.217902872303611	0.382034972815249	0.825382348814368	0.569199511103351	0.797097082014967	0.840802286710915	0.620451404882543	0.565505804311774	0.225470586623558	0.903085150143974	0.882294635113369	0.87695353198583	0.41964725588728	0.796529160739687	0.878245458573327	0.89656944622896	0.665513264129181	0.409619725646814	0.998103109545424	0.999584872763502	0.911039794608472	0.145096673053475	0.515248320379397	0.366051832827457	0.73620290346269	0.884822438362361	0.880902478116139	0.957395396159227	0.826806927722891	0.577519018785903	0.48470541295385	0.540652195997426	0.519989530851273	0.946664342672883	0.719253964477454	0.783292728248751	0.63577425868849	0.979255488386891	0.950323152959067	0.392949427833149	0.881591490642717	0.936690647482014	0.920181291703387	0.457808667211774	0.990415119811002	0.706580656721767	0.471160651096957	0.414475977965274	0.359460313162763	0.64215485855577	0.769605583722921	0.369043935643564	0.638336347197107	0.678379322389102	0.774664151814927	0.645281693233215	0.897226682869667	0.992461973347691	0.262258525218611	0.662954872395972	0.277096955787468	0.743894232672287	0.449368456811093	0.157946937763452	0.890043453617986	0.453728090091726	0.493463427077355	0.523160698710544	0.672308583136609	0.708845082051811	0.20336643844884	0.670070267896355	0.430483995293927	0.408846383741781	0.922820217219829	0.167581897367923	0.280390275111964	0.923882140087878	0.879460645970524	0.934649771660127	0.974604440898817	0.327593202001533	0.896883509833585	0.496167567376638	0.970917513833483	0.928086661446098	0.541033179336413	0.990075073164525	0.252803863697344	0.703066721922918	0.469494632102645	0.852308819936477	0.588544746137869	0.929881830645688	0.887441375716519	0.772590542654314	0.958013640238704	0.970522141440846	0.534105022604203	0.782674816914718	0.431931575196009	0.871735102504333	0.0832129839763428	0.877721854304636	0.504566105272819	0.671321066597068	0.978368937256483	0.786963788300836	0.837305536640302	0.442759644764271	0.344039217343532	0.506454529018261	0.994449164542622	0.556786485955608	0.129752922029886	0.877124512149062	0.998684793641263	0.891215380222709	0.874486019736842	0.998121599829881	0.85320336582521	0.91817881887166	0.997456055118806	0.994328156650912	0.824325127250401	0.60980069482538	0.970858461767553	0.956672128163117	0.0802279701885138	0.954499674151312	0.969036544850498	0.946041524070272	0.520834689758448	0.778403563565614	0.137052317720071	0.737325049985718	0.9720227221541	0.975311247098544	0.53815180189249	0.576358983960557	0.969721010181145	0.931934288290093	0.334309811240521	0.952291758483914	0.969619185794179	0.110979967869906	0.32514450867052	0.945945945945946	0.609538002980626	0.31478842089743	0.560422253437194	0.0842503206642814	0.99512419178179	0.874702347204898	0.493561387987811	0.216534615270483	0.808010666074107	0.830676383511729	0.781996325780772	0.996221322537112	0.714502164502165	0.208333333333333	0.930718024946681	0.271892535283115	0.99856223246087	0.314240254574383	0.150189071385273	0.984934287851266	0.478281133482476	0.322466270663536	0.957240926020595	0.959199285987505	0.929496681059483
"SRR5928158"	0.999543295579101	0	0.981054444550761	0.85871837381965	0.947517577844741	0.970894874022589	0.839335841844353	0.89498183199943	0.943121693121693	0.889932185706834	0.999783401321252	0.924265072247135	0.988861086447655	0.807520067596113	0.988888267844168	0.670670362385792	0.850242577731669	0.888770135124819	0.848006821573225	0.958480120785103	0.9736855710076	1	0.966043165467626	1	0.795970695970696	0.571180124223603	0.879299099960868	0.99512681360062	0.997232599972326	0.93787224103702	0.613274267506023	0.912764003673095	0.986670750025521	0.742931196983977	0.947946954116729	0.941112404701994	0.951852165804866	0.975958222484974	0.918223293449255	0.417254060680355	0.975967619529471	0.8993497314108	1	0.830250205711151	0.681281060187742	0.949322333529758	0.715977004951904	0.895936478281177	0.963048498845266	0.821606953238683	0.986372560341841	1	0.906424581005587	0.823920265780731	0.781723237597911	0.910008489765117	0.988592585180367	0.870991890205864	0.726915754402665	0.954965715549657	0.881645260933182	0.872963600528903	0.81378257134676	0.994841735052755	0.923120498502873	0.452739359669901	0.703871150042385	0.93288116433517	0.905538472169437	0.733349248030556	0.935025617140196	0.656931798660024	0.94086731031928	0.826963376908492	0.820458177943527	0.989765351972042	0.815798611111111	0.861129053093916	0.993894824476204	0.136135470214696	0.959631198604535	0.948386137141157	0.997254297212924	0.883943757795668	0.873288008670805	0.543261631502989	0.975542224273189	0.837004405286344	0.912598944591029	0.998592936541438	0.956753396678803	0.932592995262872	0.807839388145316	0.856822449405383	0.959805648753885	0.942987457240593	0.915660511363636	0.805661070947188	0.868254739912494	0.998300042498938	0.906277773289165	0.998448810754912	0.952712433989438	0.939784691825387	0.994491116926043	0.712641343354323	0.924272618573137	0.821279818250663	0.852371627502176	0.953342920404483	0.911305872042068	0.78953119877609	0.940665974908028	0.789428734105143	0.948439620081411	0.760299625468165	0.857170530122038	0.978915662650602	0.956238217387273	0.909585376727597	0.998198082244675	0.942966853012592	0.961735207636847	0.973128288142452	0.979339339339339	0.920514238319049	0.817372311827957	0.856311125132647	0.86506990881459	0.936738836265223	0.918296540698663	0.908835115362971	0.998830067271132	0.894310198409635	0.748851797916433	0.880573512348749	0.947593297282863	0.959101237061348	0.939458944106781	0.93994745402227	0.985309829059829	1	0.813844610411325	0.916483247737833	0.890335503254882	1	0.877583661417323	0.774620284174424	0.979405034324943	0.794893617021277	0.832421875	0.917441596733953	0.970072080401322	0.986345484992915	0.828547905732222	0.998456109395677	0.354556803995006	0.978352692713833	0.969463220675944	0.89065065440728	0.813446327683616	0.894300969815844	0.904960981047938	0.526366928716544	0.919645992835569	0.704826692581795	1	0.907272027702963	0.513218340989859	0.969852539595849	0.853870507169905	0.991414691347684	0.927078829802565	0.945254455058377	0.94723334359922	0.99807969275084	0.953106719874353	0.874294205052006	0.931104016131743	0.940135442027948	0.844596731681603	0.322989094635146	0.707610446270209	0.989250275633958	0.776416610382654	0.964788961567249	0.911877938716905	0.909243697478992	0.997375446852799	0.876246648793566	0.981856990394877	0.834836640609341	0.876285215842025	0.690072639225182	0.873079994363286	0.994582591550374	0.797698028203783	0.299421154183477	0.945026329494821	0.910255049701086	0.95324881141046	0.690901229229724	0.959971243709561	0.953576146442725	0.91473409131333	0.945788120451475	0.927222281506776	0.943901828199349	0.694838577010076	0.75847917923959	0.97509636843173	1	0.615981493084004	0.954779849266164	0.977879381667755	0.809294320137694	0.943715899301235	0.905094905094905	0.955812630381187	0.984585741811175	0.913051436939411	0.940260272568911	1	0.950757402407213	0.829778648151445	0.839230157007452	1	0.866714439269079	0.849805783340527	0.999386845039019	0.950739124909992	0.847270044269552	0.968855958809494
"SRR5928159"	0.725965009719522	0.981054444550761	0	0.670807453416149	0.947552110449085	0.655444799699078	0.88328664799253	0.866705045007327	0.795182503324959	0.960285941223193	0.826123477530449	0.310268678689731	0.329253942104024	0.345417925478348	0.92545930531532	0.934700854700855	0.899175957343674	0.770385977495853	0.421234747769077	0.732314518116835	0.8574507831585	0.799725651577503	0.368227731864096	0.792944785276074	0.838096829906959	0.686461388074291	0.939155009855843	0.283378746594005	0.973021582733813	0.631280695126558	0.823101222359566	0.30390055722246	0.993850109009338	0.86208396780509	0.927366447985005	0.880453905700211	0.531748039463698	0.826236207601144	0.74475796013461	0.780155004912128	0.678206724782067	0.777083333333333	0.900898290350623	0.810317405435309	0.791247095274981	0.445740836344863	0.814007895891212	0.224831229820957	0.480813587754246	0.761608469539376	0.400587248322148	0.429503916449086	0.849371613052	0.808558658228968	0.623856439127375	0.52220566318927	0.604746520874751	0.841416100872939	0.603777967020206	0.80784439457091	0.700865265760198	0.858200707338638	0.701693723260857	0.945532839352912	0.497283250649657	0.637233579817312	0.737944471505114	0.520023384975153	0.782292830911704	0.807384376214536	0.512454758356398	0.680815378660818	0.833078880407125	0.350407830342577	0.629123595505618	0.607862169376365	0.328614497312885	0.731688378914675	0.991556091676719	0.984340398608035	0.664812575574365	0.765662362505978	0.899316194225189	0.861781105623706	0.526685842122084	0.608630393996248	0.595562068243668	0.843494510628358	0.866068418186062	0.920400264325498	0.77650152970855	0.939391393829935	0.849171068458763	0.925695875540592	0.966113627296834	0.549326652051362	0.510918215109182	0.881498829039813	0.716854968872493	0.517356018382712	0.70751826537827	0.709232769830949	0.654131952263004	0.604610065309259	0.953709198813056	0.623827909542195	0.628773627161157	0.704124847711319	0.830398150682848	0.83636454732201	0.729409900153204	0.63139268614253	0.62266766795679	0.619901076520221	0.588550983899821	0.547492937853107	0.704553294239393	0.967184295341342	0.826248858287079	0.466957946477335	0.767857142857143	0.642205818497612	0.72984333205961	0.799606129016764	0.518267929634641	0.437458636664461	0.694833559270975	0.833613119834711	0.916640079633482	0.257279717635195	0.798965030578642	0.575838133215182	0.685852771887307	0.85019305019305	0.744638602065131	0.747146880094857	0.756396977020754	0.707764822624659	0.567111111111111	0.671867381764993	0.854323046983597	0.697522816166884	0.628740157480315	0.873519711357549	0.76665853063217	0.711265790152101	0.707561665992721	0.919494500351041	0.805304937076476	0.29482122407431	0.637980643473712	0.47594885325756	0.945153716340157	0.721590909090909	0.387229660144181	0.452965037666602	0.859347262051072	0.878968792401628	0.427913403961308	0.958487553523478	0.686726048229416	0.471433976541809	0.799625786698418	0.67321668909825	0.551324183259231	0.718814968814969	0.906422551583842	0.507455803228286	0.637719068794141	0.729956731992873	0.764936978228843	0.901926364983472	0.990697674418605	0.705353319057816	0.789493938810852	0.47849583427156	0.973746282432571	0.631100428466924	0.681937336162776	0.965544836171253	0.733593877218694	0.790216946377405	0.992648361381754	0.967904903417533	0.867592070890744	0.776361874953424	0.958279412363163	0.536352800953516	0.842267135325132	0.825174825174825	0.870735090152566	0.813044192541482	0.897541557480346	0.387336136532278	0.844464881020807	0.935061190809946	0.910155702062	0.912661429902809	0.626736370425691	0.944840161832583	0.873947296930182	0.856566152982062	0.826512109830333	0.629342478008051	0.962860198271626	0.73992443324937	0.712207932125783	0.701587301587302	0.726864834548514	0.882047249478615	0.820545285726344	0.852043341950388	0.985051607545379	0.641530760536089	0.666456957114397	0.778376921002966	0.454545454545455	0.37244647818271	0.763578044473276	0.972148148148148	0.549395877754087	0.68336852882831	0.629592850049652	0.644877505567929	0.995694589617242	0.818533956464991	0.787481679455125	0.916953114258215	0.713315353111577	0.846447216230579	0.910309968379994	0.804763027587833	0.677308447937132
"SRR5928160"	0.900779390488636	0.85871837381965	0.670807453416149	0	0.930503047953259	0.551436091085937	0.894064151407153	0.902156683798453	0.919993255490452	0.99638838727601	0.962397179788484	0.686684524323857	0.756543624161074	0.661446419144818	0.861438878025757	0.828300258843831	0.937097573055968	0.718605464650783	0.822730842589476	0.925123679636315	0.702436088651647	0.942832885241262	0.866813981518682	0.998177621188191	0.904262786018436	0.725314492503877	0.735113883458894	0.764018691588785	0.992009470257473	0.815092753797202	0.876350682762715	0.703675271087228	0.995695767504713	0.930914079062227	0.978103934598652	0.964752656930958	0.908898305084746	0.692725596231964	0.352709006099749	0.729635222125089	0.872529245663574	0.864523762571485	0.997090062563655	0.872186495176849	0.783368273934312	0.730373083085374	0.812514619883041	0.667448221961704	0.8915883286534	0.501642759836525	0.746275946275946	0.992766275879272	0.892021287964606	0.886313847572928	0.74324621128926	0.470588235294118	0.45937083717594	0.890007951232441	0.750168308954036	0.807914709071196	0.885342526690391	0.896602211339425	0.417329753478155	0.997271536670547	0.656628532974428	0.752258678078935	0.933805801125155	0.779758860065765	0.859731685046007	0.748388285135384	0.792092622244119	0.714669292043319	0.895416881232152	0.650125628140704	0.4517082559978	0.976667108577489	0.630802642294815	0.85226137347632	0.990501632531909	0.878003236648824	0.923779277491068	0.868977784505923	0.958865382791007	0.923578590513403	0.855785123966942	0.777304360176111	0.696060495182339	0.997403608983513	0.921055765978227	0.98102399489244	0.913299777808008	0.978291110719254	0.910038592911325	0.671920792079208	0.987049905243209	0.588489564036063	0.829735988883742	0.959698387935517	0.863126691583967	0.84453073485237	0.334564998320457	0.928168432640705	0.725295688668447	0.804222181663321	0.992343934040047	0.793146853146853	0.870826191292424	0.802507381770657	0.884073941430893	0.899077065066913	0.71571741756521	0.80373464924578	0.799064293638161	0.754840588149658	0.705279572287815	0.780610169491525	0.109202290584632	0.99151426481346	0.905356246864024	0.835287548855388	0.995885865958859	0.341299303944316	0.517530174891206	0.947939441442185	0.912678207739308	0.710265018929924	0.804533184797978	0.770335484621199	0.938225260146	0.68701012769705	0.858555133079848	0.902678308643187	0.938770600264646	0.953139128041829	0.996689524710333	0.825127836707095	0.865102241513785	0.898295988192674	0.933855087099217	0.916533758639022	0.93788288930047	0.959180790960452	0.774406022112444	0.915800736640672	0.895996808086182	0.88439939734283	0.829606638373345	0.952956465237167	0.920949157178514	0.723960641787076	0.805923040762877	0.830877949455025	0.979460802927267	0.960241294214423	0.831098615916955	0.979532503779509	0.935784085621219	0.934993668214437	0.794812489674542	0.970023463310132	0.828332656259068	0.740468534680753	0.941402725675483	0.707335053446369	0.767576990122022	0.838968328210611	0.997085822526592	0.858366072327994	0.990964943982653	0.867239591050526	0.894245524296675	0.97149322223867	0.994136401949646	0.891922900413033	0.925524641035081	0.858832506676841	0.968673298023511	0.0561157724578554	0.224700428583924	0.960502396298132	0.521046237404416	0.871608306806124	0.959244164505372	0.987034035656402	0.914429688235848	0.600727032385988	0.94860912049538	0.762771996215705	0.983911234396671	0.579945799457995	0.964422940088231	0.734777579135556	0.923501769232209	0.780500521376434	0.96416906820365	0.965079945004759	0.935061682008892	0.968901490899113	0.83071615512729	0.96440100590344	0.958327467267352	0.900341596414805	0.782020637789308	0.834731957745088	0.82877995042688	0.910935136577987	0.889782739561101	0.892244246374884	0.856657223796034	0.974289124912001	0.683545928188281	0.999074202657038	0.828994082840237	0.521788871554862	0.472617354196302	0.860570182271382	0.563640008017639	0.797295880934912	0.590875549424107	0.98381638958364	0.827866500908482	0.841461494041682	0.908724832214765	0.811336638293892	0.976058052657962	0.891141942369264	0.918557475582269	0.39859747545582	0.925705352490136	0.940301036401118	0.713277289353783	0.791726477880726	0.891646650653856
"SRR5928161"	0.979843932644615	0.947517577844741	0.947552110449085	0.930503047953259	0	0.955430874392509	0.671108971162279	0.899996407916951	0.882777964086461	0.996943640735156	0.883636468868921	0.950310559006211	0.962043904161787	0.894112123204057	0.809926259886142	0.934233934820434	0.961015326961703	0.945509407170749	0.96621515199244	0.978281129705418	0.916999600479425	0.985085604543783	0.916774380245008	0.990709792427281	0.925059288537549	0.954005796017575	0.955976569650375	0.973750470865798	0.99769722639143	0.845052617192839	0.884695579649708	0.925889101338432	0.973889878731969	0.988336205859954	0.965835652765998	0.928597674794597	0.976431672524292	0.867107284832817	0.911856224187678	0.936653079211193	0.970192229702328	0.879587089829107	0.992984903183459	0.894938226695229	0.966828494996532	0.929509329647547	0.960223130266705	0.945428379545237	0.972039145196725	0.918937115669465	0.972597815015279	0.988576467523098	0.886856292152573	0.847329818256797	0.946690203000883	0.912710772721155	0.898887567796472	0.981709661102681	0.869387474664193	0.885995469811763	0.970332258657267	0.966132060422368	0.953178115579501	0.990501264777244	0.932932839846002	0.959373910490486	0.945650217759061	0.919192282773018	0.918269299105937	0.870680466251762	0.956038241529661	0.976023524089572	0.937329345988818	0.935330831599619	0.929819586715344	0.985472056978673	0.958360098242962	0.95862335653519	0.998519036551001	0.939287255155751	0.977991746905089	0.929108957277971	0.985092616087287	0.950682001929948	0.980604744079598	0.836671967977699	0.953712208954032	0.989270299705538	0.981564072598917	0.800134329269534	0.753550647563036	0.994123851137562	0.880817112166651	0.928003611104145	0.995234702398737	0.901399962116646	0.950677753730493	0.991527304270642	0.977718683266852	0.976840512894396	0.924145239556027	0.978960647865543	0.966547384504041	0.924446121133137	0.996671529247396	0.895263354634294	0.924482856333239	0.942083213406249	0.899178797104045	0.865241319424072	0.94230110540246	0.927987674169346	0.951127579377755	0.823096373587684	0.822110804712961	0.974465379929012	0.90519711056822	0.997700866280741	0.936041861537002	0.97028028503563	0.989920806335493	0.940188433498537	0.847909778522578	0.93529945553539	0.975912335377501	0.944378825297971	0.771903462234352	0.914994034899118	0.798964903768397	0.955667430589473	0.953649959750879	0.984982332155477	0.891940859755576	0.734387069938796	0.988159802928264	0.960696957675994	0.865906288532676	0.974256060974621	0.978233368807855	0.982227799931178	0.98703423452902	0.980549260336551	0.959984914948095	0.907712372068348	0.976922142596866	0.975640504270028	0.883050671106024	0.964295800217856	0.876079070944521	0.913544018058691	0.91594151840761	0.957394282073744	0.920434394942745	0.983690236511907	0.945312652805758	0.986370299932644	0.98612800243235	0.983464663373209	0.968917291840326	0.627527877527878	0.915885636948063	0.938324075355328	0.974101496711049	0.941324837382185	0.923805416284795	0.914293253584308	0.993393787698494	0.936802686947458	0.988441271460139	0.88184392014519	0.981014968966776	0.774555323778122	0.405459329728479	0.819932221678947	0.98167246928989	0.967070081621165	0.127611818085486	0.929250956806998	0.942301920768307	0.227862261455137	0.850196808129965	0.979445463294173	0.723261958191928	0.996506801463034	0.933536462470509	0.824450020100085	0.743884019361821	0.940558259660276	0.986458612165205	0.947925495220262	0.986709197235513	0.907215692379544	0.888406162112244	0.932605315900875	0.937989441617889	0.947247203334065	0.499817115298644	0.990494584564114	0.834761718150994	0.915281577980153	0.984075782940672	0.827749769610235	0.825529959965873	0.879633902476542	0.459977816400143	0.929953229640909	0.905439553132065	0.974046481496477	0.942213253808104	0.982293762575453	0.69669231340145	0.991619671717967	0.976640550845413	0.94271177224531	0.894027184466019	0.874827917992747	0.944616927319359	0.93609490470634	0.82452633884569	0.996466431095406	0.937977682665851	0.934578518907563	0.975835715299317	0.906482667046047	0.439987267735646	0.873486647743729	0.980904830727456	0.937231331076197	0.972700318194967	0.983775391383103	0.736042785575665	0.983367647652497	0.973183723897677
"SRR5928162"	0.892852881517719	0.970894874022589	0.655444799699078	0.551436091085937	0.955430874392509	0	0.972952019984495	0.948935709842317	0.983628922237381	0.997632202052092	0.997518500465281	0.717718587145339	0.751343900758098	0.84569467243695	0.95298917232955	0.941827653570653	0.988422157096856	0.808013672616787	0.821092278719397	0.895522388059702	0.881437768240343	0.883430474604496	0.972783972783973	0.999152326862762	0.987190231054711	0.722230226192191	0.900303445575568	0.534274711168164	0.983755375059723	0.85390260173449	0.903398058252427	0.760250173731758	0.999258733571577	0.966010733452594	0.990529742527375	0.986786395570651	0.84811646405523	0.888725960182731	0.57087768008638	0.713311442283405	0.725108225108225	0.97370823443491	1	0.952310415838722	0.76536597806682	0.764036958066809	0.843506232408524	0.628073954406749	0.812251843448667	0.802099246045434	0.464397163120567	0.988666865493588	0.95446559992403	0.986044769129905	0.72393605043909	0.443204682641302	0.736080253147512	0.766053453661923	0.824396093883844	0.827714498311488	0.863052781740371	0.940942516237947	0.751959544879899	0.995786209775198	0.625086529143015	0.762605306173771	0.987364220793616	0.789135254988914	0.945818808013776	0.831526415419033	0.740590619571511	0.703749231714813	0.948077883175237	0.576018006957233	0.600890507994333	0.935371785962474	0.6927654243658	0.986084267491303	0.978774722624216	0.976493290062275	0.880359612724758	0.904311058001655	0.959908409658618	0.992236746068609	0.959322033898305	0.949453116703833	0.328239954725523	1	0.945596826928231	0.996945207068559	0.989648033126294	0.999698106697719	0.990938583734198	0.878229448961156	0.998928354547944	0.659987856709168	0.829363784665579	0.953749587049884	0.914027149321267	0.798975957257346	0.437525887063372	0.853189853958493	0.444027517198249	0.834012911994563	0.974612129760226	0.985054488842761	0.975201612903226	0.881580592722271	0.952898779793893	0.950407239819005	0.771344566323646	0.912970838396112	0.88772715957182	0.879688872161586	0.756827928673538	0.80505701536936	0.621365787694388	0.982488479262673	0.924328692649598	0.948363755961191	0.995963479096588	0.685566600397614	0.814045599959376	0.98334695545566	0.922281416483861	0.794514677523034	0.897611652565064	0.862980526687519	0.975128378027906	0.699850523168909	0.920379146919431	0.979377713458755	0.99749184850765	0.972848064702484	0.983126812549433	0.897252342351826	0.922736061875604	0.810616929698709	0.934295363831747	0.949632738719832	0.870858113848768	0.941232227488152	0.890018243419338	0.963217553603132	0.925017519271198	0.687405159332322	0.986153569501888	0.900990099009901	0.969571230982019	0.686819830713422	0.850185800899668	0.628121606948968	0.996771347586958	0.897299353366299	0.942395810604408	0.960345704117946	0.972368421052632	0.83947583947584	0.734981857277248	0.983122637820931	0.982969918828585	0.783329210981944	0.941563986824448	0.687085825117181	0.860924969790179	0.939617512862829	1	0.949828962371722	0.987505856629705	0.912856567104026	0.989612756264237	0.988785134437614	0.987003801609053	0.988720921124775	0.96027320880959	0.756722951844903	0.99381799765992	0.529185683401393	0.398049645390071	0.992547379009213	0.831911153038034	0.941610974322898	0.993897579525013	0.954759660697455	0.945771499616433	0.845126001172104	0.974609856769335	0.909786336059087	0.98113763631005	0.459794798377476	0.911939034716342	0.78447563996697	0.95786493804874	0.867017390033611	0.983410708758898	0.980995329360606	0.95380046199538	0.994575622208041	0.908948711616037	0.994475138121547	0.930270713699754	0.924900895610043	0.892648696062886	0.952049780380673	0.940372305201972	0.955650367708977	0.978101116990006	0.949509116409537	0.98011634056055	0.970720559880026	0.884774622426964	1	0.869868715978226	0.37050505050505	0.780158151533846	0.963542906096806	0.255787690570299	0.960213289581624	0.851116812556595	0.941838649155722	0.825966850828729	0.856646273637375	0.903052064631957	0.874379374289645	0.996284172343626	0.993602274746757	0.91673878387611	0.608623548922056	0.983576642335766	0.942301437585377	0.906852960745176	0.784523015343562	0.83457051961824
"SRR5928163"	0.998436020907931	0.839335841844353	0.88328664799253	0.894064151407153	0.671108971162279	0.972952019984495	0	0.983598454210479	0.749182115594329	0.997815075975767	0.750116271344097	0.906529114449907	0.945638945233266	0.707642596234897	0.870688904372061	0.900181189260418	0.964632967532837	0.956501975593552	0.948909445811763	0.959223113344284	0.980139703555869	0.984904900875516	0.703882738188055	0.998655079660666	0.96757559506621	0.8876761536336	0.961982685592678	0.992475940507437	0.99480681346074	0.926768064730885	0.756602097032166	0.87525393123166	0.986164950932632	0.9849389291946	0.950071581961346	0.953630976987736	0.998873080715594	0.813800962857874	0.911970323869311	0.879376172911409	0.966042495391482	0.916999692591454	0.998357795340244	0.89117964445959	0.924057262569832	0.882956750328597	0.922283425137707	0.902334808484664	0.968176475906338	0.968664654305017	0.987884267631103	0.995591476855254	0.951467064059448	0.880023538371006	0.877588510354041	0.868943239501615	0.832499553332142	0.974078341013825	0.931386329324796	0.97088698712309	0.974201592020715	0.970012239902081	0.979447655748234	0.993015938872178	0.930884943759317	0.95286673553719	0.956997040526665	0.956146179401993	0.858601327207759	0.958239807903116	0.912639912639913	0.962258776614684	0.91090542200386	0.842537433585574	0.906757765401619	0.992893498511476	0.942245528338481	0.945870379690209	0.993755203996669	0.823616392057457	0.967392346791982	0.94496978800396	0.996905083220873	0.913156567667277	0.967171314741036	0.610547428032091	0.977956454964315	0.998486711434787	0.992731164574461	0.811364058254721	0.525498535489307	0.999109610640153	0.970644945500334	0.955479199901828	0.998645075285736	0.918170373478808	0.945700695206733	0.987881083128195	0.942798005456769	0.997094255100188	0.923534984436324	0.983624346453586	0.979129786639337	0.949966333454188	0.995239080935624	0.886429819452534	0.834545975365225	0.96871945259042	0.846613393244658	0.789569357281974	0.949803734982753	0.887455924262184	0.92204380799051	0.610001277846403	0.914337846922117	0.987173666288309	0.90507602862254	0.998351365275631	0.965590655388687	0.942567567567568	0.996767001114827	0.960616608652412	0.734464521815778	0.862269927335768	0.946112250606004	0.905981385974272	0.548399404784616	0.921433937962864	0.860178851992298	0.919859402460457	0.97566037735849	0.978259205389267	0.701272055806319	0.741194757480482	0.992937853107345	0.971431801907059	0.806730739516054	0.96706383803158	0.950333580429948	0.963440446411391	0.97289918090808	0.99906048150323	0.935807245867042	0.861470011074627	0.929540860525556	0.995084062530725	0.920994800879027	0.844581164221486	0.763178379051593	0.762702282524203	0.907212431732447	0.91960067742223	0.983160110511775	0.987603305785124	0.816966496121472	0.99738425320429	0.993095850165259	0.980354816076977	0.970619658119658	0.938926962541154	0.850654196308641	0.881326653998964	0.983618203853065	0.825827138901035	0.882798413270826	0.945839874411303	0.998356108085893	0.912479487379855	0.998134596068302	0.768968057322708	0.967909238249595	0.769762944354726	0.757005007129356	0.665156142251995	0.98848421148837	0.962172738283798	0.704929164480385	0.883739991173318	0.928126966370691	0.627052537150435	0.817733990147783	0.989666334661355	0.844087693384125	0.988402195298747	0.979663858132251	0.884636281316028	0.851777294300735	0.794808405438813	0.994775510204082	0.936380692478254	0.983025159139133	0.938444139268115	0.933727768597978	0.834747530950063	0.858927817644576	0.939408115719646	0.470236727189152	0.995073534738825	0.895437455543136	0.97628056125825	0.965105785621177	0.666637913683545	0.880299117710351	0.570890068466805	0.893416346535965	0.867287359949503	0.85735231518706	0.924521035910272	0.953031194820483	0.997692805492248	0.716348337436952	0.999346218281371	0.993952483801296	0.960592711253504	0.827958684853741	0.901422265816577	0.966376089663761	0.854000483442108	0.883192808249361	0.985310851349953	0.945374052675021	0.959395957844792	0.956201550387597	0.902028698664028	0.907127031019202	0.860266950703991	0.998711427602577	0.86465167711021	0.945286143654542	0.999582038086779	0.761139885930793	0.981581695623279	0.95175607873408
"SRR5928164"	0.407422323352329	0.89498183199943	0.866705045007327	0.902156683798453	0.899996407916951	0.948935709842317	0.983598454210479	0	0.462209134476586	0.995935991871984	0.39501676702845	0.770944808701987	0.76316182696618	0.851111111111111	0.46456236137178	0.904868554364635	0.355677425749116	0.608398347015548	0.906964223221256	0.962366645199227	0.586462205233932	0.983116625591343	0.920712228332024	0.563495614820118	0.446709001108759	0.803263052208835	0.706844895137128	0.901831820405501	0.997199359853681	0.573322046735426	0.787696966298435	0.832052774544043	0.893335854199408	0.972802250848206	0.46529086030713	0.296256802470952	0.780496435973914	0.586138295226811	0.918287542532121	0.986182227993238	0.96316335398503	0.829841567646446	0.990258353035007	0.263957212189244	0.920369364475828	0.74475702087516	0.700357347686063	0.831037171822199	0.923568977350721	0.699052489096105	0.918295629255436	0.928445327154364	0.470948134522334	0.419571267948316	0.980985538296733	0.91419486003232	0.68776176914056	0.974846282839575	0.582976241222265	0.437204685328569	0.551646544636289	0.174448767833982	0.772901742646606	0.558658815046268	0.76845620856388	0.859345931655733	0.744090074187162	0.667167632815668	0.29784157438104	0.592686597336089	0.933045415784117	0.786433882305174	0.397880376571396	0.883713544699095	0.745821743297258	0.954495905190486	0.780476008654703	0.62115291234074	0.997941210110946	0.8827539503386	0.952222625799782	0.294838721481238	0.446719134162765	0.324598277311591	0.842907633064303	0.814207392003025	0.941481623802597	0.981356262347998	0.615740674803811	0.565497926046726	0.645594288782389	0.469958245556495	0.464560726313095	0.640744830507193	0.640047227117948	0.655172413793103	0.791334648594635	0.987084562712242	0.956658239102048	0.669030394193348	0.868516765482537	0.972733162446128	0.954289830179793	0.570549125831076	0.996231370981557	0.671415808529647	0.684672692029239	0.429202544331499	0.308601800629136	0.532986838796211	0.567539784521103	0.601146156684829	0.487981701962546	0.667615323191581	0.564018185754492	0.681695514610087	0.836030703782484	0.996806296159001	0.170220551545191	0.819291944586968	0.613846295954184	0.769802524519506	0.640629753574688	0.400247737017627	0.946855084510945	0.674709350507897	0.607934384270839	0.402382168859369	0.564822978684725	0.786961024527015	0.223077461339304	0.818304837744294	0.686625055728935	0.61744703843789	0.965605581598169	0.347592346378403	0.317221904613412	0.957911844649312	0.934616661135081	0.958722523631076	0.986043740958216	0.648157758173326	0.902439024390244	0.452188512748428	0.975162923391044	0.969326016603349	0.604143476976897	0.989924573464332	0.34729736782589	0.844261672782488	0.641507246376812	0.929748790421781	0.433249779510746	0.966786759738798	0.935489034736674	0.89699454293704	0.967674901870238	0.983079143204776	0.734407535944472	0.625328425420931	0.587154954360497	0.909317308212874	0.451605704663948	0.848590288082689	0.705728298652445	0.624444444444444	0.990825426674645	0.841670815754304	0.920970942954557	0.395075140322289	0.592560514199754	0.509911150540909	0.996649916247906	0.663995094818903	0.481956526340297	0.94653295287697	0.966992746389832	0.903796240145543	0.924370383442156	0.905117298609118	0.525827107790822	0.926571400984841	0.856279941678817	0.996459267296765	0.714322084240898	0.536054979997948	0.96672296969344	0.958789860997547	0.404018931493663	0.948503639795093	0.98326763279544	0.852687915639986	0.217803471039965	0.870565145186453	0.47800383251111	0.599615858684392	0.981154025127966	0.980034212474788	0.581006082671047	0.357555484383711	0.97951156012112	0.82804316379296	0.344419571474257	0.964601308552512	0.843635354076189	0.458234737340274	0.554131636097792	0.963973035719281	0.651461491240497	0.435054593218948	0.601142908165543	0.402010554407368	0.996908108999464	0.930883246585115	0.615612063867534	0.345204971248377	0.887888621375484	0.878808735936466	0.641903607561908	0.997031200936314	0.816908324933447	0.482731637163463	0.970294809998879	0.442599161560787	0.900357079093019	0.382857761654665	0.27476574178729	0.993321174445786	0.71219430244558	0.360703904470108	0.907472360401691	0.952196562386829	0.962774294670846
"SRR5928165"	0.156870156870157	0.943121693121693	0.795182503324959	0.919993255490452	0.882777964086461	0.983628922237381	0.749182115594329	0.462209134476586	0	0.983331430528599	0.136587574232377	0.661063402156039	0.720041368766581	0.671477980170625	0.661044257590252	0.908325251390945	0.337822302512728	0.889092321349312	0.851185524126456	0.921114731992359	0.78988791824625	0.971586333831819	0.67901356350185	0.27112505134237	0.392805301356895	0.974549600912201	0.981019911187509	0.905185656019916	0.994261287111319	0.604685646500593	0.846616456834532	0.723915139826422	0.942349345816143	0.960519140582397	0.465649147700036	0.226581133316885	0.638379452118076	0.637354795226579	0.882424185959845	0.909527552178849	0.950551926109484	0.874590684717267	0.980107026523965	0.26901530600286	0.978101031473155	0.545291556390336	0.983952733505963	0.793529554852834	0.867963263101026	0.839328741106103	0.943270841212383	0.85766483067023	0.835498896788429	0.409984038747317	0.913616473616474	0.83433572930419	0.585615175788451	0.971788413098237	0.678070372871183	0.26316438145124	0.314277638412889	0.435924138345383	0.899298792364628	0.584501110345356	0.854910613770433	0.908270480010463	0.601432975089561	0.652224629228462	0.193772072281082	0.951439524919191	0.885562425425751	0.982412060301508	0.419920438905752	0.852146343918273	0.918925440360331	0.912215877281379	0.765652784277024	0.406916153481762	0.995778859119423	0.950047375402691	0.916536137838443	0.219476348592891	0.572607260726073	0.335992554181625	0.751387569378469	0.7653374861686	0.959606868992332	0.954943957385418	0.872691116295078	0.512637543849129	0.309279624366737	0.563936243032693	0.51780171626803	0.96655185292775	0.728677235846292	0.812544789348621	0.660604338353699	0.972683360168786	0.917579378249806	0.545477303070761	0.926125882935169	0.95496417604913	0.979650203497965	0.535057557183436	0.990064870551107	0.636215930785166	0.381786058464504	0.493124152624443	0.284353683126689	0.569540990327811	0.826936026936027	0.351591361182154	0.680471467216282	0.553773523895751	0.794871794871795	0.761617934500778	0.91277578245254	0.986592048501807	0.330964058094629	0.670258723000237	0.340816889203986	0.81095105047353	0.33465986100297	0.115219907407407	0.877964236588721	0.522987087753927	0.385881514053123	0.5637006060335	0.633463626492942	0.794500322967611	0.286962725164972	0.6948127925117	0.268435702356652	0.450218145206399	0.921819246951057	0.256135601200636	0.206692122186495	0.937992347512942	0.867222191765802	0.922546656952306	0.972084438804937	0.41288451325626	0.861750172679454	0.437421501069283	0.935530889113129	0.976958002270148	0.50823565463878	0.983457310980349	0.180154678259111	0.779166666666667	0.508845696152321	0.895328905078209	0.584189167411401	0.941066257877704	0.806510962334543	0.806216301934665	0.958887200911508	0.9686675083209	0.665195094760312	0.798086416168186	0.353539019963702	0.827298050139276	0.160048441583275	0.985073921874262	0.475484701291153	0.656159778524817	0.981259457571877	0.737429615726563	0.850282882124655	0.368725713520032	0.380484610347086	0.429920494392945	0.988512471414136	0.345176750387373	0.202781944633847	0.911780882191178	0.900563345190804	0.916859716859717	0.947958808385436	0.87692202904967	0.763633990340687	0.933823842129886	0.970357039778612	0.99006196656144	0.846628904843996	0.570566056334557	0.926020818997701	0.850439414114514	0.159535509718614	0.929700130378097	0.967139398132134	0.936050030260238	0.554697797025042	0.718880285884455	0.168566749092778	0.715380309285564	0.853326076153063	0.96969696969697	0.518852972614353	0.574983430740495	0.95396624956951	0.843421426541631	0.29084593837535	0.694835680751174	0.978731356780284	0.0866237765649297	0.25405707890319	0.910854451670778	0.596464667130406	0.372784368457781	0.487845460817337	0.162270534427667	0.988300271250694	0.915019564563058	0.466951089440804	0.188609529101264	0.925703305907277	0.736958710976838	0.743202853837254	0.988899275531666	0.711397766653831	0.299918278398257	0.92852721031009	0.30797135737043	0.981297486849795	0.231516056758775	0.275508270391727	0.966688874083944	0.481559447625463	0.414432538814782	0.878986472278685	0.981314647981315	0.928479200583843
"SRR5928166"	0.990540007883327	0.889932185706834	0.960285941223193	0.99638838727601	0.996943640735156	0.997632202052092	0.997815075975767	0.995935991871984	0.983331430528599	0	0.992866314738194	0.972056631892697	0.949606299212598	0.970935865142414	0.998187989997705	0.677861102054125	0.994252653358366	0.992624462200369	0.67725258493353	0.882260596546311	0.995314257153567	0.825986078886311	0.95307917888563	0.985375840889149	0.990109455360675	0.952231068320681	0.989166920964297	0.921868365180467	0.858951175406872	0.982013011863758	0.94784889821616	0.964421252371917	0.999683091673128	0.455347298787211	0.995789946391984	0.992783040144339	0.861018934218232	0.995578090914451	0.969654056241149	0.850736908121668	0.878246753246753	0.961899923799848	0.784431137724551	0.961972531466391	0.951280974380512	0.97826716893654	0.988067921064709	0.962788389977673	0.927492447129909	0.992001279795233	0.927455919395466	0.917264202978489	0.996303780000986	0.988089229837489	0.670458462599104	0.961802902979374	0.988732817546759	0.342281879194631	0.975527925794356	0.98669261188877	0.915612530775108	0.991080247837409	0.989915966386555	0.996924401796149	0.973605490058068	0.845937938562295	0.867949746057204	0.979946524064171	0.992186447527954	0.995834159888911	0.921630094043887	0.98389694041868	0.995892324123011	0.936659695249477	0.982018700551426	0.874439461883408	0.970284770945109	0.982970027247956	0.947467166979362	0.914410303214684	0.893491124260355	0.99258086853299	0.996258064516129	0.9947556114957	0.958561151079137	0.873809826075917	0.92778335005015	0.34045393858478	0.995807010678146	0.996532621258619	0.989525492175669	0.996654324842753	0.99118619170033	0.995958320176824	0.998010746819014	0.984983481830013	0.967320261437909	0.331540013449899	0.79021879021879	0.979849543256314	0.991934069787831	0.847457627118644	0.909529553679131	0.982212666145426	0.775127768313458	0.981470043236566	0.971599045346062	0.989622249896222	0.966970160164817	0.977164400161573	0.99108138238573	0.914516683866529	0.989675110132159	0.988473823080128	0.987235128925198	0.982445874780573	0.992738000680812	0.638095238095238	0.994159560798972	0.901783748073112	0.983079526226734	0.986588128681468	0.991736902991241	0.984808161454868	0.909145972138098	0.980754426481909	0.982257499708183	0.99162912779768	0.986847676511062	0.970873786407767	0.993399339933993	0.963891675025075	0.98560598790903	0.992512479201331	0.558810474922326	0.991407950509795	0.96693008074214	0.884615384615385	0.907979033197437	0.871114480667172	0.815724815724816	0.981898177247014	0.930343926861123	0.996461763457093	0.82648401826484	0.863138686131387	0.984345648090169	1	0.993490148424616	0.960992907801418	0.982730831222657	0.930037313432836	0.982216380260182	0.864095500459137	0.789681235622741	0.93984962406015	0.781057268722467	0.840354767184035	0.974580579562786	0.99180057412479	0.984944676219844	0.940071913703556	0.933081998114986	0.996556918442006	0.980166600555335	0.982878666818856	0.781155015197568	0.959699086512628	0.79559942422373	0.977971237554711	0.984737678855326	0.996348765882868	0.99430794042311	0.983967221875835	0.988288569643972	0.909529553679131	0.999425730847226	0.999115826702034	0.975516449885233	0.99819918015307	0.993113263853818	0.857776505937902	0.976921443235718	0.86254295532646	0.972589140446185	0.993764290168364	0.991722323079229	0.933362949800089	0.990275526742301	0.945680875141456	0.824817518248175	0.982445520581114	0.991145568547704	0.812558928908165	0.990147109134451	0.998200482597849	0.964714568841565	0.789763113367174	0.985858395399265	0.997031926841007	0.815144766146993	0.961328976034858	0.994662111668624	0.96177370030581	0.994639765113303	0.93891722485098	0.977626781571097	0.885670731707317	0.98104864181933	0.962442378901232	0.995420965870932	0.990648136121574	0.930657193605684	0.956598240469208	0.990792462095636	0.963330080632736	0.960243837794858	0.955035971223022	0.993991347540458	0.881756756756757	0.966133584195673	0.983805668016194	0.879518072289157	0.990116623838703	0.987471159175571	0.991797024036627	0.992652461425423	0.979510022271715	0.862479247371334	0.994316236389783	0.99906274664562	0.901234567901235	0.883630721489527
"SRR5928167"	0.230123386753652	0.999783401321252	0.826123477530449	0.962397179788484	0.883636468868921	0.997518500465281	0.750116271344097	0.39501676702845	0.136587574232377	0.992866314738194	0	0.73851423172316	0.764098182383098	0.755338572676034	0.600638045402377	0.991774891774892	0.308506026185728	0.920469196349571	0.895079372059276	0.94837377387713	0.827918147756749	0.9770279971285	0.74100235452405	0.355562892043579	0.487258160743203	0.99425965243375	0.997371834829927	0.922637127032339	0.995239483143884	0.693094964736756	0.872304504642775	0.81310569508021	0.931886913303983	0.97903602325262	0.395494233049477	0.160406142149752	0.69502305612975	0.652895931795014	0.945948110185778	0.926697209496043	0.968022572301905	0.942177722152691	0.983479058982658	0.206055618123538	0.994200053537967	0.617597920920735	0.995990688049664	0.873254654255319	0.902992869794269	0.88707265508173	0.958034335543646	0.879611828252312	0.864719953806814	0.49762842873993	0.932763582453998	0.903088480801336	0.635698434594854	0.995134275287733	0.767759472271025	0.369591814036258	0.40946812523576	0.371692676172299	0.921778917611401	0.510813324806697	0.920360864831233	0.962413975648491	0.70030892240596	0.73997746519827	0.119663372890171	0.997808401129005	0.929648699138834	0.997840086396544	0.340406719717065	0.924893071000855	0.939383259911894	0.930840859108137	0.835925881265324	0.519988904684304	0.998346785957405	0.999799290827591	0.945756371288286	0.167672852848376	0.495137751191138	0.25617353757582	0.804917474902161	0.852167681834468	0.9751214418668	0.968882077005248	0.88510401920906	0.415594958342235	0.360329979654971	0.482572032003947	0.596216766104864	0.997021449432335	0.672547718490183	0.873559389780827	0.75665028631767	0.985315985130112	0.95200815305508	0.60490592131601	0.989975132110662	0.963688077743541	0.986445991425015	0.630662481414175	0.994374393792435	0.723549488054608	0.506352725864921	0.579319743671528	0.227202904622259	0.587671424573188	0.869979822548993	0.465651748207574	0.713318480368045	0.581820821838246	0.854455071734206	0.797326614878578	0.964085141787423	0.996418719450225	0.26559629013912	0.723691706681859	0.421620873416845	0.865456418179477	0.402136908814749	0.0965877748299141	0.906013650617967	0.619290617026629	0.418624048214814	0.62746236469954	0.570751707475238	0.836318151133701	0.214790214696665	0.74955247491778	0.348919682143561	0.506940022921177	0.943013551108319	0.357072364034035	0.301798370154905	0.963817489779616	0.912367816091954	0.945204196328213	0.982443517052813	0.48699442618265	0.937214509628303	0.360276803306262	0.964210427694758	0.980500733588906	0.606010467668411	1	0.047382472431805	0.838942211955872	0.620112120895574	0.932362357397304	0.528467519438174	0.956254142600133	0.855000866701335	0.837517278280644	0.971106499002971	0.981179842369238	0.725611166808051	0.762184891796037	0.467336359831289	0.908058217962371	0.259437612864391	0.99967585089141	0.584722423539643	0.743488226713899	0.984437678217583	0.827067985687224	0.877651028277635	0.422496570644719	0.473055517849871	0.328151844882598	0.997908305971057	0.444209852847089	0.292408879144971	0.926605504587156	0.900654733618459	0.95749282225288	0.987173904437671	0.878301947425927	0.811546372028507	0.948190363407594	0.997756769748438	0.995246179966044	0.882265169816683	0.632553075666848	0.924247939192806	0.886914378029079	0.165435162727734	0.972050784694057	0.978614241189163	0.996229163988516	0.500780773635133	0.794600568361225	0.281747864234588	0.661277866883916	0.835074072455535	0.98061467630548	0.612924281984334	0.519693262944046	0.978309684200468	0.86684741019306	0.353679311920888	0.741870851943065	0.998102905793078	0.182834793147138	0.381203077785739	0.944342937456079	0.689709460426506	0.278221037011549	0.510446856471747	0.158872174084841	0.993080802157852	0.946679179285928	0.532099988987997	0.294501822600243	0.950852726203478	0.827549317471864	0.789897104251395	0.995927272727273	0.801441218859378	0.417525929981446	0.940219945483598	0.413859698949162	0.998422357448727	0.326601790200239	0.169897151898734	0.982791664967581	0.58255383148087	0.31862954162351	0.875497300955808	0.990786841003211	0.951317887627802
"SRR5928168"	0.579506021637069	0.924265072247135	0.310268678689731	0.686684524323857	0.950310559006211	0.717718587145339	0.906529114449907	0.770944808701987	0.661063402156039	0.972056631892697	0.73851423172316	0	0.1999207057191	0.464289459884636	0.889621937926682	0.852707969358957	0.77133856200571	0.746924428822496	0.51369669584863	0.747875354107649	0.751332930247897	0.860580595874713	0.554461538461538	0.587587998086255	0.643705220061413	0.74690537084399	0.932079271362534	0.452816168821519	0.977268114471281	0.397140159179819	0.871212767773321	0.279860302677532	0.98537985375667	0.88623141564318	0.827562932780041	0.719241994491717	0.259134463514794	0.74879883016503	0.703981968444778	0.89453125	0.737780948983232	0.726146071471544	0.932169773899246	0.715137810113722	0.84959289415248	0.27562965590635	0.83941319012378	0.282807852468769	0.559119496855346	0.676568512993471	0.532001887089165	0.574915144658154	0.784011033010054	0.688771291549529	0.821305841924399	0.564871702204554	0.487872448691129	0.841819772528434	0.370140612076096	0.619995075104654	0.499907137992943	0.757774660561628	0.710410635788571	0.883977796594223	0.501441781843492	0.621581533327153	0.426282051282051	0.23991901467859	0.67511166159967	0.780990592141671	0.549618320610687	0.745022479126525	0.77427795847497	0.386866986141692	0.71280276816609	0.712885154061625	0.221041214750542	0.45668335609164	0.985327083757897	0.935932560590095	0.701362207474677	0.614915419648666	0.837166332507764	0.777717127607957	0.341317365269461	0.669577993633173	0.662060301507538	0.885899182561308	0.788831324100827	0.877190409854095	0.632578379982198	0.874817102910096	0.664735419080726	0.909721451559205	0.928447193522006	0.545916591241384	0.146140116019634	0.909230506739464	0.770580296896086	0.302927737349805	0.678872680361219	0.794334069168506	0.739389920424403	0.368341777351773	0.969361015924209	0.397225118293368	0.419319429198683	0.515402591884427	0.745329000812348	0.76607482714592	0.624561403508772	0.46769153855768	0.527457411914083	0.482850447379634	0.557953488372093	0.369455840235312	0.71456737696216	0.97761790567546	0.699703895931064	0.212338754907459	0.54180829367777	0.53546628593679	0.60358680694278	0.692458723784025	0.616929460580913	0.202005259697567	0.570950344058025	0.718058157030123	0.87854909318324	0.318773624527509	0.662422967637182	0.236785458024396	0.551470091247043	0.721765652800136	0.806548966349781	0.580890436057164	0.653337189963121	0.732835289932408	0.606632736824824	0.739329000526963	0.877794911333847	0.466136750750264	0.609653725078699	0.812478617858365	0.837904360056259	0.793784277879342	0.46073373459444	0.95225102319236	0.728042019258827	0.300740740740741	0.372128637059724	0.579625652040503	0.873491721175611	0.783269265971078	0.641364433059188	0.439420803782506	0.891182409692618	0.882865807429871	0.16301703163017	0.928472476552921	0.511168831168831	0.488439726624982	0.623569794050343	0.741048664227913	0.322275278545698	0.444080700418729	0.936009538950715	0.382658102766798	0.662661037133268	0.629882773693622	0.514374683177638	0.84679690249912	0.991436203645506	0.526056022049869	0.612385054126411	0.615716180371353	0.975639382997487	0.667921146953405	0.679441782961883	0.968224660240033	0.744523035748423	0.824870192730793	0.977626147034288	0.968926553672316	0.773851416197062	0.673854163002568	0.956482612328855	0.73977358490566	0.683216324056771	0.768825622775801	0.882602001539646	0.757228444907528	0.822767632119732	0.40601426061796	0.643899099478646	0.911761827399244	0.942272561198392	0.931443638760712	0.442226820639477	0.871824182307607	0.860394537177542	0.890418245894009	0.73604311008468	0.803808146541335	0.953891141279012	0.635685571753766	0.542148157158497	0.713330988392543	0.43217511595736	0.778080415045396	0.740924270171281	0.695326724661137	0.985907095235514	0.659301130524152	0.548124848778127	0.658712518347662	0.56327482508899	0.436575875486381	0.667939191492263	0.970197341925091	0.297240899605843	0.475665001742363	0.733760455597081	0.507953557362795	0.987066072844854	0.703417251992739	0.667433135665013	0.931407942238267	0.398207205654198	0.755270994639667	0.916781691081526	0.867626886145405	0.722761787038672
"SRR5928169"	0.619716191144763	0.988861086447655	0.329253942104024	0.756543624161074	0.962043904161787	0.751343900758098	0.945638945233266	0.76316182696618	0.720041368766581	0.949606299212598	0.764098182383098	0.1999207057191	0	0.554341226472374	0.882311261456881	0.958654340010272	0.82809863724854	0.697092183955455	0.578139722708305	0.820850708924103	0.740560259167506	0.869245925129859	0.585221907459868	0.646414741621044	0.73389651531151	0.740169926891919	0.898013395391077	0.476257772752968	0.985210466439135	0.505832729190009	0.775535091039065	0.372943940919772	0.988883868430521	0.909716908951798	0.867211895910781	0.785766393774824	0.346200731409996	0.733509303107937	0.797185430463576	0.880529777457429	0.784982361834369	0.840609840609841	0.936537390981629	0.760596241088788	0.877780906786821	0.387421491869569	0.720414959016393	0.327925045703839	0.632622633069927	0.663627843571611	0.573814494482553	0.600550964187328	0.77268613557601	0.748930099857347	0.804250852794542	0.652405180388529	0.428967505822336	0.869350049488618	0.443688993604847	0.697462715475499	0.571272727272727	0.746393915552059	0.718646387032261	0.899274657892769	0.399653979238754	0.569067720495779	0.555519134639023	0.270879436111794	0.732271211559837	0.71154495710329	0.656970610399397	0.677985344204768	0.767932489451477	0.500743678730788	0.583556610273291	0.731968971777521	0.314309605937075	0.591691921058467	0.994670727065093	0.990536277602524	0.771776716614523	0.656842696178676	0.813201616524472	0.817723494283228	0.430209858467545	0.726147007461502	0.714072970960536	0.870075574851262	0.763822694159773	0.887619984336011	0.702562108026642	0.893048128342246	0.748990930243601	0.88040999148141	0.939126244779955	0.459551325628824	0.335194930727097	0.91430412371134	0.813864541832669	0.317057131113851	0.636415963161934	0.804599688742867	0.789622197836652	0.347288169598074	0.970233609645818	0.526061173533084	0.529654224868331	0.503728813559322	0.785667097515439	0.750668960244648	0.573393396271625	0.558749770628173	0.465011169411398	0.54410918788893	0.480573093734823	0.407507914970602	0.69026156346978	0.953279760792375	0.686817524009999	0.302958324335997	0.609892536434565	0.468266057374968	0.668182215615983	0.726413850683306	0.664783427495292	0.290291650019976	0.634866163349348	0.707480099653643	0.874864565301319	0.155100800324182	0.652845587699483	0.393041681019635	0.598864086646414	0.762200976913121	0.798107255520505	0.570674962802651	0.627352258525263	0.802647009549338	0.698664181422802	0.803973509933775	0.905329719963866	0.538971284316819	0.75491593046452	0.841791361562135	0.861474730737365	0.80952380952381	0.579109277773894	0.976493318306231	0.755646003673955	0.343676635704808	0.51189677034385	0.626219956300073	0.898891132603536	0.814457831325301	0.631633178773828	0.468728039353479	0.893532015980996	0.922817001600569	0.186593861796272	0.92309585625928	0.613259668508287	0.615448504983389	0.679795657726692	0.726729291204099	0.460436339954412	0.58225782524848	0.940137572039413	0.501598957716451	0.660475792988314	0.590937597993101	0.62658943204295	0.864201034866712	0.990156183389528	0.617256082267369	0.676650122653888	0.641323091393635	0.985771954205546	0.733901103676023	0.736455925218615	0.981416759014577	0.698588785752019	0.82869342442357	0.994224807847467	0.982651329436168	0.76312707398009	0.727550736725049	0.961395158770222	0.786288009179575	0.729177007842748	0.897449810092241	0.918094894461483	0.883115264797508	0.813976775982592	0.476855546687949	0.726623913942904	0.899302609119727	0.933210744073028	0.935231241401207	0.540970772442589	0.9030869286434	0.91635522334935	0.817255546425637	0.783377003229541	0.808675534991324	0.936740890688259	0.673335238639611	0.631067961165049	0.804077573346594	0.579930357708136	0.80171225189983	0.725232797033005	0.737263283463393	0.981166205575654	0.730414463165662	0.509899105273177	0.717509920634921	0.527666588179892	0.533076827603326	0.71170624894728	0.981931112365895	0.413351164604926	0.536350697409621	0.751927589674824	0.482460548798874	0.996524993317295	0.76269998832185	0.635502864417568	0.93746607317338	0.531006778809942	0.725882040852418	0.913266320556722	0.899983816151481	0.783361064891847
"SRR5928170"	0.81350250141833	0.807520067596113	0.345417925478348	0.661446419144818	0.894112123204057	0.84569467243695	0.707642596234897	0.851111111111111	0.671477980170625	0.970935865142414	0.755338572676034	0.464289459884636	0.554341226472374	0	0.907990983116345	0.748133812551839	0.834203396550585	0.766831286142417	0.462109090909091	0.741959198676714	0.873186102435114	0.854841916882084	0.184137408436474	0.810316139767055	0.740754150933637	0.752926421404682	0.934745119679934	0.597976080956762	0.979237288135593	0.643614474314249	0.804451715675722	0.342240248121198	0.989457370834991	0.835144624644708	0.910342748014876	0.847512437810945	0.610764262648009	0.789965606868125	0.680351262349067	0.774490279753438	0.729949990739026	0.697680157946693	0.929265770423992	0.703095096680525	0.664630421502749	0.479627789321529	0.844509361306599	0.404000975847768	0.547537786445636	0.742233856893543	0.686931079323797	0.563545150501672	0.830700127377148	0.683666235769985	0.699207696661007	0.488757104027675	0.583752860411899	0.835875090777052	0.587161736941473	0.772713702856006	0.745516116894519	0.842505854800937	0.714208272347807	0.946050096339114	0.607715736040609	0.720604914933837	0.684264743754829	0.606593972696832	0.653124527159933	0.774299950873745	0.536260483473113	0.751286261631089	0.78758234195261	0.538461538461538	0.66456151570869	0.704268846503179	0.369799178963719	0.605703275529865	0.98468085106383	0.841745081266039	0.690161261098025	0.794135739183925	0.927566266011408	0.779852909762275	0.463229521067783	0.462636997675191	0.736406427527999	0.881729920564872	0.873062767582184	0.885370475997718	0.643367474394204	0.916981286096202	0.755864423311387	0.907972207495047	0.952568987414848	0.618536309692003	0.47676144798447	0.905907322249735	0.682572976752316	0.687882180690724	0.789868287740628	0.786192388602027	0.733562231759657	0.66761580665324	0.970551114850652	0.492252487359321	0.541563720411254	0.683046023307019	0.727737077143107	0.796716866011331	0.748830798011126	0.57062361506806	0.642685209949184	0.497657385965857	0.646689282573188	0.607300188797986	0.683050847457627	0.97665207421305	0.846566164154104	0.485989894350023	0.787599754450583	0.699250098671227	0.6415770609319	0.722199702742873	0.603300103128223	0.529805200234094	0.572883902164218	0.8168108776267	0.883024215291624	0.457336052377375	0.780083296147553	0.54653586756591	0.576501233890869	0.833411684260011	0.802180685358255	0.726797687861272	0.708571636734545	0.722622345337027	0.594833446634942	0.703973751367116	0.87271632202369	0.729087609305395	0.48019801980198	0.80653336483323	0.780332056194125	0.789473684210526	0.603462069968725	0.936008485062754	0.725384982910066	0.500595044898842	0.587956119193963	0.59657740453177	0.92912343470483	0.774733637747336	0.457697642163662	0.560737692424935	0.848397840817733	0.882028013414875	0.60409217322209	0.955532517245504	0.525570986638584	0.440779610194903	0.792860522580306	0.747447243022464	0.52003410059676	0.586014851485149	0.933264248704663	0.470401825326404	0.689258028792913	0.697892459331677	0.660785178650198	0.856925014917457	0.991841261040041	0.53813173963882	0.759764359351988	0.607210300429185	0.925596927700785	0.662558203231991	0.814582224587547	0.903644597800302	0.640511792816402	0.715489422732162	0.948135097971812	0.970098968203832	0.871333168439278	0.728155339805825	0.934035686403915	0.455593642879402	0.849224173131891	0.719859196245233	0.881739827620766	0.654397001740062	0.885002433090024	0.383738120380148	0.816207006708551	0.925586686410842	0.852642140468227	0.91141090500281	0.599702179504535	0.907275452980696	0.85705824284304	0.838639483110709	0.738378579397546	0.407984179953034	0.953132526706526	0.661350293542074	0.634739759778257	0.702500456287644	0.583843734481046	0.884242483596122	0.78334461746784	0.860669562995144	0.986843547856595	0.664511020192688	0.630657933326816	0.67374566376174	0.708564231738035	0.356524057043849	0.71871889052899	0.971422567766338	0.507542463475472	0.730292163893951	0.726533628972653	0.685173697270472	0.970298967558839	0.664292818778596	0.852656415263201	0.93346424858496	0.674945151382185	0.891648937764061	0.851624879783498	0.694933333333333	0.715909090909091
"SRR5928171"	0.696419919801256	0.988888267844168	0.92545930531532	0.861438878025757	0.809926259886142	0.95298917232955	0.870688904372061	0.46456236137178	0.661044257590252	0.998187989997705	0.600638045402377	0.889621937926682	0.882311261456881	0.907990983116345	0	0.96551724137931	0.686891719036761	0.646987987484084	0.960684064145807	0.981290858525662	0.446339598766246	0.991167467240983	0.924220814141083	0.787927512928599	0.770775530411643	0.970638161214846	0.430324248003897	0.956240640821468	0.998639786252125	0.784906601329156	0.839360615585987	0.913514644837971	0.896398911927366	0.993038360785158	0.591486679839204	0.623176724985257	0.900080543090553	0.422257559913231	0.897474922172259	0.95286111268644	0.982293209988075	0.921118939853483	0.995852283063489	0.607434723792228	0.988998194088014	0.859215911781619	0.910187522927861	0.919037964063483	0.96445155360319	0.710443604535508	0.964475003581149	0.968516746411483	0.697292614959671	0.716616962431472	0.967905724541848	0.919966399888	0.730473186119874	0.989125204503898	0.829440497818779	0.684807302646391	0.777526024410576	0.55939442341748	0.770660060166342	0.638474854087838	0.881422201897794	0.936281179138322	0.879823903034648	0.843548007662406	0.600003844083955	0.859800367915184	0.966141384212853	0.963829174111002	0.538730727616987	0.943171940705241	0.852411543454382	0.980054135338346	0.913474080315815	0.829769854848502	0.999125364431487	0.989787011173184	0.979432035506802	0.61719523552767	0.56979273036239	0.61760682676716	0.940794257699796	0.923090649536046	0.964263973932037	0.991955334093774	0.814938627606094	0.527282922504528	0.685706969836636	0.628497642571137	0.776672611464968	0.527574323311916	0.713109663277111	0.793148535564854	0.905229401345266	0.994956408963182	0.98476140195102	0.844291782004012	0.882889473082638	0.98650557037502	0.975840373898975	0.788761016746541	0.99803336004079	0.867581940766783	0.826765889959741	0.739321079373656	0.527337081363234	0.445956172953701	0.693708964291914	0.792752769897768	0.721704822717126	0.798958300845211	0.759370523209818	0.906788292078112	0.830353200883002	0.99864105706347	0.535219130920257	0.918056713928274	0.815381900013237	0.773114132425503	0.64666800080048	0.6524448273444	0.972338742539371	0.839318605507864	0.701701357649033	0.534442625931988	0.550529667075488	0.898363182534479	0.588276944274342	0.927018361993588	0.784964428249176	0.803858680050288	0.98436458829129	0.677666381177893	0.572155970724558	0.981911242247245	0.970923548572523	0.983611291603494	0.992324548128957	0.833790198569232	0.965748537177109	0.55337773089281	0.989988086785959	0.985545889989503	0.812518469065	0.99771845767739	0.57563269705902	0.921577656769856	0.8364373901606	0.966972870572256	0.567899940083883	0.985713596216034	0.959094659908051	0.95493044748815	0.990176885563034	0.990204259333164	0.876858863242405	0.62261901829914	0.797980886298256	0.952402420215921	0.720222265911984	0.969988661869172	0.844006715165081	0.87273048548836	0.99609436594093	0.924569343577869	0.96403923831506	0.607323207705356	0.82370480805069	0.490009685111786	0.997569724601192	0.769604575655278	0.749056504043554	0.972173287794356	0.867122391098829	0.867950729906405	0.893811411825547	0.817953060730704	0.636026571914105	0.978958277011805	0.953593634225702	0.99793611674295	0.832884371029225	0.57517809565201	0.883478889775052	0.964397058473548	0.692877422540427	0.95404912480163	0.992131607936181	0.94215604470508	0.465653707508043	0.923504420714204	0.733926682019045	0.481911677088496	0.847284226190476	0.994197537999191	0.781154620429898	0.56367972898041	0.990711737316321	0.850592142597985	0.576004659289458	0.925213799862328	0.561004574837047	0.689516622476035	0.757370411805445	0.980866195742428	0.87371519029676	0.682096570071961	0.545820419922301	0.693347738848588	0.962967599257266	0.931617310468678	0.677929810966782	0.667147287127931	0.929008882655446	0.933296523853718	0.573287369673352	0.997912089246046	0.912714001789886	0.740867157696738	0.981982849985548	0.698052885607029	0.962916018272175	0.685270789742592	0.610222891919923	0.924174461328048	0.863259001291917	0.540349391403061	0.420506658165142	0.991302780947805	0.980933121479128
"SRR5928172"	0.988782885226944	0.670670362385792	0.934700854700855	0.828300258843831	0.934233934820434	0.941827653570653	0.900181189260418	0.904868554364635	0.908325251390945	0.677861102054125	0.991774891774892	0.852707969358957	0.958654340010272	0.748133812551839	0.96551724137931	0	0.887334942496095	0.910543130990415	0.663250366032211	0.846429638482223	0.913451664955259	0.937308347529813	0.907623626373626	0.98507704785077	0.791055165612855	0.808937650521809	0.949803125830374	0.948509485094851	0.962680883472963	0.760798403193613	0.915392987271093	0.704245508029893	0.99148078654427	0.534859789040391	0.96191183491592	0.847271406519568	0.895497498610339	0.96277260730657	0.722348916761688	0.839545615903443	0.886838124054463	0.500831946755408	0.932871214885078	0.834892953353183	0.711719802424787	0.902841225626741	0.900370141887724	0.775557011795544	0.875831485587583	0.823201767021992	0.925579103006407	0.952650540401441	0.916352127534873	0.825924064513181	0.73059911540008	0.789666666666667	0.973222409983101	0.669595782073814	0.660194970099123	0.836147522772717	0.87395321975166	0.930612705033538	0.920503883079557	0.990756038077256	0.81253223310985	0.721894885694084	0.606279434850863	0.698314665550089	0.929915372607017	0.714849856026327	0.81389515926762	0.822752449936089	0.969992225965276	0.712915129151292	0.886893903024484	0.922017003811199	0.739268680445151	0.774469258340226	0.972371450498849	0.73604826546003	0.851678832116788	0.851509577856534	0.993206102155519	0.951361043194784	0.775054073540014	0.509346733668342	0.902630931890829	0.643237188462615	0.970724231775306	0.994947851880203	0.85826683778807	0.981452661649647	0.806202813535386	0.884894644815221	0.988404562449714	0.785441883601393	0.776977337535645	0.603370786516854	0.650399779432038	0.978144373226857	0.751800411522634	0.937480063795853	0.845617796837309	0.760260056887444	0.944360902255639	0.649095200629426	0.815364010331962	0.804441217401827	0.899710883825038	0.935880432564783	0.888577858279818	0.75666009780308	0.947593518462743	0.862822458270106	0.791521990740741	0.901488039178753	0.708800293955539	0.915649278579356	0.879377431906615	0.823707287571817	0.980618028890108	0.906469331705829	0.937407297537823	0.95782982744045	0.904403866809882	0.85993716428499	0.909095642213776	0.892618780149342	0.940012105757962	0.870967741935484	0.883861601742076	0.815212011219271	0.983672162638066	0.936540718141281	0.692556634304207	0.891045005376069	0.861892179674252	0.847034025895815	0.817414248021108	0.804245283018868	0.898164184274333	0.981651376146789	0.528146453089245	0.964333100951267	0.687038677295542	0.94193751972231	0.693865293865294	0.804097670502386	0.968305793350587	0.846132326199468	0.632679617064783	0.803651885226464	0.931606140579118	0.908285895003163	0.679437060203284	0.955674949630625	0.735974595493724	0.883025210084034	0.928768497617256	0.975377328651025	0.76150851210016	0.690122377622378	0.902877060317835	0.824702380952381	0.817351598173516	0.65829795089533	0.932625411937019	0.581363244176014	0.816320645905421	0.955738278516445	0.875738616614529	0.986235662148071	0.974260418916001	0.781052631578947	0.930918621060413	0.946395068346288	0.944529033151083	0.831132181961847	0.870976578550883	0.926596801879122	0.850423409071854	0.7837122048113	0.885489313835771	0.942749529190207	0.877973706176962	0.884644825474587	0.97539192010151	0.770120259019426	0.986169847982627	0.716765453005927	0.889464594127807	0.359866096336247	0.912380024755991	0.706616052060738	0.916586768935762	0.992490763639276	0.940444508379486	0.766504925746214	0.772712933753943	0.922020909948592	0.818916189835072	0.933614141195954	0.889838934181746	0.887276971819243	0.956401121364327	0.922162869290309	0.766918888338873	0.813293943870015	0.646575891069283	0.95325694663443	0.916338893514398	0.989468261690802	0.923210304681694	0.883275579062557	0.962317577869745	0.808206461195693	0.867943893260349	0.669439822518025	0.876835447719791	0.940712945590994	0.683162055335968	0.801970905678085	0.944544906570223	0.825623188405797	0.936249278127903	0.844190790330281	0.991817858413376	0.913454213012342	0.777228255026341	0.993414111704338	0.926273552807565	0.714528462192014	0.87150505651398
"SRR5928173"	0.326704193220423	0.850242577731669	0.899175957343674	0.937097573055968	0.961015326961703	0.988422157096856	0.964632967532837	0.355677425749116	0.337822302512728	0.994252653358366	0.308506026185728	0.77133856200571	0.82809863724854	0.834203396550585	0.686891719036761	0.887334942496095	0	0.866768244863206	0.897458023226549	0.947079115963456	0.810004026822137	0.986213270689722	0.894649293041309	0.447995022905944	0.328747734101463	0.796171245000983	0.872076238960716	0.938310269482884	0.995634889703017	0.701380881401693	0.983742782746519	0.820333549333242	0.897269013779322	0.963371596270292	0.453847927026048	0.241289005282081	0.746195580256716	0.785555762617107	0.912340255591054	0.989899310739129	0.972206401640278	0.897321121134908	0.986730299150274	0.190851611896027	0.902495816051808	0.701377823601087	0.677722222222222	0.868272926963207	0.908825809309365	0.688540289114871	0.961757105943152	0.902370161230403	0.61438336352703	0.352924152363143	0.989216596443619	0.915472581978506	0.768025404758186	0.986841110186796	0.651806237407418	0.402768301003996	0.479069515236959	0.183716717366784	0.780068554018027	0.564675943472846	0.900870469013902	0.934196332254585	0.691226562739743	0.724781341107872	0.269979313547516	0.766504675022025	0.936267071320182	0.804941309480265	0.44071922365389	0.905946857865879	0.905043800639818	0.942139696706123	0.793062001268739	0.516527585291776	0.997191668616897	0.837556483441057	0.944135767471747	0.246651810339121	0.553159695551987	0.134116595602063	0.794751574527642	0.770905342307926	0.971438060445035	0.974814870503327	0.612608617092922	0.575889595813354	0.577466852245257	0.301448405038677	0.365634727215694	0.82037868780273	0.545003161379105	0.86288254402462	0.754369422461694	0.9852587244284	0.936456731310252	0.665734738394421	0.935666060763438	0.976000305728589	0.976534768150058	0.637094263802813	0.994628678187763	0.648253012048193	0.593370165745856	0.515912940165323	0.299443830504176	0.715199228791774	0.837822113403311	0.526747066670296	0.76353039134055	0.575973878046928	0.852995441719123	0.597800891530461	0.905831711775458	0.997124538566155	0.327242655745452	0.771571206908183	0.507388872534589	0.855118981737687	0.596930047621249	0.263809369277485	0.931753625355061	0.667406304142983	0.562868439120244	0.582423355473001	0.638323020232219	0.864683523384565	0.265147397031152	0.760010999209432	0.603952035129201	0.535196337145048	0.95153154470356	0.358409886521157	0.451734898427329	0.958714377869692	0.910819476549101	0.943687556766576	0.986882209961804	0.565698729582577	0.880446682723889	0.466955066000978	0.952609864112949	0.983741078584787	0.602098768991265	0.973604060913706	0.325274679626976	0.857261190815414	0.587700867094789	0.92674960549011	0.561102579452875	0.960907077956784	0.899246838141253	0.867195170733481	0.961747343565525	0.978005921482678	0.759207895246081	0.658750931095515	0.48780825330049	0.903288901767604	0.344327936134538	0.869924710943802	0.637014815721807	0.580818520049607	0.987501455575826	0.807264023311479	0.898358248798719	0.613517517866481	0.482455124493341	0.511716802393219	0.987788771732306	0.638995926456017	0.360430459209242	0.9528453461869	0.970851685059633	0.945313724875357	0.967230409125375	0.964283591846437	0.792645992407115	0.919424191437652	0.856257965086986	0.993615447502628	0.851681658193195	0.691700569568755	0.966305523221776	0.950504459716333	0.26873920552677	0.93507710044675	0.977012380915648	0.907775704882256	0.316996943841356	0.851420678768745	0.343101711983887	0.736276432157124	0.98855187064794	0.973586297053598	0.65440188172043	0.350104709946778	0.970003461139099	0.980397173729064	0.441867458557306	0.95914430397189	0.94298513986014	0.351346125960655	0.465633658838404	0.950789264488776	0.575469412477286	0.380892361986388	0.650208250522787	0.264202651655433	0.994844308320572	0.939680869717692	0.66890520823268	0.297963029432879	0.938638409862179	0.840371294961499	0.829315544548523	0.994084912635716	0.773273835882413	0.443569000500672	0.967210626185958	0.476441090313291	0.889761019028884	0.250103097258698	0.299033391915641	0.978915357323872	0.62873844060248	0.413341680322587	0.950006854636019	0.94503632872793	0.958854285064787
"SRR5928174"	0.838824365963498	0.888770135124819	0.770385977495853	0.718605464650783	0.945509407170749	0.808013672616787	0.956501975593552	0.608398347015548	0.889092321349312	0.992624462200369	0.920469196349571	0.746924428822496	0.697092183955455	0.766831286142417	0.646987987484084	0.910543130990415	0.866768244863206	0	0.837272812882569	0.92456069480913	0.569862688457125	0.969265676567657	0.864099456936403	0.89161774412061	0.836360398860399	0.797334001922193	0.459570643343589	0.826574096241321	0.994130901849814	0.816851839072528	0.681511040170258	0.782994812274686	0.987618251794744	0.951533621706646	0.919348584722761	0.88748278460619	0.825307571978185	0.549302219171814	0.765432624717761	0.899389754295809	0.932901528185406	0.92308719455201	0.982185644337952	0.852336071996239	0.846205346468366	0.777603019817553	0.639898045879354	0.7242143522007	0.854844999025151	0.663439100930719	0.854935413112357	0.871405397434007	0.595479767221545	0.854579595243063	0.932527646866688	0.759807632364074	0.59582953867412	0.954707865733984	0.690482835612615	0.795536983836801	0.828697746543931	0.608463774812761	0.665711673270344	0.949391539501642	0.612191797794573	0.784869502465622	0.8577579578656	0.719492502883506	0.839064682957916	0.703690759122047	0.880258266484054	0.774023321133714	0.842679891728886	0.782419893038351	0.490101220601369	0.916549224884236	0.680783709787817	0.820762308874095	0.996223049887216	0.897361840019725	0.913992556080877	0.820171363683287	0.826111025680455	0.883518628532632	0.795682799363781	0.79081304199644	0.854122003508088	0.966546834431795	0.625957572186211	0.952730236348818	0.891325847925999	0.923615933337542	0.843179993116898	0.375298804780877	0.951175066601963	0.427469406360672	0.800259515570934	0.976819703252236	0.916251742680741	0.762916762916763	0.675648908513184	0.950592078399347	0.889241133346543	0.684722898268549	0.9919443427316	0.796431924882629	0.858714232627276	0.5863448944943	0.860850608752879	0.413563280337735	0.145172453570193	0.823728363949864	0.356464395910218	0.755617636341552	0.595389848419801	0.720258541089566	0.681161540430823	0.994154488517745	0.660688032931491	0.82133414242989	0.885088519802884	0.574902756637916	0.763160046888204	0.899141278783569	0.904960110995491	0.745175505242364	0.798452220726783	0.205573272264195	0.901642828300002	0.649070945945946	0.751108956490122	0.818278710365041	0.891540879416946	0.870081033843546	0.936582784006159	0.664499277536957	0.625914765389582	0.924057033067044	0.880871240183731	0.925638571212656	0.974565756823821	0.861128940909949	0.856532385845297	0.88687545138205	0.937512598266478	0.939875675124834	0.831033010813887	0.951248751248751	0.893149235062061	0.726171312378209	0.768885949441505	0.848311889329593	0.946942202866373	0.939854222947143	0.859453947063459	0.843433377939209	0.945383615084525	0.958316179497736	0.720928328762638	0.752557993102363	0.814250913520097	0.869918699186992	0.870357057272945	0.789619018854899	0.807764534549496	0.783884797185885	0.98321867834063	0.828330037749416	0.867225238319155	0.495689326314183	0.806901483997854	0.937764208548614	0.979804099767747	0.875659508687032	0.85544706107601	0.902714483851793	0.982815509137678	0.71527887501975	0.716390268541123	0.97872655722589	0.356900101709211	0.880794701986755	0.949956491043722	0.992046881540393	0.757122260142719	0.787014206880357	0.935763137390702	0.926567537654588	0.899572964217346	0.803503139606251	0.96641174038859	0.897224512228634	0.672944111472816	0.808081231905341	0.86984462211495	0.723141987724999	0.960508777082439	0.966377160546909	0.839997254350139	0.911600432786502	0.959851760345892	0.75231722204639	0.814501082970556	0.939520798076067	0.792783565836718	0.881504468005632	0.869468592718478	0.935087188791452	0.793079977311401	0.912570006222775	0.753275620028077	0.90804055647253	0.893145223125288	0.734639927073838	0.628212860055714	0.841004184100418	0.706586557862171	0.837464556846245	0.767692095461443	0.992678590105638	0.798349574225266	0.788423535411487	0.94558786346397	0.718456107040081	0.968411524175173	0.862777862170236	0.819283605084093	0.81120764552563	0.85635530708906	0.851013909837439	0.854995429461354	0.90384230538323	0.931177153236793
"SRR5928175"	0.837387812942844	0.848006821573225	0.421234747769077	0.822730842589476	0.96621515199244	0.821092278719397	0.948909445811763	0.906964223221256	0.851185524126456	0.67725258493353	0.895079372059276	0.51369669584863	0.578139722708305	0.462109090909091	0.960684064145807	0.663250366032211	0.897458023226549	0.837272812882569	0	0.531459170013387	0.908082784795114	0.716614906832298	0.500091491308326	0.820566368724417	0.831398104265403	0.824033731553057	0.956917978458989	0.414598181371344	0.956771063078959	0.723820483314154	0.913256955810147	0.439797639123103	0.993962575546747	0.523242630385488	0.932089012666363	0.886278672635806	0.514114377651017	0.906779661016949	0.699263932702418	0.810924369747899	0.505091649694501	0.696336931516546	0.856423173803526	0.841237927691811	0.729426129426129	0.576833797585887	0.910064239828694	0.421758050478677	0.247567567567568	0.830556505594371	0.553392808867261	0.389282676495605	0.912568564403253	0.852842809364548	0.636836403033586	0.555397979081723	0.785452851533906	0.467103109656301	0.699358541525996	0.821592519127232	0.714370414288891	0.896762804999573	0.783918969613605	0.955075765078736	0.606056509395701	0.657930355604774	0.653327533710309	0.663476180117468	0.844806738106159	0.884367582231265	0.356119073869901	0.839568991319964	0.904841620674322	0.487057893696898	0.80648369132856	0.458715596330275	0.473170731707317	0.707470062725718	0.967957276368491	0.876803455723542	0.442270058708415	0.848531825642896	0.941261874144439	0.898337511545059	0.435343996916554	0.593577312063393	0.635922330097087	0.566002490660025	0.913145539906103	0.95228919377216	0.843411912082906	0.945690470052419	0.842676711721693	0.956685837526959	0.969247953230272	0.716141160386226	0.509200507614213	0.607622617931896	0.460220318237454	0.698405765450972	0.841714979102063	0.592939481268012	0.620996441281139	0.721245605223506	0.931334202520643	0.685798756244265	0.723201902120071	0.785873330034636	0.860978370221328	0.886843934206801	0.806494960806271	0.668565432468895	0.792390099741411	0.769545793000745	0.753286297809135	0.690223218637294	0.846299990500617	0.886518771331058	0.887140927838814	0.466666666666667	0.793931373475754	0.758098674405836	0.83278804046912	0.859848101265823	0.358098068350669	0.629575094657131	0.79562818336163	0.880496204901862	0.942786906456204	0.47465034965035	0.857850157535087	0.5152578042792	0.802224969097651	0.860402940895636	0.497353163599698	0.819111203838932	0.842307384590767	0.492910195813639	0.339551151267852	0.457962413452028	0.749208860759494	0.721170751887475	0.396160558464223	0.916160333726308	0.614266842800528	0.641281138790036	0.727160056657224	0.887016229712859	0.863790596219098	0.503681885125184	0.666923076923077	0.411093831000518	0.93582427451494	0.577595433464146	0.360521336977086	0.44157740993184	0.688519347617525	0.771406727828746	0.590282337491792	0.965691138911031	0.756828885400314	0.381550865544226	0.770038628681796	0.841219933972646	0.627681362509432	0.695847255369928	0.86424957841484	0.48270787343635	0.552683594343926	0.83870251055321	0.745268633958203	0.937003458267128	0.988857694332339	0.788578935167298	0.79369232888032	0.384934756820878	0.988857356756098	0.816470588235294	0.821377124747911	0.985153812874286	0.842604809533943	0.658968171894749	0.96461862965231	0.93815331010453	0.888353477104563	0.867980907291707	0.963808335249105	0.592938209331652	0.861952272594667	0.665979381443299	0.767350157728707	0.724990035870865	0.923633539103062	0.408009120706855	0.849102823197991	0.965011354729798	0.939301198673808	0.765290282520956	0.730379027676325	0.944860211718174	0.714395099540582	0.924137427967029	0.875968472245514	0.728272437034409	0.975399609564209	0.773280702729749	0.785517341459875	0.521480502313285	0.702772873610967	0.874237047551455	0.903631933163147	0.875058438522674	0.938944835011717	0.57728337236534	0.8154956956401	0.798819919754543	0.628212137780208	0.454257425742574	0.861383911837469	0.933217692974848	0.508548441166611	0.783074598159088	0.559986481919567	0.803327215676988	0.98015007251403	0.863151397583987	0.875276786117764	0.919084461637653	0.623350480876761	0.910219922380336	0.962326660040702	0.686633039092056	0.483849483849484
"SRR5928176"	0.933814991613985	0.958480120785103	0.732314518116835	0.925123679636315	0.978281129705418	0.895522388059702	0.959223113344284	0.962366645199227	0.921114731992359	0.882260596546311	0.94837377387713	0.747875354107649	0.820850708924103	0.741959198676714	0.981290858525662	0.846429638482223	0.947079115963456	0.92456069480913	0.531459170013387	0	0.95311532268054	0.644483362521891	0.652195484991317	0.902818639081332	0.908714230221417	0.974300299243091	0.984597515402485	0.592409867172676	0.865546218487395	0.869176295191949	0.985522233712513	0.687722419928826	0.996984816396856	0.722063037249284	0.959397365562951	0.932783077151189	0.812326485285952	0.954564060581253	0.739996170783075	0.953139080805047	0.492063492063492	0.667061892340526	0.639240506329114	0.946856429085128	0.951146185644495	0.783625730994152	0.988903803131991	0.674321503131524	0.345101500441306	0.920874271002995	0.542604856512141	0.497372193024367	0.965640448338309	0.930128396536279	0.900660169757938	0.630615640599002	0.893180313396601	0.785317705120296	0.870174764739773	0.907840355314293	0.884401691682561	0.959452640327703	0.89739010989011	0.977533587490571	0.739392923025323	0.803077842522038	0.826848750322082	0.825	0.937735598030955	0.962362478286045	0.360072926162261	0.989710365853659	0.9626056471995	0.612903225806452	0.893064254233357	0.355995055624227	0.734685914943426	0.845510563380282	0.911439114391144	0.96745883049009	0.180147058823529	0.931017660259537	0.977169730654126	0.950418946056367	0.642077230359521	0.817334804462425	0.611257695690413	0.623172103487064	0.968380762190048	0.978716658079347	0.912946428571429	0.977213281908055	0.916235407389578	0.980970266040689	0.987089443081126	0.848670756646217	0.715400410677618	0.814374646293152	0.438386041439477	0.867685137234594	0.903058666220959	0.496274217585693	0.752321981424149	0.866438356164384	0.866205305651672	0.832358208955224	0.837875288683603	0.908375186643138	0.953776256008428	0.962474943204597	0.909046633386095	0.882096069868996	0.927471636952998	0.904372701266857	0.870833679660876	0.879660056657224	0.934235125921038	0.918681318681319	0.947540731040327	0.777224642190417	0.884527063969382	0.867609368095449	0.915694678023111	0.92847783358812	0.354738477472812	0.826108496408224	0.919375215343976	0.94640536648755	0.981491246572453	0.759116022099448	0.940795479243643	0.703842549203374	0.899635548079619	0.948031980319803	0.596525858665614	0.92062239260345	0.940417586148362	0.287958115183246	0.316975463194792	0.204502814258912	0.645338208409506	0.876867030965392	0.478463329452852	0.966911937010826	0.66624843161857	0.649709302325581	0.85662137497465	1	0.953949060972472	0.737864077669903	0.848538924827125	0.49009900990099	0.973006748312922	0.252008765522279	0.676798074029491	0.615557217651459	0.852697095435685	0.423011844331641	0.7760880116486	0.988626263291306	0.87581814965505	0.495508444125045	0.910796881194661	0.998376293890806	0.80186153257682	0.83541643623493	0.656716417910448	0.649175412293853	0.800894419599456	0.933368136301077	0.86165723108595	0.969102074367777	0.995974159722872	0.877987312070913	0.908160146699266	0.436532507739938	0.992393264646537	0.923577696009057	0.879811183732752	0.988842595861874	0.929558950183582	0.852249277754849	0.989122535574466	0.835266821345708	0.961579509071505	0.93614136018081	0.987088948339177	0.649940734887396	0.92295447309774	0.628795632889799	0.441016333938294	0.880022321428571	0.971445417789757	0.748522299838796	0.909768378650554	0.988193793075323	0.994464306308384	0.899760383386581	0.871038853678699	0.972878111040204	0.385398981324278	0.978525246305419	0.945245058313661	0.812083729781161	0.990733938076318	0.926780643992026	0.886297376093295	0.227386934673367	0.830628431970714	0.959620130112914	0.952963254434288	0.935323383084577	0.976593521421108	0.594037940379404	0.906221712630499	0.928914991645993	0.694547248951394	0.611725663716814	0.938440817620029	0.844036697247706	0.670344218887908	0.896068271868333	0.401967213114754	0.905544413534321	0.993860854599864	0.933923192771084	0.948393331722638	0.937945492662474	0.812999467234949	0.965610798344977	0.985988634136782	0.861910241657077	0.277246653919694
"SRR5928177"	0.757136678200692	0.9736855710076	0.8574507831585	0.702436088651647	0.916999600479425	0.881437768240343	0.980139703555869	0.586462205233932	0.78988791824625	0.995314257153567	0.827918147756749	0.751332930247897	0.740560259167506	0.873186102435114	0.446339598766246	0.913451664955259	0.810004026822137	0.569862688457125	0.908082784795114	0.95311532268054	0	0.980677540777917	0.91233570134315	0.78388855239249	0.716785033777932	0.929048024382877	0.280088709448125	0.890869864860816	0.996452440530867	0.652809259705811	0.77143655896801	0.815178520747006	0.973977923666726	0.982273391812866	0.852626524824823	0.751113378195444	0.759718878835671	0.150970126270403	0.766246767331276	0.936838164509573	0.958263565891473	0.85352596195108	0.989206589661049	0.762968665255349	0.971556034611815	0.708597046413502	0.800825519528547	0.812034580159206	0.909768512907526	0.414598862791585	0.909826379420053	0.919831866223996	0.649385474860335	0.742917847025496	0.961024794363041	0.830934325368436	0.500078951523764	0.972063413578912	0.659554821150855	0.652260964024793	0.743206299506975	0.621990780262933	0.513620910415471	0.886876637130432	0.72480313887905	0.849857070342764	0.721350649350649	0.63722790794327	0.796010283934168	0.750413625304136	0.925057694643508	0.912132495970655	0.81120900273932	0.869576604103012	0.69369918699187	0.948757572011373	0.790597813963864	0.736001606990408	0.997717980412665	0.976516059590499	0.947173308619092	0.716683581856507	0.779612477102092	0.839315665883932	0.853651465514742	0.864455585550842	0.909305707015631	0.979394759503014	0.685411426518146	0.888448275862069	0.758929714505185	0.88234983916047	0.724892305093336	0.309628637059724	0.920677589656358	0.556856146511571	0.770107840934621	0.988555606829719	0.967518113717303	0.689147730227237	0.725007488902808	0.969201995012469	0.940323172970988	0.583127272727273	0.994874228761272	0.727967683378928	0.732118381643738	0.571120689655172	0.810217305930096	0.638079028069197	0.519167161394284	0.7331988932139	0.503315329556931	0.759313077939234	0.62154831770675	0.786568258221065	0.637518515728955	0.996461071789687	0.597784871519021	0.821536038696251	0.775543464634055	0.49882291394193	0.564011307477985	0.811187670730216	0.94067770669442	0.67185406575286	0.762834357866755	0.508469710020098	0.842054899900557	0.776100420261004	0.701282027426828	0.821173513112038	0.784502521779	0.813174129353234	0.960145472032701	0.652735374205793	0.56454642554602	0.953449451434947	0.925706430426149	0.96183937903949	0.983915556672531	0.757062581787391	0.913552453849617	0.849915545142483	0.982679698131882	0.962695397645887	0.679556650246305	0.993417005044912	0.821531631520533	0.827062669695794	0.676556518234939	0.919848018816718	0.842563836086573	0.963123306444078	0.940635917911981	0.886447982760685	0.977276562236346	0.974624060150376	0.707792735447872	0.841756105250713	0.734421082675293	0.89886936547239	0.77929891873038	0.926594700686948	0.703636505015422	0.711355237688228	0.98983457507261	0.825100748416811	0.913157381343887	0.53772510567662	0.765901169258151	0.870346740638003	0.994740882917466	0.692460646230323	0.783918222059964	0.93928265393561	0.964561164847073	0.719553486403555	0.748717099817911	0.941874598817279	0.4287391806663	0.953797984581788	0.941794400163499	0.994620253164557	0.708357485768642	0.429085032593104	0.944910655195235	0.969040247678019	0.8014770794307	0.884760462146188	0.979585427135678	0.856593438610804	0.64768746963925	0.859034718207098	0.787346876164179	0.817469065842791	0.978467339782559	0.985956470654059	0.664576576576577	0.838480749734181	0.975560847223963	0.81612072917034	0.692958270606742	0.97326999026959	0.505075282501822	0.79459093696475	0.724550898203593	0.960779461800186	0.709089975085403	0.830735509011203	0.570716256899147	0.808040330920372	0.92282615927084	0.830777274311607	0.502251157285083	0.730198657133237	0.824724785145584	0.866158234848926	0.355471401521918	0.994938310661183	0.787071165296286	0.673247913911814	0.966029197532777	0.61857343868384	0.960588955699408	0.74993267418151	0.750471487177493	0.823420074349442	0.745646603566386	0.78576647183847	0.426455381347643	0.976967606848134	0.95716098678305
"SRR5928178"	0.960503644797879	1	0.799725651577503	0.942832885241262	0.985085604543783	0.883430474604496	0.984904900875516	0.983116625591343	0.971586333831819	0.825986078886311	0.9770279971285	0.860580595874713	0.869245925129859	0.854841916882084	0.991167467240983	0.937308347529813	0.986213270689722	0.969265676567657	0.716614906832298	0.644483362521891	0.980677540777917	0	0.867366675877314	0.96483950617284	0.976586404150592	0.924843423799583	0.990304143702797	0.704903283850652	0.814726840855107	0.929263565891473	0.96978021978022	0.821253672869736	0.99920962148477	0.794292508917955	0.988224356987914	0.982543766712073	0.880585053095572	0.978395975140574	0.848264394096861	0.922190201729107	0.336363636363636	0.873850197109067	0.361940298507463	0.971930634060061	0.837261004891063	0.892171344165436	0.965251323980303	0.81277250577071	0.678532901833873	0.967348692336609	0.67835941716136	0.784651992861392	0.981953028430161	0.975612234529011	0.823040808956302	0.80764163372859	0.944617252105303	0.712158808933002	0.939612077584483	0.962276093423634	0.944535073409462	0.981428614358265	0.95787390443879	0.990789284319168	0.868492163574131	0.905110651170196	0.952925170068027	0.916984213391399	0.967023535257713	0.970251256281407	0.590347923681257	0.937138130686518	0.979936787137557	0.77293934681182	0.911084043848965	0.606965174129353	0.873568095036063	0.944674965421853	0.930174563591022	1	0.526229508196721	0.96365627800458	0.986413043478261	0.983140147523709	0.869578223152857	0.92614590058102	0.679914070891514	0.746705710102489	0.981763088491106	0.988971028971029	0.967676253499618	0.991946669052839	0.978649882759472	0.988014458748177	0.995796430610732	0.925940955666024	0.863167339614177	0.709225092250923	0.662447257383966	0.917396061269147	0.923891581403698	0.21505376344086	0.660550458715596	0.927722772277228	0.692307692307692	0.93972121059902	0.94180407371484	0.957966764418377	0.975635805353448	0.980271869848391	0.962782565255402	0.936499652052888	0.949291469852737	0.948843728100911	0.93717187365522	0.9272554380126	0.949084206888607	0.775100401606426	0.976204453837423	0.834429575867544	0.958777052559258	0.944969274511602	0.959491704122968	0.971626452189455	0.615536537195523	0.904724614983033	0.957063874838254	0.97762018459784	0.990323948889242	0.854523714627342	0.972823440888771	0.910269709543568	0.953348235980173	0.968795811518325	0.833097595473833	0.964908230405171	0.968469246717346	0.46594982078853	0.748895899053628	0.595619208087616	0.243401759530792	0.923814393455196	0.724711316397229	0.982726799488903	0.593908629441624	0.363070539419087	0.949206349206349	0.892488954344624	0.968136185072021	0.852346278317152	0.929389759176993	0.637176938369781	0.990697854692739	0.467084639498433	0.807626245276537	0.784261715296198	0.876588021778584	0.464935064935065	0.889755590223609	0.994764484376032	0.955939049017808	0.692113032475749	0.959108816736856	0.942857142857143	0.901762885210604	0.920964190520338	0.387832699619772	0.836768802228412	0.90995561192137	0.964664310954064	0.962807696442008	0.984713064713065	0.990167064439141	0.956737269040108	0.949510886715052	0.521625163826999	0.996294364195643	0.94229035166817	0.900706436420722	0.994818283378099	0.966280197699663	0.893831121481698	0.996828026985442	0.795555555555556	0.981843846004816	0.969485432429043	0.99391413088787	0.686644643699858	0.966259072778395	0.803890432711393	0.449275362318841	0.901639344262295	0.987084714079361	0.858828079675111	0.976109921977491	0.992526005405848	0.982735049412132	0.923411662315057	0.930310262529833	0.992962277809057	0.548302872062663	0.971453151884874	0.97389967463978	0.824894514767933	0.994146312025708	0.954773558019949	0.959785522788204	0.593220338983051	0.952717461133239	0.977139819245082	0.97762520689021	0.977335254814621	0.984508355447178	0.816961561928005	0.954823937124822	0.962252443249392	0.83411150782752	0.83458177278402	0.970602448453608	0.830434782608696	0.855339805825243	0.951541850220264	0.367475292003594	0.951478896643403	0.99808906506217	0.976962948742561	0.970319972390672	0.909591555759523	0.932356257046223	0.979500584714866	0.989706027912501	0.677224736048265	0.369057908383751
"SRR5928179"	0.849824795594861	0.966043165467626	0.368227731864096	0.866813981518682	0.916774380245008	0.972783972783973	0.703882738188055	0.920712228332024	0.67901356350185	0.95307917888563	0.74100235452405	0.554461538461538	0.585221907459868	0.184137408436474	0.924220814141083	0.907623626373626	0.894649293041309	0.864099456936403	0.500091491308326	0.652195484991317	0.91233570134315	0.867366675877314	0	0.79176271707392	0.830720303520616	0.978916401078696	0.988498372186973	0.656103286384977	0.970392749244713	0.720190779014308	0.830407480405189	0.430087480281084	0.993580910771299	0.866987530080945	0.919241390090137	0.866666666666667	0.654060913705584	0.823277624798931	0.785454545454545	0.787411056376574	0.78641263474555	0.74484613086346	0.90014598540146	0.786960132890365	0.977423121837291	0.535769748421162	0.989598593612657	0.503241013553329	0.487666034155598	0.858670385867039	0.781526781948545	0.428884026258206	0.89136805187014	0.750387665588587	0.726405090137858	0.607420706163974	0.602862476664592	0.908735968765251	0.762469940268404	0.836579623287671	0.786461199779857	0.914947740972184	0.824734401596525	0.945078403974538	0.721563981042654	0.853653217011996	0.70172868444184	0.702842629676663	0.740030368416846	0.970870005452138	0.600513808606294	0.989644012944984	0.836533075317004	0.655307994757536	0.821785746463645	0.627838827838828	0.601736156780218	0.717596195417207	0.978115501519757	0.971944840703757	0.640301776587978	0.848531011969532	0.943601924599549	0.820529991390032	0.514120667522465	0.58115478653376	0.845506209219112	0.836427732079906	0.926656458436064	0.883299646763256	0.650739048642838	0.942972410749932	0.841424456664048	0.986754582159352	0.967441314553991	0.697159893299859	0.585953450387913	0.914703110273327	0.70958014381814	0.734535829820606	0.933806146572104	0.796281749148992	0.919365798414496	0.748094541535145	0.959928229665072	0.608551419093255	0.539552841878423	0.823717390041253	0.801893397461265	0.836859520705906	0.839813786171507	0.676468543621828	0.739311541799248	0.62130660294889	0.718500137854977	0.756857193417094	0.884356093344857	0.970475346914674	0.893108298171589	0.523979172375993	0.764068146618482	0.78016241299304	0.690004782400765	0.704708315298418	0.5	0.6318832338167	0.672816851842542	0.900290791599354	0.916918795399129	0.530036676362717	0.880464641707872	0.562638991845812	0.533009561390196	0.877211332939197	0.741317365269461	0.849616621320801	0.750086402211897	0.728339575530587	0.500223513634332	0.660942100098135	0.868384206104733	0.747946228528753	0.655718242975861	0.856437288210671	0.800049127978384	0.898261095250454	0.695113056163384	1	0.761463622621032	0.531724754244861	0.7346849602377	0.662109773515609	0.938741053404294	0.733749349973999	0.418620689655172	0.473112017084061	0.899136631492394	0.854605083356108	0.645645645645646	0.975061499374924	0.619386200391787	0.544866920152091	0.826244960536029	0.997568881685575	0.589922480620155	0.729640562597673	0.905710102489019	0.471832072850749	0.640944881889764	0.723628333616443	0.751640419947507	0.855744884691713	0.995301816351357	0.534610983981693	0.817282364278831	0.643488108720272	0.934883720930233	0.84889447762758	0.921603005635567	0.91432384341637	0.73583829162931	0.853683562487174	0.989187752027296	0.957472297094939	0.92019477191184	0.77428017305684	0.947020083198333	0.442092651757188	0.846221537784622	0.826923076923077	0.844649343392009	0.935654182478139	0.938637045932152	0.424813895781638	0.825696523140686	0.937709449985581	0.874903474903475	0.929458917835671	0.672702783597725	0.942380418464111	0.795896032831737	0.860229788131127	0.789941020156848	0.373746445142943	0.99288729543746	0.68176563321072	0.650860033726813	0.628901449987712	0.714205397301349	0.904458816685487	0.817485569477685	0.85128063894244	0.985622623574145	0.748337927679585	0.659701805963881	0.768850098974267	0.814701378254211	0.322501230920729	0.775188485263879	0.954016124216184	0.567984020545014	0.802961348631498	0.68615692153923	0.746291959406714	0.99375140033359	0.725858798735511	0.883221128948731	0.944528770525735	0.676114171256885	0.91483903263148	0.911918893328099	0.957769869513642	0.688581314878893
"SRR5928181"	0.203185623851338	1	0.792944785276074	0.998177621188191	0.990709792427281	0.999152326862762	0.998655079660666	0.563495614820118	0.27112505134237	0.985375840889149	0.355562892043579	0.587587998086255	0.646414741621044	0.810316139767055	0.787927512928599	0.98507704785077	0.447995022905944	0.89161774412061	0.820566368724417	0.902818639081332	0.78388855239249	0.96483950617284	0.79176271707392	0	0.262270252568668	0.990043644298963	0.997736019923025	0.855224651402995	0.992053789731051	0.557798630484403	0.993009215125516	0.733659767045033	0.959551250968739	0.95919472781439	0.565178650984585	0.332215224534502	0.466703739746976	0.73463007988885	0.941714768407715	0.992839332523496	0.948546927108147	0.921212121212121	0.965562380424932	0.448618722106096	0.990037787701821	0.45388184348902	0.994245460859212	0.800661952760644	0.812427771357454	0.844660194174757	0.918385490753912	0.76489707475623	0.869114254187983	0.400144444062317	0.990463663268662	0.898862774829416	0.617204110559887	0.99075820445115	0.639119451461566	0.225609272048901	0.109400247124798	0.542557180352456	0.887100199634711	0.663645449219423	0.88358089120835	0.936973717785149	0.507912809793968	0.573314220868423	0.380946340225802	0.997622124579995	0.896036503534043	0.996205466938374	0.573612931411097	0.892149088025377	0.975120704345356	0.861145174983492	0.712240413920193	0.246859609318798	0.997141690485913	1	0.891285916156383	0.337878633696279	0.649947097537794	0.484484352304239	0.640445909875962	0.857526254375729	0.953628853158035	0.937738128426726	0.858738370673002	0.671629237109933	0.383855680777349	0.639166682071095	0.427366118510996	0.996872938704713	0.787254923341984	0.846873052150426	0.569623908178734	0.976558139534884	0.927521493944717	0.350212485784402	0.996659093946278	0.939370460048426	0.98241919238165	0.437599384457553	0.988223350253807	0.622076276068672	0.322337470951652	0.388539865918961	0.504027237848413	0.653174705806285	0.815892006769255	0.266574122828012	0.659030725904754	0.707585041200084	0.83087465499191	0.675426774483378	0.996238105775614	0.992519963610634	0.441423911177245	0.561576354679803	0.0785525154457193	0.795349295497093	0.405018967026554	0.284955492875197	0.84863478101521	0.428856188075277	0.464787665264992	0.521625373771892	0.76991713716569	0.767987233747311	0.38977116418657	0.546449324579277	0.286323917902865	0.320582558343569	0.88971865230983	0.26948841734965	0.400251943343473	0.927314242222434	0.827868852459016	0.903042903042903	0.977374218517416	0.166105238703682	0.87923875432526	0.622122848791064	0.957265765339888	0.96293078482479	0.420111435394004	1	0.395759170407058	0.760513285445289	0.392835255445986	0.882002279302183	0.679979015017378	0.911321483771252	0.848529172761255	0.687912842069143	0.952184307759183	0.963797343826857	0.533104721709312	0.850411139465557	0.292917344373799	0.878123406425293	0.190778289173612	0.999424874191229	0.391418043504101	0.595872170439414	0.967543594395726	0.713669618790913	0.784369248194818	0.42716443734611	0.169857738795593	0.612275300427053	0.997495468775746	0.448901903367496	0.115581532327489	0.887739218020328	0.999446034530514	0.999376908218581	0.990890897798634	0.998445575719893	0.903813941502384	0.921363524489294	0.997405112316034	0.991467750126968	0.855642929315117	0.605018308421874	0.975924852139627	0.954142782699323	0.209332469215813	0.948967601141514	0.958353991075855	0.995066443860906	0.654335853801066	0.751064121927777	0.182929893625932	0.817684253785013	0.998056920790948	0.966121077835752	0.470659285354806	0.669964652358483	0.95590985139258	0.987988675036463	0.477571994433144	0.947524076742246	0.998176484579402	0.235588972431078	0.168065257137499	0.919621749408983	0.497380370241006	0.453777043857931	0.563456367054568	0.208872308503305	0.994172594052618	0.903416712696283	0.485168662440322	0.320665413795504	0.912243019331083	0.767124374950393	0.817863090542554	0.994317605276509	0.645135035146134	0.134482290677161	0.919489912447659	0.218494271685761	0.998480033162913	0.354305183420992	0.342408518094211	0.993019704791682	0.320599114668607	0.492838389352466	0.999156745035838	0.983397071168734	0.923995451099318
"SRR5928182"	0.386337347758046	0.795970695970696	0.838096829906959	0.904262786018436	0.925059288537549	0.987190231054711	0.96757559506621	0.446709001108759	0.392805301356895	0.990109455360675	0.487258160743203	0.643705220061413	0.73389651531151	0.740754150933637	0.770775530411643	0.791055165612855	0.328747734101463	0.836360398860399	0.831398104265403	0.908714230221417	0.716785033777932	0.976586404150592	0.830720303520616	0.262270252568668	0	0.705410514484239	0.854119934200688	0.897864101167786	0.992393887945671	0.477907732293697	0.992176215695715	0.713835109854253	0.939827075149489	0.938321030902039	0.620891146764121	0.36240293040293	0.602384037315367	0.736515989520522	0.861470049699189	0.983844282238443	0.952869384575435	0.70942625213982	0.976954177897574	0.291061993004391	0.865402041925935	0.545791022112556	0.71037619180596	0.796626929626985	0.845896769402154	0.563917995444191	0.935879185492356	0.835971223021583	0.67596887898601	0.155711175189784	0.981491243483863	0.863638875075971	0.675241040567582	0.977567201701798	0.419814037686168	0.263063482044979	0.289121806481446	0.450789180555264	0.694854491775622	0.712692436013536	0.845580458322841	0.899247024532427	0.504571903574397	0.521429891003141	0.431080376498998	0.567658942854787	0.893323386795972	0.717136886102403	0.59336345163645	0.87339460014841	0.858310384649551	0.901353965183752	0.675360185087812	0.286771105308964	0.995103706222373	0.782465776224358	0.904792579232157	0.396510613550451	0.702070147679325	0.39781175480432	0.667592225307418	0.643067712821443	0.950884572559693	0.957243139757498	0.728146398109959	0.719426919849582	0.406795469686875	0.574009422770566	0.150114716486398	0.783517298547184	0.738984629715883	0.776168204958404	0.611555271293039	0.975349639185133	0.898257662469795	0.496761658031088	0.908427672955975	0.959170277011947	0.959444093493367	0.430749057531552	0.990785283555796	0.373153096510531	0.399521106775452	0.312163767204639	0.440744589526951	0.654628023466584	0.793587967544033	0.326434108527132	0.673658536585366	0.460908518233359	0.702272113567103	0.429678214552978	0.834152708288014	0.99500067558438	0.472036130974784	0.638433174798269	0.27386378434692	0.792517951362717	0.460170146945089	0.432066567312469	0.884977564305125	0.502139670399709	0.410400562192551	0.48499940989024	0.723135891607612	0.791325949694649	0.418435103124915	0.615528634361234	0.428129955678445	0.436833912106335	0.920730593607306	0.32772684160607	0.444788551900897	0.929442282749676	0.850714330669016	0.904331547350074	0.97771253169625	0.351109504225607	0.801080818507499	0.60969486970972	0.940074906367041	0.971181556195965	0.322977182790267	0.984037798493168	0.499274466598592	0.799979218620116	0.376323387872955	0.905736700171611	0.663788786890221	0.932900858397222	0.861864652918966	0.779548472775564	0.93971782813168	0.96072707973995	0.629352862053505	0.809719350073855	0.253512183506628	0.84023988005997	0.366361193412802	0.818481322068123	0.45378421900161	0.29952470239393	0.978287255563048	0.667151000335308	0.840189125295508	0.492835283013471	0.24276697589698	0.669526188149274	0.996993248993022	0.395645497854246	0.293180133432172	0.92065698041693	0.957364618356106	0.916117950186086	0.96	0.924931263858093	0.693711234111201	0.878077595576769	0.79858176095068	0.989291039718043	0.776266481609993	0.543830277029325	0.966824079729468	0.917919990257566	0.387100043923371	0.891695892528087	0.958916900093371	0.729114213778897	0.523004235907462	0.769858793324775	0.347761142182235	0.834232335500464	0.996892619972435	0.958306878306878	0.40990354735865	0.542632269348492	0.949701393497014	0.986508175343565	0.464622808885104	0.934792219274978	0.940635586384901	0.396288388898013	0.208231707317073	0.916429863084474	0.329017068864038	0.555047000344505	0.549712337523972	0.390733851876902	0.992353170248168	0.901035149584803	0.54961756885402	0.232827036827869	0.915519643354695	0.741032670779072	0.722863859362224	0.990246545651585	0.637646547980894	0.237118744447735	0.944347149250827	0.28208797574023	0.87592776257997	0.167785998861696	0.477549368259751	0.990033222591362	0.439345794392523	0.584674258840887	0.928759412237737	0.91234804862444	0.930146821033568
"SRR5928183"	0.874980895613633	0.571180124223603	0.686461388074291	0.725314492503877	0.954005796017575	0.722230226192191	0.8876761536336	0.803263052208835	0.974549600912201	0.952231068320681	0.99425965243375	0.74690537084399	0.740169926891919	0.752926421404682	0.970638161214846	0.808937650521809	0.796171245000983	0.797334001922193	0.824033731553057	0.974300299243091	0.929048024382877	0.924843423799583	0.978916401078696	0.990043644298963	0.705410514484239	0	0.784134824266539	0.685004436557232	0.984274193548387	0.879399690423312	0.820087782843994	0.839730952104836	0.984669164590878	0.893264748432728	0.960585473074233	0.96863711001642	0.866526757607555	0.933679459417151	0.916363636363636	0.937134909596662	0.864514984926405	0.968360498561841	0.971231527093596	0.77011720028809	0.446965232763701	0.865947475462021	0.373938047314077	0.6823891917516	0.921789457218833	0.645250431778929	0.673654568210263	0.976527331189711	0.819911533930516	0.753354527063292	0.887246852764094	0.874730021598272	0.858013544018059	0.867084203201113	0.576645347637714	0.945520700167175	0.880143333745212	0.768933784641422	0.567399796650078	0.992402873368686	0.750644202180377	0.745286506469501	0.978131045504248	0.788340203583747	0.879517168990853	0.445234315687763	0.857933871222908	0.117653333333333	0.882611670413449	0.578540108331184	0.613459879206212	0.942906875543951	0.593429158110883	0.898146046159667	0.994331983805668	0.578917858144099	0.934363604792499	0.880040609137056	0.948101439880566	0.82447211366597	0.854859172798782	0.616737219146858	0.758787689423528	0.955969517358171	0.794231104253254	0.994541024748576	0.990224635892372	0.883592940841981	0.723692456013497	0.74632037031904	0.93335636154289	0.825229230341762	0.88485050572413	0.922633186291144	0.836940110719678	0.785672095181841	0.740850642927794	0.906747120131651	0.748392415498763	0.823485210738438	0.965558670404485	0.724844024956007	0.973723312739501	0.716770054610042	0.798382655575201	0.927158056906264	0.812095557826108	0.883005924540069	0.800686559281753	0.568398107289064	0.844287659363783	0.363341568869673	0.720877458396369	0.955132023029581	0.900897308075773	0.858962896736701	0.988999397227245	0.833182230281052	0.926329787234043	0.973622064786348	0.958732254869594	0.777395295467585	0.738173715240704	0.810061349693251	0.933135791355663	0.682954902165952	0.85375202712664	0.896605122096486	0.988804963582412	0.87689834595372	0.952552552552553	0.796569860507661	0.905023292766603	0.900972590627763	0.961789679947747	0.925253230876703	0.94062440145566	0.943051286199644	0.824880668257757	0.893335612486913	0.826603740604789	0.843358168271852	0.915219100721996	0.668645073766322	0.946518998870633	0.564483813139302	0.769342396700527	0.727675164097084	0.9948699679373	0.944323144104803	0.796510067114094	0.957653286281429	0.902760701911255	0.960067809380298	0.750679084206442	0.921932582480997	0.838139052679324	0.872937771345876	0.942993614038731	0.188425005522421	0.92531328320802	0.585814094775213	0.971174728529121	0.967277647927174	0.964401294498382	0.894515437733153	0.859846842941771	0.988304864912396	0.92836125387422	0.988742484329026	0.917978507115887	0.855564715581204	0.972326625644437	0.718038059501474	0.718526206538661	0.964042051062004	0.717886054681534	0.821516321516321	0.841270519835841	0.979555021046302	0.917973936562577	0.928184948352189	0.975885419595306	0.872934815259838	0.985982250907624	0.897704732218759	0.965576592082616	0.789132408247957	0.809977719655139	0.883213182286303	0.908632110188203	0.970668519043938	0.906635700066357	0.940229885057471	0.926202211269482	0.882368115568167	0.957775683317625	0.859785460462954	0.950043066322136	0.907093986316169	0.897037643670046	0.945551257253385	0.966373292867982	0.967476831613919	0.701022561272521	0.967155767175202	0.931440871787973	0.992628124211058	0.985715831619955	0.85390814890623	0.878442361580829	0.808945472820169	0.628606356968215	0.974686813896423	0.899084130605019	0.97999599919984	0.929091119066867	0.841632369138021	0.934536447275301	0.865093954248366	0.909572132507196	0.773241379310345	0.898638304729675	0.803529279532427	0.977653631284916	0.924493499538869	0.915952926519988	0.688320545609548	0.923455056179775
"SRR5928184"	0.954810277860771	0.879299099960868	0.939155009855843	0.735113883458894	0.955976569650375	0.900303445575568	0.961982685592678	0.706844895137128	0.981019911187509	0.989166920964297	0.997371834829927	0.932079271362534	0.898013395391077	0.934745119679934	0.430324248003897	0.949803125830374	0.872076238960716	0.459570643343589	0.956917978458989	0.984597515402485	0.280088709448125	0.990304143702797	0.988498372186973	0.997736019923025	0.854119934200688	0.784134824266539	0	0.948039818114784	0.997119563819664	0.95354843999836	0.775396410524482	0.956376627650073	0.982296595544246	0.976235552012754	0.973715166511175	0.97899902201328	0.967044853059628	0.34066877041466	0.851547154114575	0.936163550147625	0.976593701026237	0.982539569877209	0.997435765936715	0.856830414617878	0.907838176414237	0.941059426954369	0.66122905027933	0.914496824909705	0.975989681516023	0.47896922025822	0.94647153664889	0.996562289813915	0.667655109489051	0.862823335167859	0.956586063883971	0.902738007904016	0.735879015549058	0.969146227723022	0.853293166061406	0.926208510716721	0.949669720010377	0.682320634522366	0.524653107774187	0.995223935431281	0.825051689273624	0.894776836600139	0.980136208853575	0.908316961362148	0.939140909916005	0.732173841196398	0.965907961435245	0.793477758787935	0.91695057918153	0.910214266861818	0.697334590332533	0.992185136634063	0.899203261070965	0.961389961389961	0.998147338085068	0.867568633147268	0.983468575172622	0.933592949374872	0.901662147825062	0.883105241140262	0.964693218514532	0.888501742160279	0.93621664517409	0.989454655016571	0.693457843031415	0.99681399132321	0.987596441359962	0.913087393583762	0.858198580522426	0.1484	0.939357306682785	0.722055506115607	0.964538676607642	0.983122786749378	0.969561729014141	0.931271027220693	0.79424522517203	0.98745938261576	0.945383615084525	0.876034759688645	0.995580337641648	0.91569197630587	0.982658959537572	0.779364959078509	0.888401730386999	0.652739680646657	0.5129598355239	0.948837023099404	0.654092095803852	0.803193506789047	0.816856692158703	0.787434666666667	0.707825127802643	0.993172484599589	0.814037773577242	0.966690769984372	0.996991206695625	0.66506634255039	0.786732291131845	0.985416740588298	0.989845176458818	0.92134246812939	0.889045146401269	0.509372698164545	0.934208909100486	0.877644894204232	0.882466628449758	0.974667989980623	0.996923140038153	0.955838921510719	0.988073824014982	0.835305083530508	0.790924140617392	0.978826620849967	0.983519364746423	0.984614996595122	0.989679133455957	0.98578373123042	0.960174268343712	0.932188692334374	0.974624154979316	0.976563688936235	0.965144431457672	0.959015570065294	0.976341002411523	0.903746025895037	0.926025182916454	0.95231506646242	0.989251968066798	0.990613663461782	0.958765378386871	0.993713780571653	0.975274084441334	0.986184747145188	0.913454364585924	0.785695483773926	0.939784423373045	0.966889525628781	0.969276474127557	0.832328920120064	0.95781491730765	0.872332292794802	0.997435108238432	0.982402739465424	0.988424050193318	0.709984607838162	0.950088977284623	0.990933360197451	0.974348616441123	0.986883790382792	0.969885408111385	0.978043413023907	0.980096328665752	0.752327333983509	0.788098627117866	0.976556194355109	0.463725441266989	0.950925660319071	0.884842702615634	0.995631167763158	0.858592629335192	0.693163420694077	0.956972956594197	0.971957319928045	0.992186773323412	0.913032868890461	0.99157131181038	0.948023250228179	0.711005634922491	0.958425962001238	0.96486920389083	0.812199744369518	0.957011067230695	0.982813878953969	0.967672722071234	0.905072907454022	0.988426634036912	0.818034169347534	0.906459333744788	0.980924882851328	0.429853453625471	0.973371426478399	0.979483312829874	0.985419504565864	0.909784841604498	0.98086301623557	0.774223497636732	0.998138773079214	0.927335177941036	0.887254432199329	0.7303235019498	0.909309527516825	0.868987958102748	0.983919742715883	0.576421145764211	0.995169826833153	0.965149593725048	0.929534529253136	0.990650663297536	0.880202590315286	0.919593481205408	0.869203008533171	0.931500553238574	0.825268566090612	0.979366960797226	0.939084340203743	0.385171285848315	0.953654368151201	0.9822812287034
"SRR5928185"	0.781583549418079	0.99512681360062	0.283378746594005	0.764018691588785	0.973750470865798	0.534274711168164	0.992475940507437	0.901831820405501	0.905185656019916	0.921868365180467	0.922637127032339	0.452816168821519	0.476257772752968	0.597976080956762	0.956240640821468	0.948509485094851	0.938310269482884	0.826574096241321	0.414598181371344	0.592409867172676	0.890869864860816	0.704903283850652	0.656103286384977	0.855224651402995	0.897864101167786	0.685004436557232	0.948039818114784	0	0.959247648902821	0.719969525099467	0.890700749228735	0.467814237045006	0.996397603458301	0.846929133858268	0.952906190862395	0.921084733039317	0.580814312152992	0.895643794461922	0.759835025380711	0.936167463496576	0.534901658310837	0.794261985654964	0.831444061113849	0.893018181818182	0.765366114377338	0.663802493041268	0.829308093994778	0.31713649851632	0.394681804601135	0.819329820025853	0.14584578601315	0.46817895400126	0.912452614262213	0.916127508854782	0.84514312529329	0.568456883509834	0.749761482894916	0.745373797187269	0.681252718573293	0.849641452694888	0.743835616438356	0.894219154443486	0.768429128572342	0.965251735418495	0.47870528109029	0.618986364805763	0.80707904557277	0.589865399841647	0.877528565382988	0.82557021760028	0.401526717557252	0.679254226576078	0.902793178098104	0.27909940526763	0.748737503864784	0.394590589107077	0.416465281134203	0.829678434457665	0.985216473072862	0.996079130279808	0.489126428308146	0.829371147875249	0.923110674662042	0.941861629342856	0.63564929693962	0.797791729811648	0.427719821162444	0.753760055963624	0.901009829002289	0.964340453601847	0.896333313963624	0.963502543565321	0.905531385954009	0.937089400865853	0.979690706887499	0.67647577092511	0.56713157452529	0.85252808988764	0.698799313893653	0.587734241908007	0.709796149490374	0.570780024762691	0.564094070884399	0.679634262054688	0.913757700205339	0.816835871404399	0.817677856482907	0.771229845083781	0.903799078048005	0.90373025768911	0.793111326897812	0.786896604819463	0.768896721001951	0.766034384317706	0.719951189749848	0.632747829598223	0.797719677609593	0.926670015067805	0.865626386629197	0.652660115215181	0.83512614903188	0.707486285898677	0.833555396125858	0.906995927205238	0.400398406374502	0.598907700709995	0.808921330089213	0.875211477295798	0.951830718639926	0.434495469205959	0.848874865066844	0.68741820901103	0.852996095739263	0.898412081775361	0.636413945766464	0.807428662521919	0.849624670318523	0.548486009965504	0.43404808317089	0.591044776119403	0.796781609195402	0.760626878488622	0.529797703663204	0.928648154496629	0.79588785046729	0.549043549043549	0.841725303847208	0.945282357067696	0.899602507888374	0.422712443684946	0.70737533592117	0.293009985734665	0.966549892643237	0.56	0.578564940962761	0.516910785619174	0.850533807829182	0.808219178082192	0.4957312035252	0.969866790658216	0.858077016226689	0.429089026915114	0.842738205365402	0.672436750998668	0.743836844464366	0.802213001383126	0.840515106488361	0.63643517607712	0.713046272493573	0.832249909714698	0.845127825120415	0.955516810781519	0.988860669250991	0.860025421035907	0.854329875079399	0.337528983106989	0.997512437810945	0.754510862894317	0.676430414326909	0.996464971077036	0.841327456572466	0.780838323353293	0.995930312314235	0.947503860010293	0.901233255368913	0.861976707585773	0.978887214578033	0.789036544850498	0.890265697605147	0.811565304087737	0.792029317453046	0.797642015005359	0.92447857687002	0.628151260504202	0.89471707561342	0.962708616951545	0.9552668487488	0.916570865495155	0.774899732620321	0.967086383601757	0.787516600265604	0.909329392203953	0.906048469214581	0.824787133396405	0.968690982058546	0.863218781898605	0.867748901630799	0.663299663299663	0.816300129366106	0.911381032809861	0.892083589788681	0.900232710782266	0.98574760300596	0.538461538461538	0.791978246091094	0.88536866359447	0.397350993377483	0.620608899297424	0.860132953466287	0.945724526369688	0.618742205594156	0.741217881027807	0.570222563315426	0.777361228685452	0.997567834612754	0.921447445026647	0.833853783982366	0.943599384720561	0.794388170916288	0.881113619262603	0.951509366424054	0.777225966654842	0.569056603773585
"SRR5928186"	0.993911102090522	0.997232599972326	0.973021582733813	0.992009470257473	0.99769722639143	0.983755375059723	0.99480681346074	0.997199359853681	0.994261287111319	0.858951175406872	0.995239483143884	0.977268114471281	0.985210466439135	0.979237288135593	0.998639786252125	0.962680883472963	0.995634889703017	0.994130901849814	0.956771063078959	0.865546218487395	0.996452440530867	0.814726840855107	0.970392749244713	0.992053789731051	0.992393887945671	0.984274193548387	0.997119563819664	0.959247648902821	0	0.99021076815503	0.994736559428541	0.974039735099338	0.999763154444449	0.928623452294246	0.996817096737524	0.994259942599426	0.98334045279795	0.99665481915116	0.975122167925367	0.984503958228061	0.876106194690266	0.971967963386728	0.656387665198238	0.996186473655537	0.952577319587629	0.982665222101842	0.992538741151712	0.972701949860724	0.927508090614887	0.99388379204893	0.936528497409326	0.932944606413994	0.997558605914153	0.99494141330718	0.96260162601626	0.967871485943775	0.991298943443132	0.891111111111111	0.989889611059527	0.992769528728212	0.991356500264597	0.997027420528998	0.991906929691452	0.997972273949928	0.978634109118657	0.983590087073007	0.986081522511007	0.98607756783634	0.99551035367418	0.992739342391868	0.93346911065852	0.988071570576541	0.996895442953764	0.966276668960771	0.985824579167194	0.890746934225195	0.974574347332577	0.98828731923031	0.478260869565217	0.997876857749469	0.892425905598244	0.994539111088638	0.997872294231312	0.99602286850609	0.967699406723797	0.984938138784293	0.927881519639408	0.926206244087039	0.997226388928197	0.9984318771235	0.993639254884144	0.998242966233415	0.992954645530603	0.996413589932435	0.998804907197385	0.988269794721408	0.973005543504459	0.906309751434034	0.911949685534591	0.988861916321576	0.985936906119346	0.8743961352657	0.90797041906327	0.989990807884792	0.465753424657534	0.987196237261563	0.987655876054919	0.993006493969885	0.996695106734563	0.997329263639832	0.992868513212353	0.991239831947797	0.994462980052531	0.992980445526825	0.990097259062776	0.987907206317868	0.989010989010989	0.608465608465608	0.995879882735124	0.980975609756098	0.988366571699905	0.989427978100812	0.993676603432701	0.994430235862461	0.91900826446281	0.986672106623147	0.994129275744324	0.995964254828481	0.99869568110734	0.979188787428329	0.995602225812242	0.972371017761489	0.992184368737475	0.995849076685647	0.956953642384106	0.993418346359523	0.995709845466883	0.878562577447336	0.923197492163009	0.888382687927107	0.737265415549598	0.98961937716263	0.947198275862069	0.997473363049126	0.887743413516609	0.859541984732824	0.988185100098458	1	0.996548825273218	0.978856526429342	0.987386294724075	0.942454492072813	0.998089370662092	0.848765432098765	0.970023059185242	0.95289298515105	0.98097096852891	0.75704989154013	0.982051282051282	0.999188654408173	0.990741615493623	0.952473326867119	0.993200582807188	1	0.984274080314518	0.986538461538462	0.640552995391705	0.970131057604389	0.98236092265943	0.995184275184275	0.989103847009117	0.997244162299156	0.996802480499976	0.99091414796959	0.990943640333145	0.924404272801972	0.998987012047321	0.994641449960599	0.976603300605807	0.997509697811408	0.994751640112465	0.988087965791081	0.997663105684853	0.333333333333333	0.997264251018927	0.995257050902007	0.999063866065981	0.938121546961326	0.99252536038441	0.949321266968326	0.706036745406824	0.969961578763535	0.997904505313576	0.979843685726039	0.993085931988147	0.998993457473578	0.996916020876166	0.97714019127595	0.990360023608105	0.997774315602048	0.785557986870897	0.99612080908839	0.995950831525669	0.971863336204421	0.998302361536363	0.993810005053057	0.99157134256472	0.887485648679678	0.985014717687985	0.996234390009606	0.996534331775845	0.994785050478037	0.993252163708376	0.962276860895925	0.992933753943218	0.994850236468734	0.966386554621849	0.966148531951641	0.995432858948742	0.562913907284768	0.970611388087116	0.992098685801822	0.885572139303483	0.992399565689468	0.998729582577133	0.995225800165636	0.995394012215881	0.977278340330946	0.985560630617357	0.997288371284547	0.998354237837568	0.909537856440511	0.867924528301887
"SRR5928187"	0.584683954619125	0.93787224103702	0.631280695126558	0.815092753797202	0.845052617192839	0.85390260173449	0.926768064730885	0.573322046735426	0.604685646500593	0.982013011863758	0.693094964736756	0.397140159179819	0.505832729190009	0.643614474314249	0.784906601329156	0.760798403193613	0.701380881401693	0.816851839072528	0.723820483314154	0.869176295191949	0.652809259705811	0.929263565891473	0.720190779014308	0.557798630484403	0.477907732293697	0.879399690423312	0.95354843999836	0.719969525099467	0.99021076815503	0	0.912055543867031	0.478279947345327	0.963283559212148	0.94499645138396	0.786501652360991	0.575804970929244	0.401824291886702	0.722498847395113	0.741406846746754	0.931800959838343	0.862488306828812	0.49518477043673	0.966225557969583	0.606539876955923	0.920263535771602	0.342298288508557	0.914017589544539	0.57936096078286	0.756728416637539	0.689341037184077	0.775583326050861	0.768432259781741	0.6482414068745	0.378245422246515	0.899182781778461	0.705790063503922	0.515436300557727	0.912769700898231	0.264597795018375	0.430934656741108	0.491641945660875	0.73550749994168	0.805375347544022	0.846914767555685	0.681394888052308	0.778337848906811	0.364462809917355	0.297319636320699	0.643395215431651	0.574309109518936	0.750791417516708	0.882989047553029	0.757041870581838	0.670128855915658	0.836516853932584	0.844201556131901	0.543763982102908	0.423519106536735	0.992793514162747	0.947926911330814	0.841813135985199	0.546569618546974	0.814253547303335	0.737992643194955	0.609680661872729	0.662301701759446	0.813831645127489	0.935377875136911	0.821232755571277	0.840677397719651	0.536315498300798	0.839350180505415	0.383082648472631	0.894864812293328	0.904048922209769	0.613513652491387	0.419276765375854	0.958154408405665	0.878314565928078	0.39226127085552	0.767825341336323	0.892585551330799	0.871356603094638	0.318232605383443	0.982080637132902	0.354868113712756	0.382217737414508	0.472733355637337	0.694983818770227	0.739102440280729	0.728011248242462	0.438679692687091	0.571583423663804	0.561022632020117	0.310104201046725	0.587513192245737	0.745060478353675	0.98513084853291	0.621297060413762	0.49953568112008	0.522458112754462	0.671692773142048	0.567273912571077	0.646177347784971	0.792240525699883	0.311384187340598	0.562199157641396	0.676024541180845	0.817179010748642	0.601725082146769	0.618804959139919	0.534434032426	0.529654409175512	0.679539909376089	0.883528306720178	0.572373309555655	0.581760430028709	0.859704838408369	0.78165548098434	0.871763941727754	0.938278816199377	0.467868833630046	0.753636750319013	0.779410630255342	0.916264389157074	0.895016107636915	0.221743697478992	0.979722323712094	0.690215384615385	0.58235860740333	0.303240740740741	0.758317531460093	0.706296677615989	0.887740589741159	0.78481721462283	0.679885251434357	0.936705243606229	0.942277992277992	0.412331532000781	0.915935907442266	0.433509080257762	0.664576540423042	0.590325765054294	0.88472172988302	0.336936725221785	0.370327679894616	0.968169236852511	0.51062215477997	0.779763982962084	0.621805679526596	0.509447943682846	0.807241788682232	0.989521938441388	0.350157118685037	0.584658223300099	0.79273119827276	0.943327043156748	0.816301403595174	0.832493531254256	0.84533787576702	0.735971061813758	0.884112604122332	0.887489148258898	0.983067729083665	0.728177423940859	0.407752215558142	0.957264165508723	0.86010760953113	0.640879315195113	0.877611693781485	0.942607003891051	0.617301363422661	0.704478876222073	0.608427613305332	0.60495160553317	0.897521955585389	0.946293086300475	0.961934301423939	0.117069524046848	0.701594686625535	0.922556971803785	0.920766736818156	0.486141803562395	0.883724405918398	0.957138903167135	0.604679180754732	0.427018489268791	0.852367688022284	0.349220054106948	0.733715621868389	0.669982944855031	0.649662053427744	0.989206645986487	0.79421821572894	0.557652724377646	0.473607798402987	0.78701534275565	0.591996248241363	0.496310499099413	0.981094527363184	0.483296863603209	0.420321047439692	0.86172101280015	0.435112644611325	0.931295166534542	0.536317623085519	0.657014695544472	0.953254946945799	0.41723600623277	0.734585143803021	0.907403703851846	0.936423598387688	0.855773704289569
"SRR5928188"	0.925018024513338	0.613274267506023	0.823101222359566	0.876350682762715	0.884695579649708	0.903398058252427	0.756602097032166	0.787696966298435	0.846616456834532	0.94784889821616	0.872304504642775	0.871212767773321	0.775535091039065	0.804451715675722	0.839360615585987	0.915392987271093	0.983742782746519	0.681511040170258	0.913256955810147	0.985522233712513	0.77143655896801	0.96978021978022	0.830407480405189	0.993009215125516	0.992176215695715	0.820087782843994	0.775396410524482	0.890700749228735	0.994736559428541	0.912055543867031	0	0.89219998204829	0.995421142923427	0.906036217303823	0.967892727442034	0.977958389226439	0.923756953728061	0.688735862122028	0.94080577165457	0.604974635902471	0.949113897813245	0.974094441667045	0.989964769937013	0.872276891754326	0.917347288110725	0.890980454982377	0.661682952936708	0.835905326514912	0.971374426491123	0.89440234661452	0.892274699516234	0.989737914382011	0.777690628836448	0.919693769799366	0.812657986359517	0.904969763106443	0.688963956786386	0.92425413510589	0.866028368794326	0.965232226372915	0.877299380130675	0.765905779504614	0.909045940765473	0.991382018941604	0.713587940544865	0.592385309857429	0.864490371066228	0.850074375636107	0.874203545308045	0.779522523802757	0.932032032032032	0.843014673960233	0.863290768187897	0.825246345677859	0.648439866707058	0.979488765203051	0.878753491620112	0.98295750539555	0.996774020108608	0.536577505639704	0.976722628489031	0.897346149827604	0.869373973918161	0.93824462158224	0.985608838958266	0.809659638438114	0.919341974077767	0.922306276835003	0.784955423476969	0.924715742585863	0.850504216547738	0.996788553259142	0.993605394721544	0.751367218915876	0.997253977255768	0.606843699875245	0.950388418079096	0.907226512555618	0.960550458715596	0.873226185809487	0.830367285119273	0.963299874529486	0.930338673697019	0.793695667538342	0.990350077735485	0.944956232559917	0.90607275202299	0.740159901599016	0.848961794019934	0.694679444212967	0.652285747690869	0.827911362564828	0.597103761428484	0.764013798201306	0.714458194989436	0.889594528578407	0.836749879087764	0.985772357723577	0.736496834213353	0.932941124430486	0.99145965615833	0.806879488677365	0.819597448852812	0.893246911528447	0.963787594461632	0.849806651198763	0.802840909090909	0.708640480771309	0.826103671429487	0.761629910406616	0.868108161113971	0.990024485354131	0.824972794608067	0.930291168427262	0.880013780205719	0.807623015426191	0.594292623941959	0.967174070622347	0.983420108173685	0.979984524116585	0.972139830508475	0.971330848161101	0.973284879438197	0.892788620575587	0.950257997936017	0.951883936958564	0.965494791666667	0.909490693393332	0.861243553566216	0.774090398409818	0.910959928229665	0.900247402276101	0.981346437628046	0.979953014878622	0.860628168079966	0.983186705767351	0.683623816685836	0.984921973850696	0.848625192973672	0.802216893764268	0.913790732847518	0.922504740142933	0.916767922235723	0.799145863602342	0.922821803425807	0.97390688485481	0.989959410382397	0.966311731228199	0.743381743643421	0.575571969014592	0.992000290898513	0.908635964022452	0.942372534995402	0.827672140101731	0.978622789402086	0.935307239910769	0.906435918632859	0.862385321100917	0.874645831544604	0.885247805671241	0.594549150500665	0.577010576731191	0.650315172972884	0.991848991848992	0.47943087485505	0.879822416371881	0.806178880620783	0.882561401781759	0.98835508046938	0.982236810348989	0.986552308343922	0.954328497894244	0.791034715200539	0.769352561085198	0.932009424436217	0.860343488392164	0.714879335144638	0.653593050802843	0.911833432148711	0.987104372147799	0.984286015608521	0.181357093899931	0.89256395260684	0.76343792633015	0.840461168783513	0.856023763068231	0.912855910267472	0.970998039013314	0.989530810977253	0.58447857720291	0.793404690697308	0.99438202247191	0.403129958619831	0.94319240081952	0.712140175219024	0.907025068598982	0.844132057328632	0.935987290907392	0.862096211945155	0.991210204737914	0.969172864952057	0.895308961501132	0.956915747501424	0.775110549589387	0.778874402751785	0.904954654916227	0.894389438943894	0.908494413903174	0.933185735747608	0.911110170925707	0.864050503327077	0.960971112476951	0.96228364763627
"SRR5928189"	0.73888527434396	0.912764003673095	0.30390055722246	0.703675271087228	0.925889101338432	0.760250173731758	0.87525393123166	0.832052774544043	0.723915139826422	0.964421252371917	0.81310569508021	0.279860302677532	0.372943940919772	0.342240248121198	0.913514644837971	0.704245508029893	0.820333549333242	0.782994812274686	0.439797639123103	0.687722419928826	0.815178520747006	0.821253672869736	0.430087480281084	0.733659767045033	0.713835109854253	0.839730952104836	0.956376627650073	0.467814237045006	0.974039735099338	0.478279947345327	0.89219998204829	0	0.98891185512386	0.884432088959492	0.886180535893542	0.773203883495146	0.44973037747154	0.814451863019599	0.554684629516228	0.859791666666667	0.672653794342164	0.573124738091912	0.912082262210797	0.748714280848745	0.845082991254685	0.413670485973923	0.903662251186513	0.268992141182959	0.465437788018433	0.704027303754266	0.563664298060303	0.48162859980139	0.830198155419596	0.730769230769231	0.753062224399804	0.407189816757588	0.63773813123677	0.801884724961648	0.513327343516023	0.678901477575315	0.649490033997734	0.841664164232481	0.754885155982173	0.928644240570846	0.491521617069062	0.669538142189933	0.508968609865471	0.392076247430387	0.747047977717626	0.777660853878533	0.450934579439252	0.842490842490842	0.84831022421299	0.41939412391536	0.74974057419578	0.642982456140351	0.294496777392167	0.550955943474647	0.980825565912117	0.931819918978827	0.626147791867075	0.703754266211604	0.902055428180685	0.840183509301156	0.395550246378976	0.536354626542932	0.622315950920245	0.858050847457627	0.873269053236229	0.913901580405962	0.673308862087048	0.925212252372232	0.731288343558282	0.912874011234667	0.957578941224537	0.49420937097873	0.259344598054275	0.910809088978552	0.743299832495812	0.547721732608288	0.647731092436975	0.739028944911298	0.706967213114754	0.501263564739111	0.9632449461801	0.451974905010162	0.475780037924496	0.632382892057026	0.78652899507744	0.826597616274748	0.716336224700537	0.53037037037037	0.675380281690141	0.595097594189741	0.505643491618246	0.586640605082009	0.674615704196095	0.970924195223261	0.774987026466009	0.405899781012495	0.700339207412923	0.593042014449043	0.679812865497076	0.774673064258162	0.526369792735481	0.394517066085694	0.681469836903124	0.792328505491008	0.90560674128785	0.332775919732441	0.74910394265233	0.46879334257975	0.668254782672433	0.822303375790505	0.768036529680365	0.705705996131528	0.719384290349355	0.663982102908277	0.517311196598502	0.700066064743449	0.842913776015857	0.629775431690078	0.478166334480884	0.85982988425114	0.826278659611993	0.743399722093562	0.532177444548579	0.969015280135823	0.800639658848614	0.317907929621596	0.45414847161572	0.491613865076407	0.899190246565372	0.725353746230573	0.540303272146848	0.334757834757835	0.890749806750837	0.854995150339476	0.431546640359531	0.956223382884693	0.564710836608647	0.302707423580786	0.734786457180792	0.841911297496505	0.400834492350487	0.53250438120671	0.91701030927835	0.171082949308756	0.614594928880643	0.73955773955774	0.672908272102394	0.890709642470206	0.991524028966425	0.570766142985674	0.746600124766064	0.531147540983607	0.954296377979472	0.701039168665068	0.752899408284024	0.94042927903137	0.726672799264088	0.817060033297424	0.960306147064629	0.96267087276551	0.834063568443713	0.727316053818235	0.953561928242393	0.645167184359583	0.795784844747144	0.747658777456155	0.854104846686449	0.599448360404536	0.871029149315883	0.302521994134897	0.758591691427931	0.942133708154337	0.928164393023657	0.93685534591195	0.481958203774676	0.900915495610896	0.824271844660194	0.907349789117057	0.768923794017176	0.739714525608732	0.959188362508437	0.727622467299307	0.594375408763898	0.649316277018086	0.526084223758642	0.851791969819456	0.793274041133963	0.807733619763695	0.987512285367405	0.604945717732208	0.678675754625122	0.69929053011942	0.650321658327377	0.157670021347972	0.736110125594267	0.964341898269533	0.234145036125234	0.594671978090377	0.668681441683456	0.595738898853199	0.977426580696261	0.743613063249277	0.795997800059229	0.925311203319502	0.563827751196172	0.851486369803873	0.911118219622538	0.867948717948718	0.656395477721126
"SRR5928190"	0.944309415835472	0.986670750025521	0.993850109009338	0.995695767504713	0.973889878731969	0.999258733571577	0.986164950932632	0.893335854199408	0.942349345816143	0.999683091673128	0.931886913303983	0.98537985375667	0.988883868430521	0.989457370834991	0.896398911927366	0.99148078654427	0.897269013779322	0.987618251794744	0.993962575546747	0.996984816396856	0.973977923666726	0.99920962148477	0.993580910771299	0.959551250968739	0.939827075149489	0.984669164590878	0.982296595544246	0.996397603458301	0.999763154444449	0.963283559212148	0.995421142923427	0.98891185512386	0	0.997920458595824	0.861760224270511	0.92095587488472	0.9839313690172	0.974933382847639	0.994414086726227	0.99926886383529	0.998420478037676	0.98623038386112	0.999276951016603	0.907945946379707	0.99364664742685	0.979988773681168	0.97387960862871	0.99190948022504	0.994758757365886	0.970155697011904	0.997815792913555	0.994448920365629	0.882969949952331	0.926858656935078	0.999297182416935	0.994780118255728	0.981583141491057	0.999265311292672	0.96620673502424	0.943657067955597	0.960277458748874	0.898599670184957	0.982166379988862	0.814864709268854	0.9935482791227	0.995667812725852	0.977641196221012	0.978387233253232	0.921681850715126	0.972869607036324	0.996335212116995	0.987689007054308	0.872558691627722	0.993588072553587	0.993325996367578	0.996769882639069	0.987011054644522	0.965889133448477	0.999847735703017	0.983782326468819	0.996879756629462	0.926508536241212	0.838270412794967	0.892923376672636	0.987671394103454	0.974923262100015	0.99833446828427	0.998585981803485	0.891175608095209	0.861710088400053	0.963476362057205	0.828537617733674	0.935166483515359	0.977059478292616	0.704613787285588	0.988750160682371	0.984701804708976	0.999138906242086	0.99639151436114	0.977322608817086	0.99578689292767	0.998639602358304	0.998607556747337	0.971162195038555	0.999708193421242	0.970850748505487	0.97164188729564	0.959550764919892	0.896740396040786	0.965175164486598	0.986165105686064	0.964046392551404	0.980717130492116	0.965549759518091	0.973177987109569	0.97184709508104	0.992039772042349	0.999843538234815	0.920600306819916	0.9857655126135	0.965219848959048	0.9891344825018	0.964386052903063	0.935199290324554	0.996113760074265	0.97717668180862	0.962244337161338	0.952145959618159	0.792409268030042	0.991392291598165	0.920533921551992	0.985341694711715	0.970821336095287	0.947062521233377	0.997205962299455	0.944220651017687	0.944517193858918	0.997702591130904	0.994937200187324	0.996824646150728	0.999247584768241	0.970105187763906	0.993097723259998	0.852211772157063	0.997322878201515	0.999053704388235	0.963760943410713	0.996116660581361	0.92562342163752	0.98705501618123	0.96854983732316	0.995590897690701	0.806423667428663	0.997837006619943	0.993567143205742	0.992307092767783	0.997588436237206	0.998757477849084	0.984354808355812	0.758894259523517	0.96096450848755	0.994343262459143	0.946221440403298	0.987949079198953	0.975223591974861	0.966363882017918	0.999319220189984	0.987442521914669	0.993616825093463	0.96399659312135	0.962894695328003	0.892647411138445	0.987868126166624	0.96821050715946	0.94997701680144	0.997303723519843	0.983206199389454	0.996293165523935	0.997851565362878	0.974345618931378	0.97767703547793	0.994571453607	0.963326636953912	0.999640524326988	0.977475068424199	0.948052314337287	0.982549277444207	0.997113236967424	0.939170155447213	0.996172470419807	0.998706543999696	0.990038538116573	0.850466857990865	0.99050733619188	0.942013866070842	0.825468794123476	0.987929213632038	0.99834820576996	0.962852220584094	0.810924313424347	0.998351742398468	0.987265904066598	0.90720780129089	0.997476131383949	0.980235510743507	0.945035018276634	0.956795768759922	0.997221524319052	0.969107370420036	0.932517366854118	0.957496431307874	0.938896144769512	0.999518918429947	0.996350940326524	0.97188408169948	0.929430662871086	0.996244502228514	0.990421830489946	0.959637477302114	0.999644760964305	0.986000281169413	0.954952151088375	0.998141789878667	0.954343126033321	0.962459311523704	0.924021431308117	0.927008750994431	0.996522789570046	0.974935200612232	0.893518896986252	0.992364581485085	0.996884676025303	0.997673230324861
"SRR5928191"	0.971823962099489	0.742931196983977	0.86208396780509	0.930914079062227	0.988336205859954	0.966010733452594	0.9849389291946	0.972802250848206	0.960519140582397	0.455347298787211	0.97903602325262	0.88623141564318	0.909716908951798	0.835144624644708	0.993038360785158	0.534859789040391	0.963371596270292	0.951533621706646	0.523242630385488	0.722063037249284	0.982273391812866	0.794292508917955	0.866987530080945	0.95919472781439	0.938321030902039	0.893264748432728	0.976235552012754	0.846929133858268	0.928623452294246	0.94499645138396	0.906036217303823	0.884432088959492	0.997920458595824	0	0.98403248374441	0.971982862369422	0.828369510348309	0.983247941972253	0.899010931806351	0.734092803556543	0.716374269005848	0.852848433886903	0.770161290322581	0.920842761230016	0.837550765385817	0.882672882672883	0.954929577464789	0.880024737167594	0.792587312900927	0.949624482705768	0.796791443850267	0.828332700341815	0.976184725375586	0.948046912862266	0.489922063961301	0.877396250263324	0.95881978348546	0.533549282739472	0.901040715720285	0.961196346486777	0.82300182554171	0.966870197785504	0.934701986754967	0.990320824343127	0.910502844840843	0.674270703719065	0.731390026499639	0.929879518072289	0.956256225908441	0.947716015410016	0.787125091441112	0.916378714581894	0.97359187936899	0.845452363810895	0.895001091464746	0.766450417052827	0.825979527003177	0.897590361445783	0.946784922394678	0.795712011983897	0.732044198895028	0.972335773362487	0.989518174133559	0.966487662293522	0.770430733410943	0.776704610785328	0.79317697228145	0.23037100949094	0.974640651472919	0.990667032665386	0.964122870170386	0.981250273798572	0.942534094882853	0.979624499846106	0.988830573003615	0.946155981126839	0.892421441774492	0.207628955353273	0.510530749789385	0.945304937076476	0.973938371914763	0.753453772582359	0.767554479418886	0.944444444444444	0.91044776119403	0.889399887829501	0.927173913043478	0.935445855702501	0.938668564404477	0.955842445000659	0.94188376753507	0.788399742930591	0.944227260880896	0.934174221521482	0.953702967146607	0.905178857447944	0.938544586317866	0.842758620689655	0.978040221861676	0.78511471740347	0.950438822922044	0.950906790383804	0.96932483002161	0.962558336868901	0.764467826790773	0.909217552820989	0.936504400133675	0.96305104608279	0.96552175506571	0.834840871021776	0.95812274368231	0.794925124792013	0.958010853126946	0.957310991422302	0.316628701594533	0.946055367107999	0.950132758048457	0.718568665377176	0.767441860465116	0.596072931276297	0.799265605875153	0.948490028490029	0.678537054860443	0.977183320220299	0.552952202436738	0.804801670146138	0.905210536435301	0.906493506493506	0.964127063951052	0.89314789687924	0.896276036187671	0.803643724696356	0.974273590470573	0.707700366684128	0.651566140305462	0.855009334163037	0.532835820895522	0.710801393728223	0.913405743192977	0.978418327215522	0.915414485902414	0.824857056876317	0.857726170728595	0.924272910188403	0.907431707026124	0.897087986640225	0.78213802435724	0.871862615587847	0.630476860812951	0.958817268983388	0.903851779619698	0.986110448188631	0.994794995890786	0.949198970698099	0.929850308189023	0.817594834543987	0.997241037794245	0.92979226926111	0.958333333333333	0.995351323710573	0.956373611787089	0.679344346267128	0.946385165636503	0.911554921540656	0.928970148046275	0.973386934673367	0.978561148698946	0.678931943992185	0.968605724838412	0.71593200806684	0.665042630937881	0.857904946653734	0.973890230698759	0.618161032173771	0.962293488824101	0.990205223880597	0.934771965502956	0.564888248017304	0.949067996849567	0.980546128955884	0.650756693830035	0.919092142964862	0.965907126309602	0.809443507588533	0.98685208596713	0.901246124144387	0.93544382371198	0.708255159474672	0.88712077847739	0.920838525251044	0.982667222586217	0.972129732396103	0.879288351795905	0.86241134751773	0.965986792122027	0.923611453353704	0.840627041149575	0.859961501443696	0.961759230530562	0.913597733711048	0.885252365930599	0.953161592505855	0.781113801452785	0.963618178408452	0.970612619736993	0.953736001468698	0.978714386625854	0.983804143126177	0.767395626242545	0.984213681476054	0.986316603810076	0.74451273046532	0.724039829302987
"SRR5928192"	0.455402451009888	0.947946954116729	0.927366447985005	0.978103934598652	0.965835652765998	0.990529742527375	0.950071581961346	0.46529086030713	0.465649147700036	0.995789946391984	0.395494233049477	0.827562932780041	0.867211895910781	0.910342748014876	0.591486679839204	0.96191183491592	0.453847927026048	0.919348584722761	0.932089012666363	0.959397365562951	0.852626524824823	0.988224356987914	0.919241390090137	0.565178650984585	0.620891146764121	0.960585473074233	0.973715166511175	0.952906190862395	0.996817096737524	0.786501652360991	0.967892727442034	0.886180535893542	0.861760224270511	0.98403248374441	0	0.340697589213747	0.807032546908798	0.819537027582887	0.956693112335136	0.994440787067515	0.97791842083252	0.95146738566836	0.990312438036428	0.416033172080166	0.97428139183056	0.775910633892674	0.965824730946629	0.905705270780531	0.93217006635537	0.90087660148348	0.971709448388859	0.927787532923617	0.902202959437361	0.66151811787177	0.99381926683717	0.942326642808983	0.812588637690832	0.990326884589727	0.813487011101432	0.535854131234426	0.585211358641789	0.461407324672271	0.935766124910559	0.18118600580294	0.934867800982192	0.95717209121029	0.786072132393095	0.811990977086549	0.352277520033741	0.980410134848044	0.951243536074858	0.986112163219958	0.119827973914999	0.920067400347533	0.979942760080974	0.957468101075807	0.875788353891745	0.667564394724121	0.997952684258417	0.950512405609493	0.958929613471531	0.374254826536379	0.160756763418993	0.37217135537739	0.869902912621359	0.888031614602936	0.97848699118185	0.98145739351839	0.905637063443594	0.197519365221595	0.676881326387101	0.144949602989845	0.69634904753497	0.969534725887942	0.41896855088061	0.914082108282539	0.827558954748247	0.990698189469022	0.967835530133466	0.741438722403099	0.971590063959542	0.980726671709107	0.98908880500372	0.73628724898032	0.996081994208165	0.827006786800842	0.700337091712193	0.6888916050439	0.289437500965564	0.764191166225442	0.882869577204072	0.650822471521518	0.833736753249395	0.841915288455656	0.904281464234898	0.861926817971283	0.978042717731541	0.997901602155111	0.381080274544912	0.84393506228303	0.615264367816092	0.889686884169039	0.674206258998257	0.395872491503864	0.94802403130684	0.750783662117891	0.711951167687226	0.678550964538104	0.375942510275744	0.906246072640442	0.360181311018131	0.837920410118323	0.686834161931818	0.614012289527911	0.964053350683149	0.522008715182462	0.559073879037967	0.969679235292478	0.933978873239437	0.964232074317183	0.988716183813366	0.662878610002348	0.941351673345608	0.107712679640136	0.975075801830371	0.987517841650108	0.733812786937151	0.960359861591696	0.370910414896753	0.866183173428017	0.709655825119457	0.941923380189782	0.203339199703594	0.971335796663308	0.930516481766548	0.901374598287829	0.981876196553925	0.983510144356586	0.815127294256957	0.550887638503044	0.666060752064125	0.938445796758038	0.470589423912385	0.963341988697113	0.736338215081283	0.808645958152825	0.990876377751962	0.881012592225669	0.922882171249177	0.678887164868473	0.635080553664624	0.271497814229301	0.972755173465908	0.735641707731891	0.506481461964884	0.963574242966963	0.974435025122291	0.978368460442771	0.973208238215889	0.969312059137406	0.931366988088486	0.967807034403229	0.969667064873007	0.99517278587046	0.893875708764704	0.759788720395297	0.964890735988935	0.975654719947948	0.407151418298042	0.962774231615083	0.982796062836675	0.976910303381744	0.324145009347165	0.888076518603836	0.451005076142132	0.485861415444091	0.973694672674264	0.987246906993878	0.749126917466071	0.184582066059953	0.978048574564489	0.966820795836855	0.549285896454986	0.979200705412485	0.976308758040574	0.47591734108588	0.598698156435347	0.963279272261941	0.777485311398355	0.449108852555605	0.714183965693766	0.404353126936222	0.994826524327654	0.95442239453279	0.729411302674469	0.507965844823125	0.959071026869402	0.90081904611414	0.880098659373479	0.995117381553922	0.855478694679456	0.577244676593863	0.974247491638796	0.596241869429053	0.979058244813574	0.5507796341924	0.346666666666667	0.957980830670927	0.712490743616081	0.163484281261258	0.987656127375996	0.989582467514477	0.968099320788331
"SRR5928193"	0.205640560545332	0.941112404701994	0.880453905700211	0.964752656930958	0.928597674794597	0.986786395570651	0.953630976987736	0.296256802470952	0.226581133316885	0.992783040144339	0.160406142149752	0.719241994491717	0.785766393774824	0.847512437810945	0.623176724985257	0.847271406519568	0.241289005282081	0.88748278460619	0.886278672635806	0.932783077151189	0.751113378195444	0.982543766712073	0.866666666666667	0.332215224534502	0.36240293040293	0.96863711001642	0.97899902201328	0.921084733039317	0.994259942599426	0.575804970929244	0.977958389226439	0.773203883495146	0.92095587488472	0.971982862369422	0.340697589213747	0	0.681421808819865	0.761313137043551	0.891306166847962	0.99534277933457	0.964340547768808	0.793763102725367	0.982575024201355	0.156769701538871	0.964948453608247	0.644329298944356	0.97574864339787	0.833579817311875	0.883217951778467	0.80711709800594	0.950534759358289	0.874350086655113	0.828588703582405	0.45116447012096	0.994419030192132	0.894345888316001	0.724962816063461	0.983054187192118	0.612827827999862	0.244654628833477	0.375300930444401	0.311220592728384	0.90661572249466	0.485132142329839	0.877607337066797	0.923222449944821	0.594266480087743	0.608305911721321	0.141408751334045	0.869563720257567	0.918075983327744	0.977013415806411	0.371079385680294	0.874652559849368	0.972455221420461	0.924619401882051	0.789540012602394	0.453163827565095	0.996306176893084	0.947605829285219	0.927231549406725	0.0767542180360926	0.469774973647627	0.259393200311179	0.778996166532941	0.789834550603667	0.964205603016275	0.967248374639488	0.87959731788866	0.498965881314994	0.488551153503606	0.45784020190303	0.479615831373771	0.933832388552016	0.65803435829668	0.814909492883792	0.691282007728566	0.986892301672699	0.946765465802174	0.588228610385183	0.921093179790771	0.969232306078617	0.986127952660426	0.524236922339077	0.993349022817968	0.621423819028609	0.50239584476389	0.495465836650406	0.265447577110472	0.691268228331016	0.831647913402649	0.452120181776572	0.758055364768418	0.751686100536555	0.763855421686747	0.783813263525305	0.90998127610543	0.996222369697279	0.147932440302854	0.742893617021277	0.399008050603795	0.826365273054611	0.53114895451606	0.141829977023922	0.911984473556526	0.598923485216611	0.588839941262849	0.568332202239566	0.595091764954779	0.848272429383218	0.122061222531427	0.727197455005012	0.522191967324711	0.476892461574717	0.937865359230624	0.304171128868386	0.349714745638331	0.946157272232395	0.884890694525053	0.940132162935201	0.983411723056693	0.466522999182582	0.878998870907038	0.424478020634688	0.959354806886006	0.980553477935677	0.487754458498301	0.969778473274977	0.176352943977524	0.815768670688579	0.48945559775728	0.902194000852959	0.458128218185933	0.949122106943336	0.887646577583856	0.828970168126259	0.972339248478659	0.97240823724888	0.700160901045857	0.744641086548681	0.44725696181424	0.87615320100643	0.225327536746222	0.973820215199526	0.561571525525978	0.598989898989899	0.983585665494214	0.737665887747454	0.872554781294602	0.554062893081761	0.433612735084877	0.416865142152862	0.982917509552709	0.503942224872457	0.265212327257846	0.939467429790949	0.952357997911143	0.967916100213634	0.960391946086741	0.928158006605409	0.850515463917526	0.951133035301372	0.92754662840746	0.992221483035669	0.811922784397523	0.606872181150323	0.966729238138391	0.961056105610561	0.139076314564914	0.937528921795465	0.971083362822911	0.830840407851592	0.412154094941587	0.818728876432281	0.218919401918151	0.703073747676918	0.984292490826099	0.979060244015705	0.519718595684232	0.434665736744983	0.96071914186433	0.975012874191165	0.339396515087123	0.968098588471791	0.973856209150327	0.244777475022707	0.330583040577561	0.938434216368211	0.579519237925132	0.259130434782609	0.586209563586442	0.132578513839974	0.99570139855906	0.924359604810228	0.612198581560284	0.233099141295863	0.932869963047686	0.796905135680646	0.773285067049154	0.992839240959542	0.714273404851148	0.313398107096815	0.957830132647001	0.349953128661823	0.95409156826186	0.30302802614772	0.121196728805811	0.969295065887671	0.542062855615382	0.281926710266791	0.95845587617431	0.983445168242151	0.947846700908732
"SRR5928194"	0.551237662136324	0.951852165804866	0.531748039463698	0.908898305084746	0.976431672524292	0.84811646405523	0.998873080715594	0.780496435973914	0.638379452118076	0.861018934218232	0.69502305612975	0.259134463514794	0.346200731409996	0.610764262648009	0.900080543090553	0.895497498610339	0.746195580256716	0.825307571978185	0.514114377651017	0.812326485285952	0.759718878835671	0.880585053095572	0.654060913705584	0.466703739746976	0.602384037315367	0.866526757607555	0.967044853059628	0.580814312152992	0.98334045279795	0.401824291886702	0.923756953728061	0.44973037747154	0.9839313690172	0.828369510348309	0.807032546908798	0.681421808819865	0	0.771779979501196	0.839726631393298	0.907870943180737	0.78809923521731	0.872303496156707	0.928705440900563	0.694330646227038	0.866666666666667	0.212764028646542	0.924387646432375	0.552450980392157	0.597056418642682	0.766016956559741	0.684331043506706	0.563446650959273	0.831674531994364	0.675980453577246	0.838691322901849	0.7246772591857	0.502121316362802	0.777330895795247	0.431956811330015	0.569591226321037	0.418405833542872	0.764718418669082	0.800640990819708	0.854971644612476	0.720546269873624	0.75640295959021	0.29032813711136	0.29830304074425	0.670126524736723	0.926254310041517	0.687241436372663	0.879960426514235	0.786350440387738	0.675762439807384	0.884532114505653	0.702944942381562	0.434874651810585	0.406972250135271	0.993993993993994	0.95939957112223	0.747126436781609	0.643323612765433	0.828003713286851	0.765604472823928	0.385849552866912	0.742462102282192	0.749469214437367	0.779989337124578	0.815452472245195	0.856971884148699	0.613755819192071	0.843310254682107	0.625152684809694	0.968155535070812	0.911149101326064	0.720215327950135	0.215276981305196	0.840811965811966	0.832834770367764	0.249632765920677	0.89300244100895	0.811211712579464	0.793675479523069	0.393078476429218	0.968193384223919	0.464168848167539	0.379646654408826	0.532691169348329	0.72965549484265	0.775785188057387	0.719358816276202	0.413467030526115	0.534544674920941	0.571636716852841	0.713098236775819	0.46488874861922	0.917323443053624	0.944105904601807	0.70870790285791	0.236216839677047	0.409573649376635	0.659588499076761	0.61026837806301	0.647011053462666	0.697923875432526	0.271659817160111	0.584348398626722	0.72866778045913	0.883921962235744	0.531630563638323	0.676621732330379	0.259578662067266	0.472714776632302	0.654038782586362	0.713256032591664	0.597720850511882	0.662495896107686	0.780918727915194	0.671570304481697	0.809838472834068	0.922718996560793	0.318934127772261	0.732337379396203	0.813339638458397	0.904464449751975	0.791387559808612	0.440449274305302	0.97401672895533	0.691509329800155	0.512873438348724	0.322356613343738	0.625697433444923	0.852493645053883	0.794174013031813	0.66201896263246	0.420512034340028	0.843580574460722	0.913734843967402	0.194217347956132	0.926194787686368	0.492708677004289	0.677925211097708	0.521782647632092	0.883546034639927	0.296442011631885	0.415515903801396	0.932734489241696	0.514202012482486	0.591414590747331	0.63916532905297	0.434385137127691	0.827077481143969	0.990718337233747	0.498437092992967	0.527070909842357	0.66649386556074	0.998797032680612	0.907283554741182	0.878807310035268	0.998186998186998	0.846082593593207	0.792768483540205	0.984905173525997	0.984292082360433	0.798425430778372	0.691881918819188	0.964093357271095	0.889968652037618	0.600900071596604	0.888495575221239	0.908301353261967	0.875151352078569	0.825622845121452	0.48197625106022	0.590695689287239	0.914551715342431	0.945147679324895	0.883030371457604	0.414087947882736	0.857907506528624	0.906504873682117	0.933295344082057	0.730561588582066	0.892462436359121	0.980692900884554	0.564454465248505	0.518923257393344	0.845616614592906	0.363002324809034	0.706030397123713	0.764578306720525	0.607108106724023	0.961876510656998	0.709775832338506	0.574730656219393	0.624661016949153	0.728170083523159	0.601607501674481	0.751280376722923	0.986443550095319	0.371912659587161	0.48494668002121	0.802754000744325	0.550191650264167	0.991555501162648	0.693429493564968	0.646186440677966	0.969834087481146	0.274456282468962	0.738833058347083	0.976630179302935	0.889386074816538	0.800295311923219
"SRR5928195"	0.714018691588785	0.975958222484974	0.826236207601144	0.692725596231964	0.867107284832817	0.888725960182731	0.813800962857874	0.586138295226811	0.637354795226579	0.995578090914451	0.652895931795014	0.74879883016503	0.733509303107937	0.789965606868125	0.422257559913231	0.96277260730657	0.785555762617107	0.549302219171814	0.906779661016949	0.954564060581253	0.150970126270403	0.978395975140574	0.823277624798931	0.73463007988885	0.736515989520522	0.933679459417151	0.34066877041466	0.895643794461922	0.99665481915116	0.722498847395113	0.688735862122028	0.814451863019599	0.974933382847639	0.983247941972253	0.819537027582887	0.761313137043551	0.771779979501196	0	0.781943967679755	0.894265506538442	0.956967213114754	0.931913739319137	0.989820216692463	0.7145952900943	0.974284176838766	0.68651770022596	0.810464824407275	0.81249492681079	0.914704702984476	0.469398811942493	0.9147595451551	0.924239371347975	0.649489865324446	0.712070076978499	0.924139663401155	0.813865147198481	0.445686728228196	0.973620473314074	0.743904138219312	0.674041629996521	0.697631243429441	0.595188205677073	0.533468903575665	0.857941957673901	0.734997798554816	0.85714648839633	0.768126701311557	0.706147297564839	0.690671594470714	0.830318530574285	0.918661385683945	0.917669411019633	0.726488588091295	0.867126119917298	0.677683547370972	0.951730578415922	0.80203314449092	0.692879049262028	0.997848241236066	0.978545887961859	0.950116686114352	0.701049937906898	0.753285994863272	0.76167723061921	0.861330110155756	0.866830045337581	0.914266078689651	0.980537965491199	0.683589997379989	0.773793767296354	0.592668525504346	0.852575808235385	0.743677181017334	0.32319886064584	0.900061540595124	0.58734301092807	0.78639586331894	0.987796019177684	0.963691201206427	0.655850589517487	0.749475809582977	0.967107972933216	0.941710518706991	0.59082483781279	0.995166343428316	0.78304853374936	0.64462089667861	0.560803680722637	0.697915013804703	0.482265960635428	0.499164527040796	0.659260256755544	0.444748819959541	0.62138178744982	0.68034199512075	0.797410363368939	0.662825519273616	0.996662494785148	0.5998362082203	0.81120392858096	0.725025722010863	0.52137024315902	0.403692175172765	0.707283572717997	0.93325428728419	0.646530131133048	0.576684910710719	0.462148852276632	0.781869792818698	0.768422711276853	0.681239106607011	0.830425831617727	0.602297630856537	0.772124233128834	0.963161933998465	0.618028817528679	0.465167579876183	0.956051029962547	0.930437292538606	0.960230093146845	0.981210360974453	0.70628378543649	0.919545777146913	0.736225803882	0.976228024064015	0.964789560310369	0.699082568807339	0.995002614910802	0.653028408075755	0.82122934427955	0.680155716826068	0.921475821167883	0.847745715264407	0.96519387365141	0.904033805009591	0.892588188664289	0.977367353474965	0.976056754360035	0.722372453578511	0.814797996834376	0.663102334258543	0.889136631763145	0.73496295676196	0.93144377910845	0.661998962732459	0.787473913982106	0.990412671946644	0.853969986357435	0.9175465057818	0.357359593439937	0.71649788730732	0.74222402378057	0.995704499166821	0.581066696863322	0.73758089907294	0.932863008153588	0.904231198745643	0.70549428413154	0.758307998742006	0.886784416552422	0.360361183717487	0.953202896009219	0.982869663368966	0.994986571172784	0.758928184301427	0.402979836091466	0.898607934121953	0.914949259501407	0.756416354724629	0.890946906883274	0.980740740740741	0.941708986531243	0.649545772187282	0.826214328686145	0.743348126958753	0.737371110363186	0.856599785206526	0.986668791162099	0.679660043643046	0.847545656585177	0.97782770649796	0.726395142584254	0.648757148241	0.826061000759796	0.567860845756621	0.686469787199447	0.672682016179216	0.95356308411215	0.75946918688637	0.793413476108698	0.463264622598423	0.763067499896536	0.924472905984724	0.839727007540316	0.392673561023182	0.708276875512891	0.834990872183319	0.856496801235385	0.372521246458924	0.995167064439141	0.816568047337278	0.663418683911562	0.956222748953853	0.588566677060597	0.988200056104028	0.702241353718272	0.711789738109968	0.825645411299375	0.696882159577647	0.751472623684295	0.427400914634146	0.979468388297563	0.953707221556536
"SRR5928196"	0.923530332272704	0.918223293449255	0.74475796013461	0.352709006099749	0.911856224187678	0.57087768008638	0.911970323869311	0.918287542532121	0.882424185959845	0.969654056241149	0.945948110185778	0.703981968444778	0.797185430463576	0.680351262349067	0.897474922172259	0.722348916761688	0.912340255591054	0.765432624717761	0.699263932702418	0.739996170783075	0.766246767331276	0.848264394096861	0.785454545454545	0.941714768407715	0.861470049699189	0.916363636363636	0.851547154114575	0.759835025380711	0.975122167925367	0.741406846746754	0.94080577165457	0.554684629516228	0.994414086726227	0.899010931806351	0.956693112335136	0.891306166847962	0.839726631393298	0.781943967679755	0	0.72421806913915	0.718587145338738	0.628201876743596	0.925925925925926	0.876229726136666	0.878988941548183	0.711915952446779	0.948800862301266	0.639097744360902	0.71592249368155	0.630076645229495	0.735085945399393	0.851440472058313	0.916372863847657	0.870050077852123	0.736058394160584	0.285678009141696	0.573861661452902	0.829111531190926	0.770929489455372	0.714788732394366	0.879450661241099	0.934739547084962	0.615009051511328	0.982018209408194	0.604858803986711	0.767033391237213	0.774122998862742	0.717210604602327	0.894957662674498	0.824673936283943	0.593382227528569	0.922619715150836	0.944101220777937	0.632401315789474	0.562281344072899	0.815774541327785	0.733257532689028	0.793054793446735	0.983935742971888	0.935409123823316	0.740803621958121	0.847726238258783	0.970108426331543	0.941261405179564	0.826778017241379	0.723828851682733	0.624432104997476	0.876996511841381	0.960224555043677	0.974210711052816	0.842602414507249	0.982944878338766	0.870360329274905	0.783935540020775	0.989906472821558	0.529631223991964	0.672326970371238	0.922737306843267	0.777212429583863	0.87167559027473	0.245752175714878	0.776890840151666	0.71856607811664	0.757703970100839	0.969135802469136	0.743606775157755	0.7664044123611	0.824811172091507	0.902770026143407	0.922208158893973	0.756854939039562	0.781344289657829	0.893922173513016	0.81832052749169	0.679108280254777	0.879782295501841	0.362795800031343	0.975540511028609	0.89079373650108	0.810600706713781	0.932885906040268	0.492258408969568	0.628540403583386	0.927768933363657	0.735	0.748105254193988	0.872788502585021	0.78084748926638	0.953171958503615	0.758874601604572	0.878683362075429	0.865440342698753	0.907863604732081	0.947025581295026	0.866817155756208	0.870322791610221	0.863254140197554	0.710987107946892	0.766678432756795	0.779043280182232	0.866890615158514	0.884408602150538	0.631444124239513	0.943896597112833	0.850275508265248	0.778394449950446	0.771044268716281	0.973156830299687	0.92738320180801	0.74005540166205	0.74420261179264	0.708846216970294	0.948529147659926	0.784041286224692	0.799199084668192	0.846444899889642	0.900106019554718	0.833024118738404	0.814822335025381	0.983335596794938	0.793789649415693	0.508059516429014	0.90267510503643	0.925081433224756	0.667477414871439	0.763021243115657	0.930106359887128	0.598227089036631	0.898093508851566	0.900889248181083	0.897041243275553	0.962825609024894	0.991770204945867	0.796520822351081	0.919794712657397	0.673622257891921	0.960584528757206	0.336748952026083	0.274708510406451	0.948691280984573	0.654411193159736	0.87036021210459	0.959029486681345	0.968660339880821	0.918482045160649	0.682473932295386	0.949173996823375	0.755483870967742	0.940848559925674	0.412121212121212	0.863760217983651	0.655315042051565	0.936861035635397	0.71054907047125	0.916828269769446	0.979912140182599	0.958695505693686	0.942145902961853	0.744160483649354	0.951721702934235	0.850629255209408	0.944693622904934	0.755382215288611	0.819636733138575	0.894690466715934	0.896251607160518	0.807204844852344	0.701957802699107	0.778658125421443	0.950024658885418	0.757757375977334	0.957719543081615	0.803040390590324	0.311863024867509	0.622727272727273	0.841588385994876	0.549339549339549	0.591214824982842	0.692456680385986	0.970050649636644	0.576149250091452	0.807181563746799	0.715440893338467	0.802363275122869	0.976548509751012	0.876068547577959	0.938105401411919	0.31935063396137	0.839312874653306	0.956145377771075	0.817814038163307	0.874237100055484	0.697594501718213
"SRR5928197"	0.98000582354654	0.417254060680355	0.780155004912128	0.729635222125089	0.936653079211193	0.713311442283405	0.879376172911409	0.986182227993238	0.909527552178849	0.850736908121668	0.926697209496043	0.89453125	0.880529777457429	0.774490279753438	0.95286111268644	0.839545615903443	0.989899310739129	0.899389754295809	0.810924369747899	0.953139080805047	0.936838164509573	0.922190201729107	0.787411056376574	0.992839332523496	0.983844282238443	0.937134909596662	0.936163550147625	0.936167463496576	0.984503958228061	0.931800959838343	0.604974635902471	0.859791666666667	0.99926886383529	0.734092803556543	0.994440787067515	0.99534277933457	0.907870943180737	0.894265506538442	0.72421806913915	0	0.917775090689238	0.938847763115546	0.98314606741573	0.888145163848619	0.925563425627817	0.770307667263552	0.963142699182997	0.914604354753054	0.919402985074627	0.895678833326428	0.945718550685303	0.980547450326525	0.951181307923248	0.914040796888642	0.43971031985516	0.644076898292342	0.777718350537519	0.82453531598513	0.956824333032607	0.886934083978419	0.874031346501194	0.981079060655273	0.872558991049634	0.996233034807497	0.866088370832204	0.439518521658049	0.740090160111923	0.967817164179104	0.913137815065273	0.966248545195914	0.892299260071252	0.947642967542504	0.942388009832701	0.901271332035277	0.725193064257613	0.962213626896757	0.943304007820137	0.964487034949267	0.99526787223255	0.501082322072811	0.95041567695962	0.966330755409734	0.991172615835325	0.937974460071794	0.95981487752568	0.768644898574768	0.828950935212795	0.791630340017437	0.984984693133777	0.963790807328222	0.907686510926903	0.994424310008364	0.985544609152012	0.932368975009446	0.996743598210118	0.793534118259286	0.955684780429116	0.735991849803522	0.899394638224272	0.968194574368569	0.777036168485614	0.912814148309029	0.824481681340528	0.958376024590164	0.974543627533077	0.889754432821426	0.854402789886661	0.971267264845247	0.907322847962117	0.927655871492744	0.883604273107292	0.738302374794263	0.880976295701085	0.87900535732336	0.838342573679603	0.95836025558188	0.759526660562091	0.955769870302627	0.986545208742395	0.839395465994962	0.991859077830023	0.857116754978988	0.823426944810299	0.911699402220325	0.915280739161336	0.892244650174533	0.887556621369571	0.921851267236501	0.878853754940711	0.872223277007784	0.979294887758369	0.971617584293641	0.877507118000633	0.97708807279818	0.6993583868011	0.972506785745556	0.901144132831031	0.939686369119421	0.977186311787072	0.935252871848426	0.934172313649564	0.970012744583552	0.924488998828278	0.950060697392105	0.901463123320394	0.921604938271605	0.93251369771482	0.954902531277277	0.916344191936959	0.898470363288719	0.958919687277896	0.925876726886291	0.979760841780906	0.95890622586127	0.72374510501958	0.968629467729493	0.271463119709794	0.939548202354438	0.961010190518387	0.936467317473857	0.872273004265692	0.867883859515659	0.897124221761044	0.952148340145549	0.819572101645169	0.950795334040297	0.983118172790467	0.933889743026576	0.4341758563482	0.903648519579752	0.982050070854983	0.954891748805578	0.990402780926472	0.882848714707122	0.964160070360598	0.889804032945186	0.968972458147184	0.710928512736237	0.762721447418017	0.959820959505747	0.840971838763114	0.342277539804413	0.838613094365696	0.984579282601408	0.806324585204216	0.856109242841129	0.906253487000462	0.701637197118533	0.982123119803931	0.706782825140012	0.968417660328714	0.935313075506446	0.983951931852753	0.54037615794891	0.994899744987249	0.976702717370237	0.783912330880226	0.237143987341772	0.890813582640235	0.99489574283232	0.980261063355619	0.689397838394236	0.870987009108556	0.756768371293511	0.96192147522946	0.849286604792908	0.87588815035526	0.927718040621266	0.976689976689977	0.753594976452119	0.891038749934455	0.995091906457511	0.506655018243486	0.733227200363884	0.808258362168397	0.88163347415007	0.725455935350005	0.856422018348624	0.857651245551601	0.983935742971888	0.914279784142798	0.97377660741716	0.88505053552572	0.903798453382618	0.906779967456156	0.920233758348512	0.982402418698399	0.744986834109783	0.875356803044719	0.987799942179821	0.907463856470998	0.908506284712073	0.903191967630751
"SRR5928198"	0.925873221216041	0.975967619529471	0.678206724782067	0.872529245663574	0.970192229702328	0.725108225108225	0.966042495391482	0.96316335398503	0.950551926109484	0.878246753246753	0.968022572301905	0.737780948983232	0.784982361834369	0.729949990739026	0.982293209988075	0.886838124054463	0.972206401640278	0.932901528185406	0.505091649694501	0.492063492063492	0.958263565891473	0.336363636363636	0.78641263474555	0.948546927108147	0.952869384575435	0.864514984926405	0.976593701026237	0.534901658310837	0.876106194690266	0.862488306828812	0.949113897813245	0.672653794342164	0.998420478037676	0.716374269005848	0.97791842083252	0.964340547768808	0.78809923521731	0.956967213114754	0.718587145338738	0.917775090689238	0	0.795928143712575	0.622516556291391	0.944724570648671	0.719740358915617	0.795798319327731	0.933351297943052	0.655657062543921	0.522482014388489	0.929545574219367	0.435897435897436	0.733788395904437	0.964282214600686	0.956912028725314	0.773813316342784	0.648979591836735	0.892406464467567	0.473084230525649	0.871384496721944	0.918733378687612	0.885495547973704	0.959936992896841	0.908665105386417	0.986288232773572	0.753757811180544	0.802435723951285	0.908290155440414	0.827934698108318	0.934686986270938	0.918410852713178	0.316914498141264	0.870918171340761	0.960005441436539	0.589958158995816	0.84055944055944	0.557106598984772	0.739181746656176	0.905814724740217	0.906614785992218	0.981186256064957	0.408805031446541	0.928138443488463	0.97428216868501	0.97004160887656	0.785079450579047	0.882193468884781	0.414874551971326	0.694700460829493	0.964622903476619	0.984966283220944	0.944796717642671	0.987930422435215	0.957287644787645	0.971041745016924	0.992791572428974	0.857436198298621	0.724937862468931	0.756521739130435	0.517857142857143	0.849518354595158	0.835044605285306	0.210769230769231	0.492616033755274	0.859598853868195	0.815757575757576	0.89775591023641	0.89974472035275	0.910155186496052	0.951536331267308	0.960987878950044	0.9190673828125	0.877127928535311	0.913314370851957	0.900409836065574	0.878388522812578	0.863827849254241	0.891061761131367	0.870967741935484	0.948381621079434	0.799539652646997	0.937163572448643	0.882018983411692	0.920722092327769	0.951187479479041	0.49708840656432	0.81847609561753	0.916071839742114	0.952235236185853	0.980768723454771	0.7271714922049	0.941471062143448	0.832465688594415	0.936767051318135	0.95110426296867	0.779205138498595	0.9250678119349	0.938015474874585	0.244952893674293	0.605115089514066	0.452793834296724	0.397338403041825	0.86720371048456	0.599211045364892	0.965518859072997	0.595360824742268	0.251874062968516	0.913238289205703	0.908564814814815	0.9446735395189	0.723372224313135	0.850515463917526	0.389588581024349	0.983375343941814	0.397136397889977	0.766534593111856	0.73936170212766	0.847634993721222	0.475438596491228	0.777488190259	0.988770520145555	0.923295454545455	0.463699379788398	0.912536443148688	0.871852610030706	0.819766696577362	0.881542393599289	0.640625	0.755050505050505	0.880415604783376	0.930096533358695	0.926806575002585	0.975750242013553	0.989774859287054	0.925686873092019	0.921508508355051	0.318565400843882	0.992744947374064	0.867881548974943	0.805708013172338	0.990151033199029	0.933784458876425	0.843641898436419	0.992397043294615	0.81219512195122	0.962028437577053	0.93948874161281	0.987782579787234	0.588589795098433	0.951605694949882	0.703703703703704	0.443396226415094	0.759457933370977	0.971799519453695	0.7347049269085	0.951524944455665	0.986087595112299	0.967425205036387	0.898912605718888	0.865560165975104	0.985549479062712	0.438380281690141	0.951430113329736	0.948551466177353	0.782316194137434	0.985987127361109	0.914117860820059	0.929790346172599	0.450322580645161	0.908990555623697	0.954988016776513	0.955449145350952	0.966103862880532	0.984908824145881	0.635416666666667	0.911791396938714	0.926023644020498	0.695337820992271	0.747621712367096	0.941671295928895	0.821686746987952	0.738084632516704	0.89711053355756	0.394470667565745	0.904638339279922	0.995656587722793	0.959822691691031	0.94470536967995	0.912013536379019	0.885882668095366	0.961418285559027	0.976460203030749	0.628537735849057	0.252128356254093
"SRR5928199"	0.943297550233966	0.8993497314108	0.777083333333333	0.864523762571485	0.879587089829107	0.97370823443491	0.916999692591454	0.829841567646446	0.874590684717267	0.961899923799848	0.942177722152691	0.726146071471544	0.840609840609841	0.697680157946693	0.921118939853483	0.500831946755408	0.897321121134908	0.92308719455201	0.696336931516546	0.667061892340526	0.85352596195108	0.873850197109067	0.74484613086346	0.921212121212121	0.70942625213982	0.968360498561841	0.982539569877209	0.794261985654964	0.971967963386728	0.49518477043673	0.974094441667045	0.573124738091912	0.98623038386112	0.852848433886903	0.95146738566836	0.793763102725367	0.872303496156707	0.931913739319137	0.628201876743596	0.938847763115546	0.795928143712575	0	0.905289393519801	0.830135478990441	0.956048084147258	0.810868461147791	0.982511923688394	0.655577860625179	0.726110772976263	0.817385693215339	0.789772727272727	0.780067283431455	0.84192992533027	0.697675440523795	0.901779603011636	0.642794759825328	0.901082677165354	0.918767507002801	0.500038235069206	0.690685599237046	0.900013585110719	0.941351232394366	0.910352435696452	0.977568936844955	0.699513099930443	0.77917913638307	0.662541966426858	0.590712846589274	0.909090909090909	0.574203454894434	0.603870702079473	0.978258121602832	0.955296502787633	0.648966613672496	0.895436420026584	0.752861480962392	0.740146360251637	0.747255552718918	0.979286536248562	0.921118400499844	0.684749708963912	0.824359915374984	0.978075764011083	0.934759866856871	0.762231224680586	0.62365988909427	0.851326716629532	0.849133078135555	0.967094557946122	0.974023529411765	0.80245862380927	0.975678673838876	0.661324620092319	0.918123248490452	0.985922750802239	0.707392514692236	0.688570290720828	0.898871331828442	0.701134089392929	0.900067391932223	0.778857275040481	0.808739076154806	0.896978917626603	0.685313092979127	0.9671388101983	0.489943830404059	0.740704760222556	0.797896188998103	0.913793625329176	0.931783023104945	0.904342815233904	0.797954841809073	0.914257913113159	0.834419140962813	0.539812168231931	0.895891364902507	0.748894181694454	0.979289112790372	0.85949835813596	0.799839657936932	0.909214092140921	0.855773358134211	0.883295411452408	0.922970589637256	0.662168045276448	0.767532830399553	0.889425711012601	0.903905447070915	0.922006138641603	0.785987890769801	0.877279102384292	0.798297503967681	0.895240945824603	0.948229988726043	0.800230946882217	0.881476398215774	0.841613604300911	0.74039608685278	0.677682403433476	0.652745190051619	0.874900186318871	0.905487245366122	0.556488549618321	0.953018505856144	0.787174066243834	0.902946273830156	0.450698602794411	0.973381457252425	0.942351356551857	0.779773039032298	0.677014360650099	0.734617652840574	0.877533104104177	0.746031746031746	0.749749415302372	0.804384485666105	0.889349191500735	0.861638491547464	0.841700587969245	0.98566492981453	0.737561743861407	0.523687109805362	0.920997920997921	0.983399209486166	0.72587093089663	0.571941216678059	0.910580394334907	0.458664666166542	0.866769151934409	0.921125811072723	0.862013249313298	0.964792731402612	0.996420395421436	0.615949188426253	0.917973462002413	0.700065203216692	0.944090273753111	0.868640148011101	0.895728796964876	0.871483630886457	0.814107749555088	0.871123640757149	0.875684024713151	0.959716312056738	0.863082181298781	0.746573820282984	0.980605567973989	0.753561802079322	0.938697735191638	0.740436181623168	0.852324037184595	0.340483432047383	0.869553947079819	0.73247635217075	0.899988609181	0.984297299175162	0.984865392662854	0.919176117846435	0.500959409594096	0.876266404075217	0.811507419942723	0.970398296505742	0.778379074861487	0.82554244939566	0.975143458577237	0.914862614487927	0.709013390180534	0.616921269095182	0.650027629397679	0.962732496854704	0.876810173384499	0.943841666212311	0.985897285227406	0.769872501180545	0.901840490797546	0.700365842776836	0.818046456223943	0.524765089982481	0.75346687211094	0.961527581329562	0.603891591382905	0.771710901374549	0.716809933142311	0.760596026490066	0.929859420793801	0.739283175107691	0.955646887575991	0.945916857258173	0.8025759512339	0.967961678434788	0.932761514935498	0.93274255850943	0.70226843100189
"SRR5928200"	0.977040816326531	1	0.900898290350623	0.997090062563655	0.992984903183459	1	0.998357795340244	0.990258353035007	0.980107026523965	0.784431137724551	0.983479058982658	0.932169773899246	0.936537390981629	0.929265770423992	0.995852283063489	0.932871214885078	0.986730299150274	0.982185644337952	0.856423173803526	0.639240506329114	0.989206589661049	0.361940298507463	0.90014598540146	0.965562380424932	0.976954177897574	0.971231527093596	0.997435765936715	0.831444061113849	0.656387665198238	0.966225557969583	0.989964769937013	0.912082262210797	0.999276951016603	0.770161290322581	0.990312438036428	0.982575024201355	0.928705440900563	0.989820216692463	0.925925925925926	0.98314606741573	0.622516556291391	0.905289393519801	0	0.986750861968775	0.943552311435523	0.947992700729927	0.989970668937459	0.907692307692308	0.793975903614458	0.98144027785315	0.793851717902351	0.770006724949563	0.991504372019078	0.982450738916256	0.958834951456311	0.905026381560678	0.973665973665974	0.907389162561576	0.965130505709625	0.97808394745274	0.970138828254606	0.989662364356316	0.975490898667049	0.992940447930643	0.936158297554601	0.94381468703795	0.952207937395193	0.952194576460721	0.984414163970287	0.996309963099631	0.78463476070529	0.988367083153813	0.990550136774336	0.886792452830189	0.957335329341317	0.662055335968379	0.924336283185841	0.959679320914879	0.864734299516908	1	0.666666666666667	0.982807158656746	0.992593234287694	0.987904937049088	0.891394093362972	0.954707985697259	0.794964028776978	0.708191126279863	0.990352064996615	0.993140243902439	0.977966756861229	0.992315988136964	0.978641019235573	0.995916283818275	0.995835210735901	0.964607264824589	0.919793621013133	0.791559000861326	0.721498371335505	0.951952795729137	0.992560907569277	0.535326086956522	0.863363363363363	0.965475469412477	0.586206896551724	0.955978890462093	0.957536627762602	0.97579275198188	0.988511152915883	0.990708794044935	0.978381795195954	0.969739869049726	0.975918884664132	0.975703324808184	0.970065645514223	0.958389098430466	0.993166018616708	0.756578947368421	0.986512600070986	0.918861209964413	0.959948471718	0.968064245027547	0.980815616761093	0.98068887634105	0.74188679245283	0.9542046063203	0.979652546406473	0.987727419528475	0.995455149501661	0.92910447761194	0.984731461225948	0.906608410704533	0.966121842496285	0.981910504601714	0.822522055007784	0.980037356992762	0.985103231988849	0.629067245119306	0.754133716750539	0.65558912386707	0.55327868852459	0.955171057805741	0.82648401826484	0.99187030522012	0.653846153846154	0.555844155844156	0.96305099394987	1	0.984944532488114	0.928	0.959090909090909	0.811881188118812	0.993347209523995	0.551769331585845	0.874125874125874	0.834622823984526	0.918841955386806	0.40625	0.938654708520179	0.997171262675555	0.96803738317757	0.842903077629766	0.976459251101322	1	0.952742849246926	0.959454653230587	0.0301204819277108	0.899293286219081	0.924619792814635	0.983288541412167	0.962454715116917	0.991608597507115	0.996820196569667	0.968626731492524	0.97260054478449	0.743243243243243	0.999530660505082	1	0.975112199102407	0.99832843804475	0.984059659752971	0.94867176947321	0.996813393260565	0.7109375	0.990483345855247	0.985587256100131	0.997144193192825	0.822337662337662	0.97734949334393	0.852903225806452	0.310483870967742	0.982538616521155	0.99270508937332	0.93128390596745	0.976065504933865	0.996491516034387	0.997717164560948	0.922308041799182	0.966734753428655	0.993096208970891	0.402097902097902	0.986523760737647	0.987686768676868	0.904947192884936	0.998032955559927	0.978553959992475	0.970873786407767	0.65314401622718	0.954934774015022	0.986916602907422	0.989454859398125	0.977308917197452	0.99083569714161	0.889105058365759	0.978578139680551	0.982136328022982	0.900783289817232	0.886378737541528	0.986119003165841	0.827067669172932	0.912888436067244	0.972679341747883	0.627856365614799	0.976971247727426	0.998420814186784	0.983431838000194	0.982975757877445	0.979346781940442	0.950449145175312	0.988157894736842	0.999204336366801	0.842756183745583	0.644859813084112
"SRR5928201"	0.298783659920232	0.830250205711151	0.810317405435309	0.872186495176849	0.894938226695229	0.952310415838722	0.89117964445959	0.263957212189244	0.26901530600286	0.961972531466391	0.206055618123538	0.715137810113722	0.760596241088788	0.703095096680525	0.607434723792228	0.834892953353183	0.190851611896027	0.852336071996239	0.841237927691811	0.946856429085128	0.762968665255349	0.971930634060061	0.786960132890365	0.448618722106096	0.291061993004391	0.77011720028809	0.856830414617878	0.893018181818182	0.996186473655537	0.606539876955923	0.872276891754326	0.748714280848745	0.907945946379707	0.920842761230016	0.416033172080166	0.156769701538871	0.694330646227038	0.7145952900943	0.876229726136666	0.888145163848619	0.944724570648671	0.830135478990441	0.986750861968775	0	0.893482525612148	0.625300340125441	0.747891231964484	0.820331779544831	0.897386753160591	0.643218369857397	0.918466642093623	0.903182728689072	0.686886667579534	0.30363219822505	0.883263210439991	0.853329664281783	0.658380571012533	0.936268217171336	0.583945123161087	0.341464602200798	0.417831220886144	0.236192232810739	0.752339885859226	0.529492937929542	0.855066822369275	0.860637556245643	0.636006988077359	0.646099616858238	0.122748555279032	0.68910210917762	0.895783288369858	0.781423305549098	0.32765722811456	0.866067668117366	0.834502941439962	0.937620360231092	0.756593644760095	0.510440903602038	0.997196043305553	0.818831057532994	0.935464392195343	0.176641756497586	0.498890362202526	0.152027089884087	0.791893780573026	0.682454121494761	0.929621577803161	0.931764440941335	0.746844170127546	0.49757722994411	0.489181079696534	0.393675245430772	0.376371043560013	0.795582152600546	0.60506747964457	0.790800933568623	0.725643181436018	0.936917993391409	0.925390464062324	0.630795667249685	0.899896265560166	0.95688174915099	0.935231130843562	0.568137490459903	0.993859785481113	0.563598074608905	0.532766592095451	0.473067501704589	0.157551729756151	0.63567758509955	0.822237291419438	0.425611182117314	0.688906813197893	0.485523554251903	0.75016261925412	0.567527456218462	0.827021614936097	0.989679922405432	0.236326434248839	0.727548339284511	0.50790943840047	0.825538971807628	0.499699755184997	0.196452143303768	0.913867741453948	0.606484714168615	0.458738380756404	0.568562750759309	0.540969609118257	0.803597953457666	0.180029245874243	0.760340507328459	0.517516729460721	0.537327895080785	0.911745382874662	0.332347487266155	0.331640132978174	0.94309097109082	0.910952274588638	0.937877871825877	0.975576871220001	0.549365558912387	0.86881422636834	0.364219191874324	0.951547677538834	0.957775999390267	0.535404728309385	0.98640886052187	0.189324921659369	0.813110089010953	0.544973544973545	0.900032980321741	0.49082962616093	0.954867728901426	0.843905207889882	0.862231744072043	0.916860367188816	0.977041501900411	0.722476325452554	0.690024799655674	0.41975615824832	0.855613425925926	0.295332383309583	0.846603114930183	0.585300232359056	0.528814959004306	0.987520830911134	0.777046454428933	0.857904558784324	0.514890282131661	0.483053788316946	0.425219321424797	0.994505375646267	0.509072913229957	0.353937765130556	0.914636421296124	0.924840480783499	0.875293601828944	0.933230171533928	0.901585793193562	0.675574308485701	0.865500715752785	0.822546725511685	0.994480506860497	0.788920010422095	0.575772357723577	0.935328830038491	0.872463133304132	0.266551639142223	0.931285076989495	0.977278853929988	0.82171605328834	0.346067198319351	0.741395165528113	0.355985915492958	0.678793646145963	0.894178230276347	0.935192314129816	0.545256209442828	0.388580037062219	0.971355066620589	0.883498200554583	0.335123765165458	0.846571949499467	0.933508082131935	0.24037857936163	0.382527611318625	0.938390596061534	0.552813067150635	0.310960841681037	0.557363176346649	0.264928594331944	0.96460989291178	0.908247242164244	0.567236219712327	0.189259458490228	0.910090601009752	0.800639022506232	0.713304995110659	0.994016396627424	0.75902302956084	0.396351575456053	0.943918150814703	0.386290362581221	0.87825866869147	0.165745017673975	0.213564530289728	0.980563522861481	0.588546010564359	0.340472116428401	0.876539451049643	0.935495996692102	0.941363395626844
"SRR5928202"	0.94641459449696	0.681281060187742	0.791247095274981	0.783368273934312	0.966828494996532	0.76536597806682	0.924057262569832	0.920369364475828	0.978101031473155	0.951280974380512	0.994200053537967	0.84959289415248	0.877780906786821	0.664630421502749	0.988998194088014	0.711719802424787	0.902495816051808	0.846205346468366	0.729426129426129	0.951146185644495	0.971556034611815	0.837261004891063	0.977423121837291	0.990037787701821	0.865402041925935	0.446965232763701	0.907838176414237	0.765366114377338	0.952577319587629	0.920263535771602	0.917347288110725	0.845082991254685	0.99364664742685	0.837550765385817	0.97428139183056	0.964948453608247	0.866666666666667	0.974284176838766	0.878988941548183	0.925563425627817	0.719740358915617	0.956048084147258	0.943552311435523	0.893482525612148	0	0.854505971769815	0.695163654127992	0.80952380952381	0.856507560035577	0.848063555114201	0.742586002372479	0.959375	0.930138912054135	0.889816518088769	0.83115671641791	0.833270605946556	0.94	0.761730205278592	0.695165350230015	0.949070331447049	0.927996354245785	0.900735716749052	0.809791281036574	0.992543562342996	0.875247524752475	0.872564102564103	0.986920735144887	0.902108943272809	0.88231315522489	0.746098177696399	0.737049378976068	0.470338316286389	0.921696918531026	0.643008027038445	0.69472710453284	0.899449541284404	0.658591368522381	0.870917116233448	0.985416666666667	0.743421052631579	0.872946330777656	0.939088174033789	0.979743980621045	0.924772416552736	0.770876182640889	0.664507772020725	0.739130434782609	0.959792027729636	0.916633029251097	0.995268475246757	0.991180736872643	0.952835291317799	0.876220028208745	0.886015064887921	0.973565549326017	0.92246835443038	0.852434331604484	0.891440501043841	0.718463107786467	0.898992186615332	0.856699576868829	0.808901592486729	0.609852216748768	0.922196402444272	0.921985815602837	0.770090698164944	0.977679942664073	0.814910674831134	0.903814999523522	0.967187581122475	0.872925340785947	0.886131386861314	0.866415331448319	0.814301095699538	0.932866494139138	0.690293999194523	0.795490196078431	0.94447198810114	0.950498707055781	0.81140350877193	0.988685134607881	0.924166800837224	0.954861821903787	0.976934562117078	0.927583936800527	0.883672802526958	0.841693213109443	0.874847870182556	0.961903771942362	0.78858803732599	0.903782349037824	0.844093023255814	0.988482384823848	0.897667200155197	0.952747252747253	0.850676572035023	0.964816991609582	0.798861480075901	0.936855670103093	0.860310421286031	0.872785097682871	0.927852708199529	0.693811074918567	0.930928941778397	0.672713809700111	0.659283125251712	0.893700428480263	0.588460201598888	0.941135535633878	0.738511527154572	0.760150898441378	0.593882752761257	0.997289156626506	0.888529886914378	0.690293453724605	0.931764083575774	0.877509701366627	0.914373088685015	0.873490669593853	0.969383843738531	0.818738419399017	0.782005141388175	0.946555015085278	0.397083195227047	0.901899441340782	0.744974379188017	0.943276283618582	0.953807007242122	0.97024	0.959599603210389	0.823507669562003	0.987849961148132	0.955138190395656	0.990803868717298	0.901655512504403	0.717569786535304	0.984170898266503	0.798360455157225	0.826455026455026	0.978894241798578	0.872841850828729	0.774355300859599	0.931404807604424	0.948197054342306	0.958193891102258	0.960144642716768	0.982991545167903	0.771852666300165	0.98441589340947	0.825160970777613	0.925758261656858	0.676827968450224	0.922749254038481	0.852017937219731	0.941382327209099	0.98665201479973	0.939823008849557	0.93426001635323	0.92763048190762	0.944508399836101	0.92472647702407	0.937617659001144	0.955100379815518	0.859913387309358	0.944426418099761	0.944394110985277	0.969528056484578	0.94220081511671	0.760911631907117	0.968836391053028	0.973231805535217	0.993089067619899	0.990040098305523	0.81029810298103	0.950107478221518	0.865663054942948	0.727906976744186	0.96485284776625	0.949527532161967	0.958564931783729	0.893952828515694	0.927903871829105	0.865501519756839	0.939145134025598	0.961984601357512	0.90248266607023	0.959544995871938	0.813510294367875	0.986535113174695	0.971627496486124	0.948152917888913	0.363093145869947	0.84304932735426
"SRR5928203"	0.53260766682442	0.949322333529758	0.445740836344863	0.730373083085374	0.929509329647547	0.764036958066809	0.882956750328597	0.74475702087516	0.545291556390336	0.97826716893654	0.617597920920735	0.27562965590635	0.387421491869569	0.479627789321529	0.859215911781619	0.902841225626741	0.701377823601087	0.777603019817553	0.576833797585887	0.783625730994152	0.708597046413502	0.892171344165436	0.535769748421162	0.45388184348902	0.545791022112556	0.865947475462021	0.941059426954369	0.663802493041268	0.982665222101842	0.342298288508557	0.890980454982377	0.413670485973923	0.979988773681168	0.882672882672883	0.775910633892674	0.644329298944356	0.212764028646542	0.68651770022596	0.711915952446779	0.770307667263552	0.795798319327731	0.810868461147791	0.947992700729927	0.625300340125441	0.854505971769815	0	0.911087305838243	0.551866384948184	0.622751456802635	0.720611491829204	0.736221968833143	0.659111514052584	0.791266939126694	0.573827851644507	0.675105006243614	0.557092018301983	0.36715051246033	0.875293143881915	0.455554170302955	0.50190027015889	0.418895233787528	0.73105781214233	0.742718446601942	0.836353993306388	0.635751876455871	0.7951464978492	0.357430918595967	0.360770839557813	0.573836817262306	0.88780487804878	0.662490411659422	0.869069510849577	0.718420742486741	0.658562938951918	0.708771929824561	0.775324316864477	0.459735912218709	0.337863549877684	0.988821611551001	0.956370093220876	0.764462809917355	0.590829059174768	0.810754083346054	0.681541582150101	0.42896728125333	0.655132390279289	0.67324727916983	0.909532811234134	0.811717288038002	0.81554644321626	0.509744438315867	0.819557762800047	0.570529533399263	0.9291074564905	0.895915156591323	0.62370258539347	0.309582777671938	0.928059499661934	0.792280889841865	0.260635110844817	0.789509947463612	0.839598278335725	0.696801480306635	0.352788104089219	0.978444957659738	0.395986574305506	0.255459126539754	0.481485119339947	0.666462974279207	0.721023162883628	0.67289380611227	0.317746350364964	0.465257388921511	0.502708025603151	0.614247692394813	0.502663806822113	0.759119625025474	0.982869379014989	0.675667120382387	0.291989664082687	0.400257226020443	0.624269609868382	0.481068949752712	0.559889742733044	0.694668606958592	0.176470588235294	0.478864681885253	0.666109498255183	0.852633645869128	0.482727437149575	0.630845527887403	0.334680679062247	0.369587849837712	0.620047732696897	0.844381815953927	0.545664640931268	0.599753357084133	0.790106204583566	0.698885245901639	0.775287117752871	0.90568283249033	0.323667315876794	0.708470444850701	0.751231833050391	0.846026031570202	0.828954882924043	0.33828276307295	0.951067856177345	0.609395509499136	0.504005826656956	0.276003837193367	0.664431197218082	0.835776617338353	0.830784621980849	0.585074293375042	0.543001686340641	0.887825421133231	0.881057268722467	0.281395545770175	0.916703372766172	0.35266328097319	0.626441564617762	0.517098545419516	0.869445760303174	0.131319129982926	0.427909196264231	0.950959488272921	0.525233644859813	0.71070466994708	0.562380613506124	0.380434074170632	0.77390934241328	0.992367543534643	0.379165450831631	0.483436631758923	0.695215437483479	0.969138907368045	0.71246258074681	0.774604885057471	0.960133857122072	0.748347719310918	0.830037993331783	0.982976079527804	0.978120184899846	0.80185435488843	0.580616093181591	0.945725851258036	0.658046329207011	0.571274551164862	0.737586166608249	0.903417533432392	0.819366044290056	0.801114541757663	0.442868611185443	0.552599522486966	0.88691761801913	0.918270598274391	0.92591199699135	0.304268846503179	0.829269167324105	0.893623273582133	0.905099329368594	0.623629039371931	0.7259967453214	0.963026976203974	0.491546819349894	0.400979083222074	0.780332409972299	0.323157057078782	0.702291962686106	0.677080639321368	0.586125973904065	0.947855677325727	0.639622236531445	0.437542231632056	0.543559635919461	0.662018386530317	0.519904803115534	0.669085255247473	0.979076923076923	0.404133858267717	0.453498293515358	0.790856983084021	0.44320607066635	0.989986704835368	0.592126804584015	0.623219237928808	0.867474514329679	0.287302070645554	0.719086404283192	0.913372944114355	0.863698072223731	0.779908295122968
"SRR5928204"	0.903912749273574	0.715977004951904	0.814007895891212	0.812514619883041	0.960223130266705	0.843506232408524	0.922283425137707	0.700357347686063	0.983952733505963	0.988067921064709	0.995990688049664	0.83941319012378	0.720414959016393	0.844509361306599	0.910187522927861	0.900370141887724	0.677722222222222	0.639898045879354	0.910064239828694	0.988903803131991	0.800825519528547	0.965251323980303	0.989598593612657	0.994245460859212	0.71037619180596	0.373938047314077	0.66122905027933	0.829308093994778	0.992538741151712	0.914017589544539	0.661682952936708	0.903662251186513	0.97387960862871	0.954929577464789	0.965824730946629	0.97574864339787	0.924387646432375	0.810464824407275	0.948800862301266	0.963142699182997	0.933351297943052	0.982511923688394	0.989970668937459	0.747891231964484	0.695163654127992	0.911087305838243	0	0.775624461670973	0.961302262976361	0.612479932993648	0.82786471479051	0.989585111831996	0.618128875066854	0.665421504290762	0.941727855022653	0.926091987272201	0.734039803566813	0.940224159402242	0.673271774394809	0.960591514400743	0.915959409594096	0.542415146617409	0.65419130722468	0.993489228251977	0.588424024640657	0.759592987617997	0.992866593798539	0.786203325470341	0.900963630711843	0.376369914427263	0.925856961489632	0.399152599367812	0.872721788961179	0.758303140096618	0.434851723948912	0.974908799715277	0.738794331050383	0.929231920466086	0.997316465401572	0.705495395202915	0.969963565271483	0.887712075434111	0.852662186840659	0.709529127600447	0.917464114832536	0.746990662616717	0.873560319461959	0.989121852794105	0.574296661193213	0.995506216400646	0.993164783098373	0.796875856399013	0.623689927207592	0.58981020422891	0.879169193450576	0.583710407239819	0.930301566489545	0.970319634703196	0.925447402880838	0.818276160276737	0.754806459882082	0.95548663686947	0.869884938143438	0.72631997218497	0.98302822273074	0.810068904200934	0.986652808927302	0.544487784849107	0.829028628578572	0.815162853984182	0.631128344914961	0.918342700543453	0.609562405337918	0.538164012673332	0.659985220764825	0.436192128374715	0.749706102383243	0.987655493305479	0.754383992805755	0.92078659465448	0.993605456676969	0.737008024455483	0.941541313181721	0.98303325339156	0.980263157894737	0.82300084769709	0.795746254854818	0.690344936210427	0.92166313745218	0.662480898279184	0.794887513026421	0.940384476924185	0.992914083259522	0.90464421789723	0.984531841369097	0.683760371358602	0.749947265330722	0.953359045654319	0.981752453090033	0.963992869875223	0.973121791880541	0.962813620071685	0.907033939990162	0.904962233483125	0.918858671422202	0.923615531508593	0.940255607452651	0.836537617417259	0.956106001274929	0.733858583160847	0.839242481304137	0.853715234537152	0.997241782133238	0.975432211101001	0.891996291718171	0.979829198861326	0.947926043902777	0.984078496713876	0.77901531451715	0.841408079067178	0.881683948965451	0.930990003224766	0.96089678852757	0.488864448721474	0.950068712780577	0.708927231807952	0.989961170565394	0.982089113998385	0.986182606339745	0.728724097484687	0.901737691352917	0.989996665555185	0.944421134170351	0.993279060961757	0.938790787793386	0.92611817631283	0.975771059368524	0.809792053694493	0.820609425606451	0.969253800092123	0.584874692254277	0.88656009473061	0.830100615937871	0.988552895163598	0.804956242959882	0.94045235010013	0.978520268035051	0.932192231731402	0.989891810787333	0.945666029318037	0.986943952252168	0.876107535024612	0.635959305888739	0.933175480136806	0.93449176048295	0.918722436284295	0.925801201100073	0.971563333105475	0.947045055588063	0.803229314816364	0.983331789980554	0.724813930627721	0.957844323982948	0.945605786618445	0.831306672257456	0.961488500038206	0.980153853156721	0.985374119325783	0.79445442299057	0.975692248467017	0.86858576150402	0.995810111071584	0.993076409743076	0.916910825632935	0.772067806963958	0.848699441645104	0.743747257569109	0.986855027574224	0.912347626559587	0.988754407700372	0.959443227584258	0.864585623213893	0.968778036963933	0.766408804529867	0.879746690747811	0.717451164598788	0.868650217706821	0.87728441386978	0.991709965555491	0.894750300457719	0.910159579740311	0.842591777445198	0.963002680965147
"SRR5928205"	0.729010351059751	0.895936478281177	0.224831229820957	0.667448221961704	0.945428379545237	0.628073954406749	0.902334808484664	0.831037171822199	0.793529554852834	0.962788389977673	0.873254654255319	0.282807852468769	0.327925045703839	0.404000975847768	0.919037964063483	0.775557011795544	0.868272926963207	0.7242143522007	0.421758050478677	0.674321503131524	0.812034580159206	0.81277250577071	0.503241013553329	0.800661952760644	0.796626929626985	0.6823891917516	0.914496824909705	0.31713649851632	0.972701949860724	0.57936096078286	0.835905326514912	0.268992141182959	0.99190948022504	0.880024737167594	0.905705270780531	0.833579817311875	0.552450980392157	0.81249492681079	0.639097744360902	0.914604354753054	0.655657062543921	0.655577860625179	0.907692307692308	0.820331779544831	0.80952380952381	0.551866384948184	0.775624461670973	0	0.445749552060522	0.695915557595227	0.407407407407407	0.461855670103093	0.841720351223091	0.81523784517089	0.836645335129673	0.476163124641011	0.626299694189602	0.793513019643673	0.493432541188976	0.759805989034163	0.67859071274298	0.818196784283598	0.66749436969452	0.943367819641754	0.32545871559633	0.493544973544974	0.651868048293564	0.380621850337549	0.803050659922548	0.698757527250553	0.42759038578065	0.618238600874453	0.844010719522678	0.223370927318296	0.650408647508568	0.621028571428571	0.229481161994165	0.670747150696496	0.979831932773109	0.918126841370755	0.61038961038961	0.696839389378628	0.886266830853705	0.884130345459717	0.522727272727273	0.623052959501558	0.576227390180879	0.85226019845645	0.851382340058231	0.940397226554426	0.78279057453005	0.944559336550312	0.810993548387097	0.880369954187916	0.968062704726252	0.469983110701674	0.40133735413662	0.907161803713528	0.706382051840558	0.474286804694209	0.51304347826087	0.727250548914369	0.69542066027689	0.490994046273269	0.955298013245033	0.634746676248653	0.634930366996584	0.628037276313533	0.836648456128701	0.828139002290152	0.670541625397487	0.654415274463007	0.66512951892969	0.616147714891909	0.533134974303489	0.534622690381627	0.635274261603376	0.969457322061631	0.767548746518106	0.560833993138031	0.774659721055285	0.536384309266629	0.73657385559226	0.835239405874816	0.507679180887372	0.367556089003785	0.725645729016905	0.785590778097983	0.91217737524328	0.241968975204593	0.745982454778356	0.588612099644128	0.773814831327092	0.855673806637029	0.749338374291115	0.682263966821176	0.737699935412788	0.649474912485414	0.488430795119899	0.68732782369146	0.835367437029343	0.709061135371179	0.48893888263967	0.886861394202197	0.781199724201333	0.731913864021292	0.677787463348918	0.931521979235697	0.855746002530772	0.268088253420436	0.566322613665444	0.44180660104227	0.927442030308563	0.713039263208919	0.588486842105263	0.485177683667833	0.888082354493863	0.848184818481848	0.339673304989931	0.949511125417455	0.705894901514613	0.353429602888087	0.784584427924655	0.64679854242582	0.564150943396226	0.64892354636379	0.912855209742896	0.382157123834887	0.655696202531646	0.731324492194057	0.743425272610648	0.920125116163104	0.984659397155769	0.7149467190129	0.799305774692332	0.50926517571885	0.971715452688904	0.644914995418915	0.59588626739262	0.962997347480106	0.721814811830123	0.813684420506683	0.970934073193288	0.953025697706549	0.82972010178117	0.782814114867858	0.960331061818241	0.735249621785174	0.844653883652909	0.739451476793249	0.847110650427572	0.689954265888661	0.867131057816698	0.457074340527578	0.800022660321777	0.940837556152755	0.94084115397984	0.935350933676755	0.631486367634125	0.927600612464793	0.801778907242694	0.864166173758742	0.83614875714561	0.810659388018963	0.940073719979266	0.801760745727602	0.719960278053625	0.634398712347666	0.660883856829803	0.882723790800936	0.806229920379941	0.856794141578519	0.987377279102384	0.589266325422677	0.669391556291391	0.791718500088857	0.381497797356828	0.354150321669543	0.765151244598407	0.952604023146872	0.433392783646591	0.583149675713116	0.658103689864549	0.614033161304491	0.983452826912104	0.8306186211206	0.766160668599693	0.901687259200213	0.647540185094983	0.830102657941259	0.901424932883596	0.83047830923248	0.641701340730467
"SRR5928206"	0.847292463303318	0.963048498845266	0.480813587754246	0.8915883286534	0.972039145196725	0.812251843448667	0.968176475906338	0.923568977350721	0.867963263101026	0.927492447129909	0.902992869794269	0.559119496855346	0.632622633069927	0.547537786445636	0.96445155360319	0.875831485587583	0.908825809309365	0.854844999025151	0.247567567567568	0.345101500441306	0.909768512907526	0.678532901833873	0.487666034155598	0.812427771357454	0.845896769402154	0.921789457218833	0.975989681516023	0.394681804601135	0.927508090614887	0.756728416637539	0.971374426491123	0.465437788018433	0.994758757365886	0.792587312900927	0.93217006635537	0.883217951778467	0.597056418642682	0.914704702984476	0.71592249368155	0.919402985074627	0.522482014388489	0.726110772976263	0.793975903614458	0.897386753160591	0.856507560035577	0.622751456802635	0.961302262976361	0.445749552060522	0	0.849177006837174	0.533087000335909	0.239928698752228	0.93303506999567	0.88320676727867	0.832006164911379	0.554380971742224	0.798252359314925	0.700814402057437	0.749775301096531	0.824026472847604	0.782006107587503	0.919072119996512	0.805002619172342	0.957036352309949	0.610786516853933	0.775557056043214	0.713240500354024	0.671388101983003	0.880314689824169	0.934621636265126	0.37164487267722	0.931543624161074	0.926257698152443	0.533533072136437	0.865009642168417	0.301287553648069	0.520383693045564	0.752040816326531	0.952786885245902	0.970515064958998	0.272184300341297	0.868269684111268	0.947696454139645	0.916942623504765	0.435862995298858	0.705942045326418	0.570663094440723	0.730923694779116	0.931023227982375	0.957361159964044	0.854038004750594	0.953956269366735	0.857010963646855	0.969505847774172	0.974063642356325	0.728804298333485	0.496237907560014	0.858007260992336	0.619010212097408	0.70791844476055	0.86437640029873	0.528724440116845	0.691320754716981	0.751960085531005	0.916402786573781	0.732585011554969	0.740717029449424	0.819759160947818	0.910441999613974	0.926980879691557	0.826234099661571	0.779397781299525	0.841237113402062	0.819150318305833	0.766303068351252	0.738282478766908	0.905558388577256	0.93094944512947	0.895407685098407	0.567323332730887	0.783098305772547	0.752390454810011	0.844450248106555	0.875236493588396	0.274309496783958	0.683132255861598	0.846408474015227	0.897961281480212	0.963640162992373	0.560729404102898	0.882615845174348	0.526104417670683	0.815123105230877	0.878164556962025	0.611093990755008	0.846287262872629	0.885318833415719	0.358035714285714	0.176079734219269	0.474686282994375	0.727574750830565	0.724600424723371	0.384615384615385	0.935647443875905	0.795316565481353	0.60823754789272	0.769245318706261	0.941176470588235	0.897478572022967	0.541199736321687	0.711717296962182	0.409438775510204	0.953911806543385	0.432964920711197	0.520693928128872	0.330773774365032	0.857556037599422	0.581837381203801	0.596111997678805	0.977221404025528	0.797803295057414	0.399713876967096	0.824308973873533	0.937222911863806	0.651899473991818	0.715574694965652	0.804848484848485	0.462028001697073	0.627668659265585	0.872193912684203	0.76695118442505	0.941531587203499	0.991573797227507	0.80112938865701	0.812173913043478	0.400754716981132	0.992911928061359	0.888403188480329	0.840836012861736	0.990322954045607	0.86923110701269	0.796767322390678	0.989531693144873	0.921219822109276	0.92527177560059	0.8811035253723	0.975403472256636	0.688559975331483	0.853810074922337	0.65138622014823	0.64167585446527	0.822160148975791	0.942240663900415	0.557744241461477	0.844300634330749	0.97420948216527	0.983610851262863	0.913286713286713	0.759979308561083	0.951982067012742	0.616931216931217	0.968085106382979	0.897638607225106	0.814076484947111	0.985194416010207	0.849290472053287	0.813935681470138	0.496527777777778	0.724710901538116	0.908077791536164	0.911762962962963	0.871262965222697	0.978761531824517	0.525670149931849	0.827691951628768	0.863949567512095	0.632738719832109	0.426987060998152	0.885267375558638	0.934343434343434	0.43211289092296	0.798785776235906	0.518998658918194	0.824355247696209	0.994374657961386	0.889344262295082	0.882655206240949	0.917183509668004	0.704379562043796	0.918405192396847	0.978332049306626	0.757551020408163	0.40201665935993
"SRR5928207"	0.798004911918984	0.821606953238683	0.761608469539376	0.501642759836525	0.918937115669465	0.802099246045434	0.968664654305017	0.699052489096105	0.839328741106103	0.992001279795233	0.88707265508173	0.676568512993471	0.663627843571611	0.742233856893543	0.710443604535508	0.823201767021992	0.688540289114871	0.663439100930719	0.830556505594371	0.920874271002995	0.414598862791585	0.967348692336609	0.858670385867039	0.844660194174757	0.563917995444191	0.645250431778929	0.47896922025822	0.819329820025853	0.99388379204893	0.689341037184077	0.89440234661452	0.704027303754266	0.970155697011904	0.949624482705768	0.90087660148348	0.80711709800594	0.766016956559741	0.469398811942493	0.630076645229495	0.895678833326428	0.929545574219367	0.817385693215339	0.98144027785315	0.643218369857397	0.848063555114201	0.720611491829204	0.612479932993648	0.695915557595227	0.849177006837174	0	0.849270664505673	0.865726548129982	0.690989184278638	0.611423096372395	0.929428848015489	0.727935073319192	0.505792996910402	0.952670157068063	0.530348116014771	0.688631641436628	0.782449725776965	0.68140243902439	0.139611098973127	0.932421464001203	0.686716150499104	0.767665067019692	0.729408502040331	0.576132176393676	0.795343259718197	0.542473330699328	0.874955522797743	0.624499493993928	0.807649789962414	0.785842888278215	0.609057124248113	0.913180080640938	0.615217872152179	0.731320811533105	0.996063853050514	0.807820419985518	0.9105227355973	0.737051373199568	0.875223704072581	0.733957421108259	0.730714891212207	0.685052270244968	0.84842808687288	0.965207457028613	0.712102815086022	0.93403099748311	0.799982146576606	0.813333759366063	0.57409742792621	0.351150134536406	0.88261711343087	0.577338907308635	0.705848136381941	0.975267588070248	0.912701289287009	0.706860294409396	0.568664222998892	0.947930503161362	0.884225163516506	0.616519595584295	0.99116973727243	0.595807225187592	0.769998852289682	0.594014838729705	0.740873090506342	0.826429117936387	0.639050287568205	0.747643515840338	0.716480317155512	0.512266409626566	0.619993222636394	0.45301094890511	0.409453560138492	0.993909402360107	0.750978315915473	0.75982062780269	0.835411658653846	0.330346599986108	0.530463354867454	0.867802765749406	0.900566718186502	0.672836848902282	0.700341042615997	0.6602106545961	0.856259709648042	0.666681216988956	0.720086947930046	0.755644456706672	0.844783534421576	0.84785488362034	0.933739756146312	0.683732288383451	0.740028750335014	0.920976482348608	0.875539125077018	0.922004402977251	0.972863834598611	0.809442327136968	0.821300358994815	0.836417136302429	0.946835841241546	0.936780694775922	0.699864672104166	0.975271442672347	0.860885762603858	0.724983577841034	0.658158442049537	0.86454303371351	0.896621193806481	0.937181663837012	0.877704066916643	0.811740187565127	0.942957083277277	0.956593966025401	0.659678782755706	0.885356184391346	0.692270279659545	0.833086565985589	0.829638487719621	0.730429349281442	0.721506989969197	0.527601809954751	0.982516153553782	0.717517806433593	0.862257978958536	0.781686121919585	0.753769213797161	0.918118318859299	0.991967251100641	0.753122196922652	0.811430627801224	0.898233506720915	0.959037587436379	0.532450600937054	0.602122939052508	0.949534705313365	0.398786039453718	0.876596088572814	0.828588532659306	0.9910582847173	0.789234015771352	0.385899459511168	0.936709687248351	0.923138430784608	0.860053037608486	0.788926996570309	0.965018029169582	0.787494658880501	0.720750534886943	0.773653629346978	0.839933279792426	0.92700085667558	0.971029154787087	0.964957531017921	0.713812310512586	0.784037975245109	0.958192635471941	0.904148356072982	0.721979938944614	0.936816861135452	0.682586071708604	0.842559943582511	0.751902638548966	0.931833674164963	0.589312144582067	0.88327868852459	0.590672446899064	0.869047260005429	0.890180310359992	0.72478624403609	0.510484581497797	0.692237442922374	0.70471855842467	0.782412894050723	0.333895091636823	0.991717072639093	0.679433010767344	0.679704604123779	0.94274889496948	0.670026718484333	0.891126494650724	0.62594572262246	0.7920574212815	0.716481639624253	0.793812782646976	0.832130309805174	0.565717029998456	0.901545506582713	0.927761444771105
"SRR5928208"	0.823721704804786	0.986372560341841	0.400587248322148	0.746275946275946	0.972597815015279	0.464397163120567	0.987884267631103	0.918295629255436	0.943270841212383	0.927455919395466	0.958034335543646	0.532001887089165	0.573814494482553	0.686931079323797	0.964475003581149	0.925579103006407	0.961757105943152	0.854935413112357	0.553392808867261	0.542604856512141	0.909826379420053	0.67835941716136	0.781526781948545	0.918385490753912	0.935879185492356	0.673654568210263	0.94647153664889	0.14584578601315	0.936528497409326	0.775583326050861	0.892274699516234	0.563664298060303	0.997815792913555	0.796791443850267	0.971709448388859	0.950534759358289	0.684331043506706	0.9147595451551	0.735085945399393	0.945718550685303	0.435897435897436	0.789772727272727	0.793851717902351	0.918466642093623	0.742586002372479	0.736221968833143	0.82786471479051	0.407407407407407	0.533087000335909	0.849270664505673	0	0.672610556348074	0.928415077093306	0.950204277817832	0.854573484069887	0.607564050427003	0.791946308724832	0.670668953687822	0.732494382022472	0.885947287554663	0.793578700078309	0.913488372093023	0.805120817235283	0.980989510067923	0.554090500449506	0.59805510534846	0.877729257641921	0.648683744540196	0.906964746345658	0.81089135735573	0.389328743545611	0.665380097331767	0.920656926522342	0.313969571230982	0.733633344048002	0.53885787891799	0.490149049169094	0.894274926012858	0.952755905511811	0.989126428308146	0.458813486982501	0.859682210382385	0.939399044029395	0.964991721015105	0.747872816838334	0.872801082543978	0.317252931323283	0.730815588589795	0.9203046375629	0.980653860434213	0.936813349961399	0.979967266775777	0.940215823186566	0.933070022350816	0.988350073111681	0.72896174863388	0.654900555456011	0.857949959644875	0.64950884086444	0.661173681090694	0.686585001493875	0.528494885533366	0.492638731596829	0.73483025928896	0.916349809885932	0.88597842835131	0.88944616369651	0.807316283586921	0.926459707254303	0.921943031002466	0.826340666394351	0.838497503764165	0.815838649397513	0.806665367374781	0.766441688902841	0.696937919463087	0.784169726642187	0.930906847624923	0.88843068156257	0.782718727404194	0.904017857142857	0.752536171628139	0.866694525699958	0.944079466021969	0.568508705526117	0.661240751280592	0.845296551724138	0.898026315789474	0.961132080400172	0.515388373229116	0.874515095294316	0.79192608957622	0.919558359621451	0.934332196014439	0.717016029593095	0.8386904439265	0.87740473738414	0.421170165252345	0.605612998522895	0.551515151515152	0.727423822714681	0.835010060362173	0.591240875912409	0.944312550420652	0.795227765726681	0.477719214183038	0.90201456540244	0.941152760983474	0.932259809428702	0.509477501236196	0.763769763356412	0.327591706539075	0.980350504514073	0.432692307692308	0.752602875557759	0.682717872968981	0.857530283854637	0.708399366085578	0.568195008705746	0.975650267143407	0.913788799201132	0.499713795077275	0.88172925213001	0.655906349769422	0.814122048164601	0.867104183757178	0.804730139478472	0.757691491618926	0.831226511786812	0.863373427600771	0.900633032802609	0.971905972951774	0.991573415484982	0.915207071533803	0.901732009565911	0.38391845979615	0.996649857178122	0.735373537353735	0.649461328187812	0.995323424549706	0.869313191638855	0.826315789473684	0.994189263973437	0.921169739351558	0.920115960702206	0.888125848438872	0.984934708812039	0.747069710055521	0.932504873294347	0.760021965952773	0.68450082735797	0.756461001164144	0.938255980414531	0.723863997457896	0.93361527617583	0.970221165038717	0.95756623259991	0.913271550970449	0.8277289187791	0.979628355127323	0.700370566437268	0.908672035961791	0.928777670837344	0.814038657171923	0.967539981604012	0.902571825764597	0.920667738724251	0.584020842379505	0.883673927689198	0.936919546927924	0.91181960946991	0.943986820428336	0.991636798088411	0.54464894342195	0.827797708598542	0.91897175251686	0.386230058774139	0.749017795239196	0.885340011558467	0.934301958307012	0.713141331298875	0.784893386338995	0.525939177101968	0.8159327065809	0.996945476760169	0.952821166719796	0.866486031953658	0.952563400839263	0.873950602263049	0.90535483657317	0.949680991934513	0.747652102899143	0.473684210526316
"SRR5928209"	0.83754130041768	1	0.429503916449086	0.992766275879272	0.988576467523098	0.988666865493588	0.995591476855254	0.928445327154364	0.85766483067023	0.917264202978489	0.879611828252312	0.574915144658154	0.600550964187328	0.563545150501672	0.968516746411483	0.952650540401441	0.902370161230403	0.871405397434007	0.389282676495605	0.497372193024367	0.919831866223996	0.784651992861392	0.428884026258206	0.76489707475623	0.835971223021583	0.976527331189711	0.996562289813915	0.46817895400126	0.932944606413994	0.768432259781741	0.989737914382011	0.48162859980139	0.994448920365629	0.828332700341815	0.927787532923617	0.874350086655113	0.563446650959273	0.924239371347975	0.851440472058313	0.980547450326525	0.733788395904437	0.780067283431455	0.770006724949563	0.903182728689072	0.959375	0.659111514052584	0.989585111831996	0.461855670103093	0.239928698752228	0.865726548129982	0.672610556348074	0	0.936958044491679	0.87350361072069	0.961290322580645	0.713021491782554	0.81375601471837	0.95462962962963	0.762439514288323	0.843820895522388	0.792824257818701	0.923746640177632	0.826743492946553	0.947368421052632	0.728083666564134	0.863384955752212	0.687507529213348	0.68574527051452	0.886954261954262	0.994495917805706	0.5726308086352	0.990668740279938	0.929505035354617	0.672107537205953	0.949132190808864	0.317570700046361	0.53927625772286	0.728887503895294	0.979289940828402	1	0.468447719944726	0.875457527213956	0.944842452291891	0.910540090411611	0.395901257568701	0.715961361545538	0.806612157838607	0.710832973672853	0.928674883174378	0.948824532852297	0.843403131937361	0.942873414671544	0.847525791222242	0.995383052725538	0.968845331603853	0.756476683937824	0.513773340728416	0.888117953165655	0.66708807416772	0.685102263100569	0.988040478380865	0.664008506113769	0.911182882519176	0.76382227852683	0.917496443812233	0.70720215391519	0.716273507989999	0.829764944673607	0.915569501504222	0.931232544659324	0.84580017683466	0.790310918293565	0.829934189092331	0.828526378030353	0.790612569610183	0.721272960273387	0.990033222591362	0.948930296756384	0.901441400649008	0.513059701492537	0.730689797604296	0.778977560317193	0.861269238878347	0.861575178997613	0.328744939271255	0.696969696969697	0.854620397705119	0.909278919067972	0.965835460435892	0.562740827609315	0.88914373088685	0.460370293322238	0.76779359430605	0.870629893770884	0.586588541666667	0.856212726377414	0.891714724308177	0.630382196419932	0.252365930599369	0.517305893358279	0.856705450091856	0.704353772509688	0.55198973042362	0.939416379330294	0.785278949835912	0.784856396866841	0.748101144120758	1	0.890616487154771	0.557251908396947	0.725618095739085	0.543705703678704	0.950334906378444	0.518867924528302	0.515794924909373	0.192654839713663	0.875723082664676	0.773387565368972	0.611607142857143	0.978614795939269	0.779653862389194	0.566526189042745	0.834109615261915	0.998536406878888	0.685993796230017	0.725260960334029	0.781990521327014	0.425236731997357	0.541710665258712	0.879222582137899	0.747025551004486	0.937185270041288	0.996255878726999	0.783330566163042	0.806854039773978	0.495357287040775	0.999080329666443	0.99500328731098	0.973540598643956	0.997675607828553	0.88353982300885	0.835553278688525	0.996897860913048	0.93576017130621	0.929615446847527	0.894186700972903	0.97823012216607	0.821498371335505	0.837970943117459	0.818443804034582	0.730652041438147	0.979626485568761	0.945738855227268	0.573668735707285	0.831929506284826	0.973535585005526	0.997213015968665	0.914548404542996	0.771573604060914	0.948503442969043	0.739079790331974	0.983938468499039	0.908990318118949	0.852835757959098	0.997620251658387	0.847296981043763	0.79747031892605	0.598310652275927	0.698648958094802	0.90470954737035	0.921613008904905	0.840044397854104	0.988988854572311	0.705367699219674	0.846171829339567	0.871365204534253	0.746080139372822	0.371841155234657	0.897917232284839	0.956059532246634	0.484125419049497	0.80897313913489	0.579457364341085	0.835458864716179	0.998239795918367	0.880203791251664	0.876518790618819	0.976643435675268	0.675655523797689	0.91360532889259	0.998307666271789	0.912165129556434	0.606261859582543
"SRR5928210"	0.839226418536763	0.906424581005587	0.849371613052	0.892021287964606	0.886856292152573	0.95446559992403	0.951467064059448	0.470948134522334	0.835498896788429	0.996303780000986	0.864719953806814	0.784011033010054	0.77268613557601	0.830700127377148	0.697292614959671	0.916352127534873	0.61438336352703	0.595479767221545	0.912568564403253	0.965640448338309	0.649385474860335	0.981953028430161	0.89136805187014	0.869114254187983	0.67596887898601	0.819911533930516	0.667655109489051	0.912452614262213	0.997558605914153	0.6482414068745	0.777690628836448	0.830198155419596	0.882969949952331	0.976184725375586	0.902202959437361	0.828588703582405	0.831674531994364	0.649489865324446	0.916372863847657	0.951181307923248	0.964282214600686	0.84192992533027	0.991504372019078	0.686886667579534	0.930138912054135	0.791266939126694	0.618128875066854	0.841720351223091	0.93303506999567	0.690989184278638	0.928415077093306	0.936958044491679	0	0.552641325207905	0.949963519969875	0.902010800873262	0.726432392582371	0.977912971242884	0.635614013917381	0.779967218429727	0.833433916716958	0.502253517267833	0.790673498180738	0.924806754263855	0.788341322259283	0.875089671963653	0.80875292118122	0.716452791705617	0.805777842443054	0.615260720756996	0.932051467399161	0.811024328934375	0.813126601405952	0.888342843833702	0.746713957855206	0.960220886478033	0.805914389881622	0.802958922224977	0.99820542857855	0.894962486602358	0.958231558378114	0.791425609470622	0.830011151379983	0.666608007039155	0.861691010844577	0.79922047824713	0.948727814919917	0.983692742053254	0.239377935829729	0.907920240614905	0.809618298578541	0.685769112316695	0.580016450309337	0.594010497066996	0.654366513426916	0.674203763842104	0.815337951016343	0.987048082775411	0.955860191531768	0.797244429324715	0.879225453180544	0.97249692496925	0.95791107016438	0.699678843837816	0.996515245799627	0.682066984040434	0.79673949299533	0.631175752192739	0.76831893458856	0.63090598647081	0.55761294721355	0.781786941580756	0.513119964520659	0.61748471939248	0.587175441672023	0.66858496249974	0.833805086671763	0.997215177283803	0.688437437759495	0.823426771510798	0.864693620622046	0.79313750666693	0.813096413293847	0.85322088018881	0.944033560464609	0.759908826136508	0.747963753041148	0.574394004219472	0.831770344899448	0.794000625866154	0.758348980148605	0.839774187626216	0.835749565078286	0.869330159809589	0.9696469969647	0.713950145496617	0.635608856088561	0.963218728572828	0.942283016583949	0.960300193120982	0.984307707539231	0.851250446963801	0.914432374358362	0.83425630016345	0.970563786611902	0.972765706420214	0.720235916209071	0.991187496957009	0.848187769439566	0.84846856528748	0.770228280233666	0.934630499376977	0.792358822176717	0.970892642033582	0.908282705073773	0.909627935782002	0.970087019579405	0.985230921215115	0.775813933038757	0.657484329917421	0.75050381317422	0.905157872229218	0.858050769626391	0.866033683734599	0.791139106275583	0.678380111274277	0.991999204889927	0.851396906026322	0.929900339699894	0.588002451183358	0.819105317912	0.894508491384653	0.996604582165815	0.758811374594116	0.849874036185968	0.944527954225864	0.951149395138022	0.890455858886445	0.929132452695466	0.890550305045787	0.514380224543336	0.931854778109367	0.841688525590191	0.99646502364949	0.733556578027976	0.647093945917069	0.957274378405461	0.923707545591434	0.877447148855725	0.954781126447122	0.985399653551101	0.87013895365103	0.49790312917646	0.850170412777617	0.866428057487593	0.801837079305928	0.956920439062476	0.982218611788067	0.676740711226218	0.58502884228413	0.982117275107445	0.815873307602769	0.593050569516465	0.93018018018018	0.851155155986151	0.835341293567963	0.783297196840638	0.960146699266504	0.733195798160116	0.888969630908045	0.769690100351091	0.881533481249773	0.995527644745914	0.939066933345737	0.739651747525904	0.700062649215192	0.901017042964876	0.867719690615972	0.626254802329905	0.996615231458437	0.838412408759124	0.773649679584986	0.963754806161683	0.696850178033416	0.874164668128942	0.644791597859832	0.826841991233772	0.986932256454467	0.839969241285031	0.847283193301741	0.892452453451805	0.958193246601374	0.962081366049368
"SRR5928211"	0.487632924035016	0.823920265780731	0.808558658228968	0.886313847572928	0.847329818256797	0.986044769129905	0.880023538371006	0.419571267948316	0.409984038747317	0.988089229837489	0.49762842873993	0.688771291549529	0.748930099857347	0.683666235769985	0.716616962431472	0.825924064513181	0.352924152363143	0.854579595243063	0.852842809364548	0.930128396536279	0.742917847025496	0.975612234529011	0.750387665588587	0.400144444062317	0.155711175189784	0.753354527063292	0.862823335167859	0.916127508854782	0.99494141330718	0.378245422246515	0.919693769799366	0.730769230769231	0.926858656935078	0.948046912862266	0.66151811787177	0.45116447012096	0.675980453577246	0.712070076978499	0.870050077852123	0.914040796888642	0.956912028725314	0.697675440523795	0.982450738916256	0.30363219822505	0.889816518088769	0.573827851644507	0.665421504290762	0.81523784517089	0.88320676727867	0.611423096372395	0.950204277817832	0.87350361072069	0.552641325207905	0	0.919340730168961	0.851672748054689	0.643979709333084	0.978473290015376	0.448573599502659	0.358061638514	0.410438249616	0.458117137988474	0.739516616314199	0.737864508588422	0.865649104191323	0.914397812388539	0.58885255874078	0.605703422053232	0.446421183285064	0.547643761677393	0.898910002893798	0.766184630906339	0.592207745269892	0.873866558397618	0.838377144540166	0.92290901875186	0.738781374123215	0.398363978572463	0.996279646566424	0.810466859593459	0.926730120959746	0.469030175726215	0.730373545621555	0.361519969634347	0.736891679748823	0.637412443345694	0.964735274334583	0.96279161334777	0.701835366523794	0.708820034201907	0.411618783892927	0.57441794702611	0.103760168382729	0.790176272529214	0.731530766420114	0.785691971258982	0.689534387014097	0.973703648988034	0.90065770099146	0.585744745659458	0.915671002732129	0.960869127854341	0.967672624279715	0.513355362797742	0.99196166331736	0.435407765186699	0.420441176470588	0.408246679088778	0.450177863188453	0.635778750781878	0.819252988617514	0.374080399369417	0.665167326376394	0.417976039973512	0.563769585554938	0.505280467750777	0.829985886440126	0.991773778920308	0.537559265667483	0.674928299302256	0.395484919631569	0.825958800870876	0.460038406404674	0.444052528760582	0.892335498998583	0.55715037198467	0.412638371252156	0.54233935294493	0.709288529174965	0.797079682937005	0.497268022626068	0.693879340582252	0.43100441161383	0.517765163460528	0.93299482750439	0.431225536137604	0.456773703211096	0.945784333266893	0.882748210546818	0.918367346938776	0.97606193338087	0.46375350140056	0.844106643936165	0.606135851275852	0.928578523889937	0.980317332797751	0.360608407858601	0.981683899556869	0.507333619989489	0.806327418814864	0.477423107685596	0.913566113337149	0.623460377305005	0.948565975187101	0.813749256735123	0.827849533327048	0.945719178082192	0.973025048169557	0.696856923263622	0.800425568376557	0.294444816725859	0.845237536931951	0.468610797648037	0.848723739719606	0.506879429935944	0.413219245132519	0.983468528596365	0.718569780853518	0.867753240721192	0.485193506854157	0.367333215360113	0.660478782010617	0.992732193874994	0.402469464505608	0.414948779562413	0.922355698798711	0.923990180164469	0.890416308677654	0.958083832335329	0.836225685397309	0.666855496170045	0.891820682707583	0.784009020050003	0.991238016699309	0.789880725450684	0.426285714285714	0.948337676923298	0.842912059228323	0.488158855307344	0.917935820408924	0.971693310253538	0.787561019707105	0.489459017386563	0.744061683870165	0.452250635561537	0.823552613527233	0.934774313738693	0.962884321386105	0.345566996295919	0.476268126492342	0.959326503702201	0.925433474081394	0.377890496792481	0.834945480126627	0.942112981756321	0.417091727694982	0.261978761978762	0.919034373137294	0.445894894333271	0.611712228944928	0.552871379270231	0.490560523700976	0.990089679282566	0.92442645074224	0.537637777334738	0.255699772792562	0.930066834860355	0.745983029427695	0.589164991777818	0.990212239851638	0.713245492371706	0.361419909044972	0.937403438823823	0.35176633232344	0.844545181066586	0.161807580174927	0.555549891678348	0.976061776061776	0.529407248157248	0.63657185691084	0.891988410484469	0.929973370154848	0.937341488885574
"SRR5928212"	0.966256056979392	0.781723237597911	0.623856439127375	0.74324621128926	0.946690203000883	0.72393605043909	0.877588510354041	0.980985538296733	0.913616473616474	0.670458462599104	0.932763582453998	0.821305841924399	0.804250852794542	0.699207696661007	0.967905724541848	0.73059911540008	0.989216596443619	0.932527646866688	0.636836403033586	0.900660169757938	0.961024794363041	0.823040808956302	0.726405090137858	0.990463663268662	0.981491243483863	0.887246852764094	0.956586063883971	0.84514312529329	0.96260162601626	0.899182781778461	0.812657986359517	0.753062224399804	0.999297182416935	0.489922063961301	0.99381926683717	0.994419030192132	0.838691322901849	0.924139663401155	0.736058394160584	0.43971031985516	0.773813316342784	0.901779603011636	0.958834951456311	0.883263210439991	0.83115671641791	0.675105006243614	0.941727855022653	0.836645335129673	0.832006164911379	0.929428848015489	0.854573484069887	0.961290322580645	0.949963519969875	0.919340730168961	0	0.610215975317107	0.821419185282523	0.586822660098522	0.932231542230712	0.923197667899989	0.829899167032004	0.975082115754899	0.910669055414839	0.995895654919294	0.789986824769433	0.682932692307692	0.781446373415699	0.938212421433898	0.911068828590338	0.944615897906414	0.750850562679927	0.900509090909091	0.943733083489486	0.804339550818424	0.735388818421309	0.920493066255778	0.892492225677477	0.954456369575362	0.988524590163934	0.822399728076139	0.896287204664007	0.953536723163842	0.987109302373624	0.944475400701432	0.936826458565589	0.713818479149632	0.66623942578826	0.577679882525697	0.979724529603779	0.968937779569583	0.911799493100535	0.994351853832823	0.983666758015895	0.956934806564017	0.996799051570836	0.820611970410222	0.906418346929352	0.464348850913377	0.80294712510835	0.938616190781735	0.812352168199737	0.791175479959582	0.61234221598878	0.932778647335036	0.937449879711307	0.853029394121176	0.843491785749004	0.956237393802335	0.905127964751102	0.92766763997746	0.919902509278236	0.699150350942002	0.87064192272589	0.86866147525906	0.827353931761605	0.930539609644087	0.780783582089552	0.895151754040205	0.97883291047481	0.755272952853598	0.988860007426662	0.899088239839283	0.864506480558325	0.91606077320363	0.831365935919056	0.838573342954335	0.880258389790452	0.948039867109635	0.947446536659654	0.788578716168344	0.97044494965898	0.957591178965225	0.874918883841661	0.968778087894413	0.504807692307692	0.96003098373354	0.896709142153944	0.835182250396197	0.954194260485651	0.87042777433354	0.848585079015068	0.942607990265666	0.863463368220742	0.951829529807454	0.800062092517852	0.775557775557776	0.913482461484899	0.91463055637327	0.914786163774099	0.82414435056566	0.93165297838195	0.821278696618119	0.978374347501864	0.909879839786382	0.548282828282828	0.942338990932341	0.628664495114006	0.863296546813813	0.922387295081967	0.978121573882324	0.869945101677878	0.726077097505669	0.86587912415727	0.90509612450412	0.737909186906019	0.936257967754031	0.958674463937622	0.892343222597264	0.685081240768095	0.899110053749229	0.977958032093105	0.960408476587034	0.988951237548393	0.8818334094716	0.95406048250085	0.735764375876578	0.974006593787958	0.717703899689405	0.792852137351086	0.965676717297665	0.879179331306991	0.68660071942446	0.95041098365098	0.963037364403375	0.928844642389311	0.892227101147831	0.960586610268139	0.551707551707552	0.978306023540272	0.751206669591926	0.926713081714914	0.864901170600652	0.979843225083987	0.440221914008322	0.993584311826655	0.978417626941862	0.859623733719247	0.668123587038433	0.847211123541633	0.994861988371868	0.954367201426025	0.857737858100033	0.904625433217809	0.682730234951123	0.9754983753403	0.834323432343234	0.873202146690519	0.848400124262193	0.970067196090409	0.911253656645402	0.921592384249243	0.993874602715978	0.818420723313728	0.754372766597705	0.850642927794263	0.874169707175601	0.744014084507042	0.760442494754911	0.893491124260355	0.961584633853541	0.838934892027927	0.956341942919124	0.756979695431472	0.880707094357293	0.972046095008052	0.926207650273224	0.972224711047397	0.79490386118493	0.827476737821565	0.981101147430335	0.934324279757838	0.776523031203566	0.796620775969963
"SRR5928213"	0.876948499036078	0.910008489765117	0.52220566318927	0.470588235294118	0.912710772721155	0.443204682641302	0.868943239501615	0.91419486003232	0.83433572930419	0.961802902979374	0.903088480801336	0.564871702204554	0.652405180388529	0.488757104027675	0.919966399888	0.789666666666667	0.915472581978506	0.759807632364074	0.555397979081723	0.630615640599002	0.830934325368436	0.80764163372859	0.607420706163974	0.898862774829416	0.863638875075971	0.874730021598272	0.902738007904016	0.568456883509834	0.967871485943775	0.705790063503922	0.904969763106443	0.407189816757588	0.994780118255728	0.877396250263324	0.942326642808983	0.894345888316001	0.7246772591857	0.813865147198481	0.285678009141696	0.644076898292342	0.648979591836735	0.642794759825328	0.905026381560678	0.853329664281783	0.833270605946556	0.557092018301983	0.926091987272201	0.476163124641011	0.554380971742224	0.727935073319192	0.607564050427003	0.713021491782554	0.902010800873262	0.851672748054689	0.610215975317107	0	0.630062784685461	0.788488535329902	0.747149307415627	0.695504664970314	0.818923327895595	0.911782510593803	0.697321791669087	0.971801021197586	0.492339832869081	0.695912689920822	0.769755160825732	0.682512244309997	0.841758590588049	0.843872454859777	0.417371570043326	0.879508922921149	0.911381495564005	0.450636942675159	0.541108647450111	0.652540388667759	0.599691477053606	0.775487607529171	0.979226774379688	0.929967172111927	0.600933488914819	0.837674398514103	0.95395788238626	0.908419216743301	0.720349563046192	0.671415356151711	0.494621473513294	0.848792597607763	0.939339137623686	0.955342182057799	0.818859485650391	0.97198903008353	0.873073530174874	0.864404820391296	0.983812781109445	0.480266212660579	0.557357437192609	0.904977375565611	0.725874749275685	0.785101667148501	0.444650301065308	0.720150187734668	0.600087126987584	0.733080136726168	0.959090909090909	0.694414218353283	0.701759038274551	0.810318053718295	0.870772398340751	0.893580912448837	0.712144242360711	0.707162969576265	0.817307141629918	0.754023651571964	0.620130754562789	0.80223035372016	0.525796015664907	0.968565815324165	0.884190662566396	0.684773882793685	0.884217664010849	0.584765177548683	0.674855354263492	0.877724259621346	0.56588132635253	0.620397128740561	0.805053072208103	0.809805307460001	0.94568775554395	0.599406161078807	0.870839504248188	0.772576217309637	0.828066496929759	0.921588089330025	0.754338603933668	0.835417586189986	0.837357439829118	0.640755800047835	0.606021505376344	0.679680150517404	0.830797971710702	0.827149155033064	0.482600382409178	0.915414653517771	0.813515422651283	0.702655745842641	0.74894127047543	0.966086366719421	0.884119345524543	0.597702584592334	0.715121783285997	0.499310616505811	0.950865254454323	0.705619094977623	0.601740294511379	0.722170076966398	0.886524822695035	0.788787483702738	0.706588182023998	0.97701371606221	0.758292141270865	0.309050772626932	0.857311519649182	0.880474934036939	0.57202743902439	0.75782452539764	0.910331384015595	0.563936889556724	0.819907644946126	0.844629910639015	0.847671410090556	0.939793252300352	0.991255465334166	0.762005649717514	0.882218410520297	0.496841646700065	0.963652482269504	0.457968926844326	0.467957358166891	0.952410492733073	0.722586388281945	0.81173150574481	0.973250937982785	0.95846372688478	0.91437901826717	0.74581295390544	0.946608137219038	0.61766975308642	0.910011983876239	0.305157593123209	0.826897470039947	0.670675004008337	0.934026046548733	0.548324429334628	0.882949623888762	0.967499528475138	0.931835624084281	0.934473306356872	0.685081240768095	0.954201943292233	0.809971286870269	0.917309774068513	0.77908100792679	0.724952603179233	0.932197035242545	0.839633447880871	0.775081661222585	0.625441696113074	0.774520648967552	0.92707234939964	0.80779468213275	0.927772625606895	0.834901222953904	0.189342582374271	0.672804827299209	0.821817532583467	0.394572025052192	0.454458446323178	0.754095422446858	0.960283687943262	0.541823242867084	0.789820624960385	0.641933939684059	0.761236885698509	0.984772834538093	0.859001715409397	0.902689737879047	0.572679509632224	0.773447495325263	0.930987274028439	0.872024288704372	0.844226827601913	0.62482235907153
"SRR5928214"	0.602701426963436	0.988592585180367	0.604746520874751	0.45937083717594	0.898887567796472	0.736080253147512	0.832499553332142	0.68776176914056	0.585615175788451	0.988732817546759	0.635698434594854	0.487872448691129	0.428967505822336	0.583752860411899	0.730473186119874	0.973222409983101	0.768025404758186	0.59582953867412	0.785452851533906	0.893180313396601	0.500078951523764	0.944617252105303	0.602862476664592	0.617204110559887	0.675241040567582	0.858013544018059	0.735879015549058	0.749761482894916	0.991298943443132	0.515436300557727	0.688963956786386	0.63773813123677	0.981583141491057	0.95881978348546	0.812588637690832	0.724962816063461	0.502121316362802	0.445686728228196	0.573861661452902	0.777718350537519	0.892406464467567	0.901082677165354	0.973665973665974	0.658380571012533	0.94	0.36715051246033	0.734039803566813	0.626299694189602	0.798252359314925	0.505792996910402	0.791946308724832	0.81375601471837	0.726432392582371	0.643979709333084	0.821419185282523	0.630062784685461	0	0.935431918008785	0.550171469291409	0.567929203539823	0.563864221097186	0.673460461861442	0.518553329072521	0.856572270420691	0.495056104877236	0.739056160580824	0.572344831069138	0.445830597504924	0.610327281137967	0.717066202401679	0.82407082133071	0.821021576907503	0.674789090015562	0.732286480275756	0.443492570543536	0.88079373215201	0.603612001165162	0.569366213849576	0.994397759103641	0.989720468890893	0.881939872723283	0.626824845560439	0.7494687090906	0.719263947606363	0.689882233759656	0.77688651218063	0.790819534688745	0.951509010639068	0.739504709625101	0.804899121614054	0.56054957929492	0.848721851871293	0.689150992776634	0.689967946532088	0.90833878558916	0.422628653397884	0.579395588148323	0.969578444154715	0.911626901174944	0.410312199564843	0.51448229941183	0.916448695912114	0.855763039278815	0.361003946609906	0.989152332248567	0.608210051925149	0.471761920865742	0.442871549695589	0.679343597481904	0.627937072835362	0.518355875636747	0.521359669269637	0.405594666070697	0.503910781782119	0.493477357706689	0.598542944785276	0.440848003028582	0.99135068345046	0.607178569548971	0.580427046263345	0.59054003021148	0.274214267363193	0.307626673667629	0.602503706143963	0.83478883321403	0.377318152438721	0.520660034631447	0.537519747235387	0.815848455543546	0.497051920544965	0.600673439105125	0.617464892377507	0.466930518909411	0.713416373490539	0.912846555037057	0.497128656345502	0.483189618852344	0.896366182649075	0.846110002849815	0.9001319841619	0.951724663062514	0.546710072013416	0.867816091954023	0.748907937784439	0.942199075772024	0.910696980991427	0.561481210903612	0.989427185169093	0.637114335001838	0.620005748778385	0.518019519162104	0.81138076470995	0.857240991694248	0.911694510739857	0.776982163780758	0.742132807721063	0.949700456729343	0.938733832539142	0.415367727771679	0.88806936883644	0.526151210109231	0.797193361219808	0.642880800794907	0.849699398797595	0.437380545216779	0.623719165085389	0.975186869076058	0.723458637242067	0.818647421720405	0.444276653578979	0.592718580490944	0.76644632122994	0.993832519984432	0.475494776182791	0.635531499980101	0.835014666952851	0.944152141324476	0.432190526040304	0.49450048441329	0.930009904258831	0.414193548387097	0.903252537808162	0.99338160011701	0.988993101309976	0.734469556625911	0.425908616044427	0.91642057084161	0.799176389842141	0.677047289504037	0.774081496325985	0.950536488851686	0.922934135569353	0.749323836242377	0.652252865736012	0.671047746342912	0.834221733879389	0.878482077157574	0.970552003285035	0.512867486696327	0.857260022835823	0.948853748959673	0.736001893590721	0.566996536368135	0.728867819983993	0.826656844565245	0.559037493005036	0.549678107188256	0.89655931332991	0.560343975486804	0.756297537707877	0.444683541495663	0.688566583685103	0.865499734788209	0.644096891092886	0.111219853198182	0.636174897766593	0.625279642058166	0.725199616735867	0.480406619638978	0.989466346526218	0.642870074226058	0.536621229583118	0.889708050722501	0.416424207157405	0.995817575083426	0.629645206837504	0.616423290768009	0.61342138140282	0.537524939888474	0.695990367248645	0.733499801373361	0.950642374972781	0.88506760728983
"SRR5928215"	0.958250369323656	0.870991890205864	0.841416100872939	0.890007951232441	0.981709661102681	0.766053453661923	0.974078341013825	0.974846282839575	0.971788413098237	0.342281879194631	0.995134275287733	0.841819772528434	0.869350049488618	0.835875090777052	0.989125204503898	0.669595782073814	0.986841110186796	0.954707865733984	0.467103109656301	0.785317705120296	0.972063413578912	0.712158808933002	0.908735968765251	0.99075820445115	0.977567201701798	0.867084203201113	0.969146227723022	0.745373797187269	0.891111111111111	0.912769700898231	0.92425413510589	0.801884724961648	0.999265311292672	0.533549282739472	0.990326884589727	0.983054187192118	0.777330895795247	0.973620473314074	0.829111531190926	0.82453531598513	0.473084230525649	0.918767507002801	0.907389162561576	0.936268217171336	0.761730205278592	0.875293143881915	0.940224159402242	0.793513019643673	0.700814402057437	0.952670157068063	0.670668953687822	0.95462962962963	0.977912971242884	0.978473290015376	0.586822660098522	0.788488535329902	0.935431918008785	0	0.904398435263811	0.94053323504116	0.860794985980538	0.968835170043844	0.938469952826964	0.997434748971864	0.850082918739635	0.750887573964497	0.855920296334142	0.884502363613134	0.958967102935975	0.918880046025506	0.600176912870411	0.880338664158043	0.975477430555556	0.738494856524093	0.895960409713431	0.837388724035608	0.826689774696707	0.96198798470781	0.918181818181818	0.898706896551724	0.660977045320777	0.956041818623875	0.985100433325506	0.987978859373381	0.886446886446886	0.851167315175097	0.631781290046988	0.524119241192412	0.979900888679715	0.996160620633695	0.975794998456314	0.997830946636861	0.979382679053042	0.971889933472843	0.997970769416596	0.912538699690402	0.816892849908852	0.459105779716467	0.752761704366123	0.916056988833269	0.859504132231405	0.672107877927608	0.629925187032419	0.911522828244636	0.850107066381156	0.958777540867093	0.950040105419961	0.938923045740153	0.944548470812391	0.957259484552585	0.945431395137331	0.859039665970772	0.956033613445378	0.937622889687436	0.925276905273599	0.92285200179937	0.905240174672489	0.727737973387922	0.965270841336919	0.861292962356792	0.986322188449848	0.920576348620629	0.951135135135135	0.973562530598923	0.812812812812813	0.88895713057364	0.939477146616326	0.96531184302733	0.977766948092146	0.838457340367473	0.960818307905687	0.920645905420992	0.990898959881129	0.974258133714694	0.660769230769231	0.949227745015445	0.935508442300368	0.524764890282132	0.812015503875969	0.810324129651861	0.679586563307494	0.921705613105276	0.747352496217852	0.978849348400833	0.875978326309452	0.546777546777547	0.964951153187632	0.920522591181274	0.972038137586045	0.824451410658307	0.899922506365548	0.672420714572461	0.978533026113671	0.746518105849582	0.802949852507375	0.908792411528639	0.791282995702885	0.740592473979183	0.855313700384123	0.986115566522723	0.967994372636947	0.68280701754386	0.888954674034603	0.885863035642771	0.885967130214918	0.93324549846289	0.906467661691542	0.888424674367166	0.817274472168906	0.942662503548112	0.964833367409528	0.990006999927587	0.988893555462224	0.967340590979782	0.959255036107944	0.673815461346633	0.994185839129659	0.886443291742605	0.837847533632287	0.992056404230317	0.959146782357195	0.8159760087241	0.973597977717442	0.86221743810549	0.953892379131385	0.962953856241292	0.985983442526302	0.795227097767513	0.98173979203652	0.835890593729153	0.774165953806672	0.763900301287319	0.975354852276312	0.701238938053097	0.977008421334046	0.992216075231022	0.945245398773006	0.820689655172414	0.917473069198466	0.993069247774392	0.706024096385542	0.941422594142259	0.96822272215973	0.922734722547413	0.983164075372218	0.90517448856799	0.962303664921466	0.790235081374322	0.957879448075526	0.944131577965912	0.972692946684791	0.994029850746269	0.938843433643045	0.759382486026085	0.945666546459911	0.925925925925926	0.825242718446602	0.891935921802878	0.964284303267354	0.865814696485623	0.823439878234399	0.92707148813585	0.797738693467337	0.941767585673795	0.985473770660096	0.982641332395027	0.96850014449475	0.945420715319413	0.850561056105611	0.977261191757182	0.979408671834878	0.70415512465374	0.611246943765281
"SRR5928216"	0.618257942697644	0.726915754402665	0.603777967020206	0.750168308954036	0.869387474664193	0.824396093883844	0.931386329324796	0.582976241222265	0.678070372871183	0.975527925794356	0.767759472271025	0.370140612076096	0.443688993604847	0.587161736941473	0.829440497818779	0.660194970099123	0.651806237407418	0.690482835612615	0.699358541525996	0.870174764739773	0.659554821150855	0.939612077584483	0.762469940268404	0.639119451461566	0.419814037686168	0.576645347637714	0.853293166061406	0.681252718573293	0.989889611059527	0.264597795018375	0.866028368794326	0.513327343516023	0.96620673502424	0.901040715720285	0.813487011101432	0.612827827999862	0.431956811330015	0.743904138219312	0.770929489455372	0.956824333032607	0.871384496721944	0.500038235069206	0.965130505709625	0.583945123161087	0.695165350230015	0.455554170302955	0.673271774394809	0.493432541188976	0.749775301096531	0.530348116014771	0.732494382022472	0.762439514288323	0.635614013917381	0.448573599502659	0.932231542230712	0.747149307415627	0.550171469291409	0.904398435263811	0	0.490965657532607	0.561642525933362	0.661190627276787	0.626900085397097	0.874186251316676	0.603319166160696	0.675689577573458	0.423775718926724	0.212154031287605	0.654175554777293	0.39205077515347	0.777817984440022	0.54564785937057	0.727840199750312	0.59605990229839	0.656561034206612	0.839473181904944	0.379236379236379	0.454869623356363	0.99255660084772	0.761486237566444	0.837018680899733	0.559029906669392	0.819949676491733	0.719569710137248	0.527863654379707	0.497678791796439	0.808514460211963	0.9278059785674	0.723204346083626	0.87943764539294	0.624459740675524	0.815429651313595	0.383154093727922	0.776280323450135	0.890110610047716	0.570181399968634	0.40626365622724	0.946363037545874	0.832803441181971	0.403280270139894	0.675941521255811	0.90315624387375	0.84645304686053	0.337290935370638	0.981494808265652	0.207890919640267	0.500799086757991	0.361786894973298	0.67487383391956	0.749281469475959	0.621371509926442	0.510785824345146	0.529744803109684	0.409650836802311	0.41668661145948	0.351201583262652	0.630925193560965	0.978505629477994	0.617551618183385	0.477377384694101	0.609663982227159	0.600099132589839	0.648334737844869	0.717912864292022	0.821517931609675	0.350064958072517	0.522341478267489	0.615675139956607	0.795623022805609	0.512806158152554	0.582363094304095	0.468159658744668	0.641122641991718	0.691808825602707	0.875010971649258	0.508910444394315	0.606957809030348	0.855410088563727	0.776365478493138	0.856200401568028	0.949768937110709	0.558350394852296	0.685232141295794	0.766018550859627	0.873158599579108	0.892731535756155	0.278495887191539	0.911382878645343	0.741408240631409	0.52236916150816	0.31841130932346	0.721375398794754	0.788280518456459	0.884250659888552	0.74521874743495	0.671059476330848	0.900146198830409	0.940450109539932	0.318130443454558	0.891798600883652	0.428741445998215	0.709868590569441	0.653913478369592	0.557409153550446	0.45339160629827	0.210546896821407	0.967136150234742	0.528533665059866	0.770620581304006	0.649527245999131	0.496850605652759	0.849548006849588	0.972801270597578	0.455393528747484	0.618826316748679	0.819040563067235	0.945053420285833	0.750470928042195	0.772132516703786	0.874685935765343	0.614630833414185	0.804823609647219	0.818351223867849	0.983542480970994	0.682708191088695	0.558367223979515	0.954899320549133	0.86656132034062	0.707307144311012	0.838012043083708	0.940774944790203	0.552073288331726	0.657947043373323	0.632070899397632	0.650684066512313	0.902397516457211	0.947810627132739	0.936111912316123	0.3050083556996	0.723747542539489	0.920103606296075	0.883595454023648	0.617625735076931	0.895437844458053	0.892555092316855	0.681186794160469	0.51612599019238	0.876004592422503	0.259923776018763	0.777846430376903	0.691584323834073	0.715054201646426	0.988972646995477	0.789003984063745	0.591836734693878	0.444269686484219	0.64376984434291	0.632414235331837	0.562338728594886	0.982942868886149	0.471027479091995	0.429130276564774	0.897159364467983	0.467204013653	0.890591667531509	0.51109339710376	0.666046354254779	0.937784299339692	0.517595307917889	0.74218953737026	0.864906207229692	0.824495187771278	0.871703902579346
"SRR5928217"	0.219072250406181	0.954965715549657	0.80784439457091	0.807914709071196	0.885995469811763	0.827714498311488	0.97088698712309	0.437204685328569	0.26316438145124	0.98669261188877	0.369591814036258	0.619995075104654	0.697462715475499	0.772713702856006	0.684807302646391	0.836147522772717	0.402768301003996	0.795536983836801	0.821592519127232	0.907840355314293	0.652260964024793	0.962276093423634	0.836579623287671	0.225609272048901	0.263063482044979	0.945520700167175	0.926208510716721	0.849641452694888	0.992769528728212	0.430934656741108	0.965232226372915	0.678901477575315	0.943657067955597	0.961196346486777	0.535854131234426	0.244654628833477	0.569591226321037	0.674041629996521	0.714788732394366	0.886934083978419	0.918733378687612	0.690685599237046	0.97808394745274	0.341464602200798	0.949070331447049	0.50190027015889	0.960591514400743	0.759805989034163	0.824026472847604	0.688631641436628	0.885947287554663	0.843820895522388	0.779967218429727	0.358061638514	0.923197667899989	0.695504664970314	0.567929203539823	0.94053323504116	0.490965657532607	0	0.248240754603983	0.491788358912837	0.780949447239621	0.644094933132417	0.772841901066925	0.863700234192037	0.518444176814309	0.49814872641299	0.34532064720744	0.770094728006715	0.855557533677527	0.95106757096207	0.536634663971703	0.828593305622402	0.82567979724215	0.898494623655914	0.70449375726634	0.360539060854917	0.995345830639948	0.961287200580692	0.895021179937381	0.253648129711279	0.616127089538877	0.466363490204185	0.725830979795785	0.769790479530113	0.852932490697537	0.955095832065713	0.855692058922127	0.650762450283327	0.420561961994478	0.621120610329424	0.375987210231815	0.86993370094621	0.766687204764839	0.651448286929311	0.581502534951605	0.974427666829031	0.937056576314353	0.475358563066887	0.754554263565892	0.938746171635727	0.894546550165713	0.412849139814852	0.990337541870652	0.536210489753387	0.418021186258953	0.396005579939437	0.445759587839488	0.648947611000154	0.720039893189203	0.33295689817429	0.694688613609367	0.686628719451924	0.60431654676259	0.714845413508219	0.754526315789474	0.988437078435151	0.346971935007386	0.67173221069925	0.297453995462566	0.673571538580009	0.373526745240254	0.303126800715737	0.884374246443212	0.488627865030135	0.507280720900502	0.463621609088801	0.688066907516047	0.777866281674715	0.322287717062291	0.669220607661823	0.446407445382128	0.421405367438321	0.922629435718441	0.232906312702578	0.309751183904136	0.907198022860673	0.857571754533445	0.924089566929134	0.968763888007111	0.34841866154115	0.831960078913775	0.578238649247353	0.966771275613808	0.926401796295141	0.358211998858028	0.991112193340233	0.38502856841939	0.762554339679208	0.390847902467934	0.859961360576079	0.587190640467977	0.926369649319855	0.888654060066741	0.78108591541169	0.956050726497921	0.948860407854031	0.601977157116806	0.822259758381376	0.363709894850364	0.807912844036697	0.197005807122957	0.953839869281046	0.434044444444444	0.519199932483754	0.979352356524527	0.676188434535613	0.83969696969697	0.477720555306762	0.340144428032168	0.589496420857209	0.99350342874594	0.412398715792692	0.166408361867003	0.88261524555589	0.957741296348712	0.80868204207522	0.800545499628068	0.914140707035352	0.743450078980337	0.917723250934963	0.912586802526433	0.992009794445518	0.771796875	0.45363151415675	0.94593353528022	0.941238073074238	0.244582043343653	0.779395042074141	0.958753728028428	0.731045447069788	0.54274680183442	0.747826086956522	0.209122902003249	0.79022715782191	0.974280796656012	0.971319603356217	0.365408706545568	0.576148516226601	0.952889169561099	0.964075687113998	0.284353362145081	0.951540215259	0.938391188907464	0.247100288369112	0.234438067024625	0.923195273555296	0.506563976894801	0.431732000096611	0.482167942132299	0.25346958958299	0.908796360126844	0.727802910557584	0.455616754194953	0.182050685887003	0.783645109567076	0.749466425874241	0.639658153930979	0.992143731083779	0.608629944238887	0.185414491918937	0.933506365097021	0.236302052201634	0.945978079941201	0.236763681938449	0.332767594478389	0.860400473567715	0.455898939769908	0.466234737104411	0.895423658549774	0.958523940225679	0.915937384444718
"SRR5928218"	0.217902872303611	0.881645260933182	0.700865265760198	0.885342526690391	0.970332258657267	0.863052781740371	0.974201592020715	0.551646544636289	0.314277638412889	0.915612530775108	0.40946812523576	0.499907137992943	0.571272727272727	0.745516116894519	0.777526024410576	0.87395321975166	0.479069515236959	0.828697746543931	0.714370414288891	0.884401691682561	0.743206299506975	0.944535073409462	0.786461199779857	0.109400247124798	0.289121806481446	0.880143333745212	0.949669720010377	0.743835616438356	0.991356500264597	0.491641945660875	0.877299380130675	0.649490033997734	0.960277458748874	0.82300182554171	0.585211358641789	0.375300930444401	0.418405833542872	0.697631243429441	0.879450661241099	0.874031346501194	0.885495547973704	0.900013585110719	0.970138828254606	0.417831220886144	0.927996354245785	0.418895233787528	0.915959409594096	0.67859071274298	0.782006107587503	0.782449725776965	0.793578700078309	0.792824257818701	0.833433916716958	0.410438249616	0.829899167032004	0.818923327895595	0.563864221097186	0.860794985980538	0.561642525933362	0.248240754603983	0	0.525455944245825	0.8131258727309	0.68285311303647	0.770949720670391	0.727177578788231	0.433732961077353	0.499589378592937	0.384582803896654	0.900129390904299	0.815261044176707	0.88827524915889	0.56306287260581	0.749929238607416	0.875254875307157	0.861255464818939	0.609110101720939	0.283315469810647	0.993638452023326	0.894216797442604	0.859108511164209	0.327419927103829	0.642349655232609	0.51166628583035	0.646002805049088	0.785553531239953	0.833163784333672	0.83701050232028	0.824867372581026	0.689471353355094	0.40089362820561	0.662992862151423	0.445046639383549	0.948180426333765	0.797914789548204	0.760277269664003	0.528585365853659	0.849250325945241	0.896588054137288	0.315376597728894	0.868874332848132	0.913058158183506	0.887969139275094	0.378407955464624	0.984171649665846	0.629661016949153	0.344847378032872	0.346487578747177	0.476210279116417	0.607220367278798	0.749359474211875	0.176013920492571	0.614743412475803	0.643943304085441	0.752129925452609	0.612105535437144	0.892846208796816	0.976697328077092	0.429253043764396	0.564661359780765	0.148295165394402	0.715582034830431	0.368995784090124	0.332153637972312	0.841749758764876	0.36627374993272	0.415666750241771	0.484375801734312	0.739650999872628	0.667524317540006	0.380304386750224	0.576253976849658	0.335659718947468	0.359696172169104	0.766988801963491	0.265871189321248	0.372097801520444	0.875176597689687	0.80963045912654	0.893919365499009	0.953271833778774	0.204055496264674	0.838556795597003	0.612027304010982	0.943797008017191	0.906741856746065	0.442234987970737	0.981588594704684	0.423596535312029	0.647689300800706	0.351856607262082	0.791167143630598	0.680571995265364	0.900286339902308	0.815302285218397	0.712117763107975	0.833605220228385	0.948832035595106	0.454992209037516	0.829168339481718	0.318509009215533	0.804485249849488	0.156753383517298	0.889968895800933	0.388162197514715	0.587844060165763	0.971860526085817	0.705659336871855	0.691462167689162	0.379782112997213	0.21295746785361	0.630285152409046	0.989518938086422	0.466018535344358	0.183232314669605	0.839588523667926	0.991068743609791	0.883785783393091	0.859863860613252	0.988563448327923	0.845912915310446	0.803195679081805	0.956397426733381	0.985044426849653	0.779034177860908	0.562456946039036	0.953189115667051	0.919760662779994	0.276688286913392	0.914557904138136	0.949168605152063	0.905174249414437	0.636473367475385	0.593734460467429	0.244015748031496	0.811306854285425	0.918505942275042	0.857280990137304	0.443156320119671	0.68332536397962	0.93135324830951	0.892022253281811	0.480327110013887	0.934461894078455	0.968523316062176	0.244216128316949	0.195816741784448	0.894023311564851	0.515080213903743	0.42922337655365	0.531313873642147	0.28465034564412	0.924054706355591	0.815991546319126	0.439060422514404	0.327141723955579	0.801483720291249	0.758090786771475	0.768049455928837	0.983299639623802	0.623861142515129	0.116340090566677	0.907730673316708	0.196826130498421	0.973609759409728	0.395521682990584	0.348205128205128	0.974468085106383	0.282407150391384	0.491085494236203	0.959593991700598	0.942987829780283	0.885704820274971
"SRR5928219"	0.382034972815249	0.872963600528903	0.858200707338638	0.896602211339425	0.966132060422368	0.940942516237947	0.970012239902081	0.174448767833982	0.435924138345383	0.991080247837409	0.371692676172299	0.757774660561628	0.746393915552059	0.842505854800937	0.55939442341748	0.930612705033538	0.183716717366784	0.608463774812761	0.896762804999573	0.959452640327703	0.621990780262933	0.981428614358265	0.914947740972184	0.542557180352456	0.450789180555264	0.768933784641422	0.682320634522366	0.894219154443486	0.997027420528998	0.73550749994168	0.765905779504614	0.841664164232481	0.898599670184957	0.966870197785504	0.461407324672271	0.311220592728384	0.764718418669082	0.595188205677073	0.934739547084962	0.981079060655273	0.959936992896841	0.941351232394366	0.989662364356316	0.236192232810739	0.900735716749052	0.73105781214233	0.542415146617409	0.818196784283598	0.919072119996512	0.68140243902439	0.913488372093023	0.923746640177632	0.502253517267833	0.458117137988474	0.975082115754899	0.911782510593803	0.673460461861442	0.968835170043844	0.661190627276787	0.491788358912837	0.525455944245825	0	0.757789913266945	0.560983420786835	0.763662134495249	0.848202328216751	0.765646539840088	0.706579771901241	0.282824957940165	0.684118878979693	0.928049171254624	0.760800363801728	0.39932107004004	0.860186790447962	0.732070564565596	0.950167392528072	0.76699498134779	0.617106954855299	0.997814738375622	0.861292459078437	0.949358841472444	0.291775122071704	0.447912310714059	0.18124457118508	0.834048481471162	0.827707733545121	0.93803946641867	0.975879456255713	0.480150757453548	0.570105451771856	0.658164639578974	0.355460912115367	0.479211535700367	0.629741749239292	0.565672395479636	0.672200735779643	0.788731252533441	0.981299038404814	0.945479702081309	0.651421259941293	0.874285114644	0.970069002598799	0.950928887975817	0.593453232349286	0.994545785103933	0.732707973339916	0.678391959798995	0.434295589835499	0.309507430929946	0.539841840402588	0.565906797635963	0.589946188951706	0.493513409880067	0.594292671465493	0.733595978807227	0.60703125	0.862957213544193	0.992131941292177	0.180625839099453	0.804794891221994	0.594573643410853	0.758066743383199	0.628183831672204	0.367267249410319	0.943051723125697	0.658683379342933	0.588488163232356	0.407800950369588	0.601633469455788	0.772500998269666	0.222306855277476	0.808202620663132	0.671304510225044	0.592348055066122	0.957482404522903	0.326810097648026	0.32189087775364	0.955381279149214	0.928512832532521	0.955000889310488	0.984531583857474	0.630517711171662	0.902454482599677	0.454156585437581	0.960271576388271	0.966936229894661	0.691835131080792	0.973927149387996	0.338622716699425	0.820063481902323	0.650811415780638	0.909893226077143	0.566311736464325	0.964660936007641	0.912290597326414	0.891005199804648	0.961304289000135	0.982051205090494	0.718394404426349	0.573973431916846	0.593195368430745	0.910075032934303	0.424866191372781	0.825751443527063	0.700785431987593	0.670536234699825	0.990263961539624	0.866840080803609	0.912441654595204	0.393113558621208	0.572855436081243	0.511381416928582	0.985494513711049	0.718253058979882	0.45700196802512	0.942241657617468	0.982096258140643	0.898267901329048	0.912653082910501	0.978691468546463	0.571444387039634	0.918485432950969	0.879345384533105	0.994848016486347	0.748070706776551	0.716097042677528	0.961743509708388	0.955749149022097	0.378344481605351	0.945531283864712	0.982248698739357	0.927265600940676	0.173429787875363	0.857415557558725	0.444439719328088	0.613604773496955	0.968597372222604	0.974800096922704	0.71052019896797	0.376949160782217	0.97592531444181	0.810148144324575	0.506874215083614	0.962024271443903	0.838692704644339	0.432221491948735	0.569858148056561	0.961158715569129	0.67403917679147	0.413019479968071	0.619474322188636	0.376696714282726	0.99311679931168	0.926085136078158	0.599186958485608	0.398411903018155	0.872886039571129	0.889289810075243	0.823280294184284	0.99454661132487	0.830201543622331	0.48956008749641	0.967855020796197	0.457723987224744	0.903141932433907	0.368300769908023	0.257808063600227	0.97821433410107	0.693211916353455	0.361451453238344	0.924642607491879	0.945089008945178	0.959886066935675
"SRR5928220"	0.825382348814368	0.81378257134676	0.701693723260857	0.417329753478155	0.953178115579501	0.751959544879899	0.979447655748234	0.772901742646606	0.899298792364628	0.989915966386555	0.921778917611401	0.710410635788571	0.718646387032261	0.714208272347807	0.770660060166342	0.920503883079557	0.780068554018027	0.665711673270344	0.783918969613605	0.89739010989011	0.513620910415471	0.95787390443879	0.824734401596525	0.887100199634711	0.694854491775622	0.567399796650078	0.524653107774187	0.768429128572342	0.991906929691452	0.805375347544022	0.909045940765473	0.754885155982173	0.982166379988862	0.934701986754967	0.935766124910559	0.90661572249466	0.800640990819708	0.533468903575665	0.615009051511328	0.872558991049634	0.908665105386417	0.910352435696452	0.975490898667049	0.752339885859226	0.809791281036574	0.742718446601942	0.65419130722468	0.66749436969452	0.805002619172342	0.139611098973127	0.805120817235283	0.826743492946553	0.790673498180738	0.739516616314199	0.910669055414839	0.697321791669087	0.518553329072521	0.938469952826964	0.626900085397097	0.780949447239621	0.8131258727309	0.757789913266945	0	0.956169328198269	0.704570615214297	0.786892735671861	0.852946841294299	0.723490320716556	0.828491070172971	0.627610407394728	0.848684210526316	0.556152076257259	0.840652169548019	0.759754704503096	0.56824486776401	0.886624726477024	0.625413633355394	0.807459038653028	0.99478978218395	0.795567460146023	0.883180762399235	0.827304202483286	0.909677851001907	0.793496944232238	0.759322236143428	0.725747767329774	0.804057591623037	0.954680735930736	0.776070118222585	0.956450494737506	0.893938353813414	0.859050240880936	0.708479611126114	0.443099919921701	0.913505834177731	0.631621911922664	0.777802640411725	0.968591349082786	0.892587601078167	0.74095513748191	0.58449628732424	0.932534151101199	0.850374732334047	0.754400884428948	0.988899300800115	0.703100883962397	0.857472537616542	0.691131939437635	0.776671277086215	0.878265008627358	0.68272628431639	0.812555189853095	0.762565614438772	0.594914764518925	0.718177097895115	0.504557738995007	0.412100095026924	0.991951710261569	0.851625651158613	0.794693442530992	0.878741366078281	0.328974959911188	0.539425554247909	0.90562543898857	0.871594028251992	0.718121442125237	0.722748191978961	0.721111887943297	0.904796200850757	0.672488609242786	0.800227708200272	0.789857589440778	0.887037583835998	0.881173503905529	0.916596949610657	0.748698933125163	0.84298605414274	0.896656116691895	0.843897887089249	0.89893871961657	0.965106382978723	0.848594698931312	0.820060322145928	0.858872126436782	0.936849315068493	0.917952996801558	0.820535245758265	0.973199783432593	0.890442633781105	0.704716261845115	0.769524849808848	0.831237848347375	0.952598471216106	0.917913043478261	0.849837712046053	0.820535714285714	0.929316728374285	0.942909500986749	0.702402668473446	0.915919532539364	0.779779532741033	0.838368484387865	0.862615493958778	0.668097920035688	0.790397620989016	0.62144509457069	0.976907630522088	0.813381937911571	0.849688688081988	0.83067758312058	0.786629109634259	0.944047969393761	0.993598696461825	0.875413046138783	0.845021844102092	0.868576017130621	0.992580677882595	0.449481865284974	0.519498757696878	0.990484600551461	0.424473151395899	0.849963008631319	0.890447873812047	0.989039515431208	0.871844033179277	0.432527248868536	0.942309999400156	0.901782840960288	0.897321584061858	0.750392169166092	0.953926850014176	0.875828812537673	0.813039309683605	0.790306095002421	0.889322963334648	0.947015933027275	0.970065865347651	0.95658931941823	0.831917297953375	0.863277909738717	0.946559503666103	0.917414721723519	0.791045497378404	0.921092388146426	0.716565664169835	0.876112182414831	0.87307722647314	0.912590765858337	0.688033583321541	0.912658482592071	0.658544001389975	0.907335099707154	0.872665472753189	0.65321034978438	0.52645636812388	0.775437311109076	0.643003693065244	0.813259535555288	0.418509803921569	0.990056204063986	0.774888812863496	0.778951396861845	0.925951414217879	0.795102413659839	0.933022989644205	0.749284755065102	0.839945402213584	0.65031503150315	0.851126060251536	0.874188082462581	0.614564369310793	0.877102550189908	0.906415094339623
"SRR5928221"	0.569199511103351	0.994841735052755	0.945532839352912	0.997271536670547	0.990501264777244	0.995786209775198	0.993015938872178	0.558658815046268	0.584501110345356	0.996924401796149	0.510813324806697	0.883977796594223	0.899274657892769	0.946050096339114	0.638474854087838	0.990756038077256	0.564675943472846	0.949391539501642	0.955075765078736	0.977533587490571	0.886876637130432	0.990789284319168	0.945078403974538	0.663645449219423	0.712692436013536	0.992402873368686	0.995223935431281	0.965251735418495	0.997972273949928	0.846914767555685	0.991382018941604	0.928644240570846	0.814864709268854	0.990320824343127	0.18118600580294	0.485132142329839	0.854971644612476	0.857941957673901	0.982018209408194	0.996233034807497	0.986288232773572	0.977568936844955	0.992940447930643	0.529492937929542	0.992543562342996	0.836353993306388	0.993489228251977	0.943367819641754	0.957036352309949	0.932421464001203	0.980989510067923	0.947368421052632	0.924806754263855	0.737864508588422	0.995895654919294	0.971801021197586	0.856572270420691	0.997434748971864	0.874186251316676	0.644094933132417	0.68285311303647	0.560983420786835	0.956169328198269	0	0.965207631874299	0.981251153349326	0.85037731410268	0.87013410065693	0.483967678382777	0.997925992499006	0.973918818297076	0.994084747369419	0.259947327211901	0.966004225021516	0.989629180847841	0.968848620584343	0.921213157744712	0.757356189802951	0.998840819706065	0.995037995766682	0.975940890309186	0.508463857636591	0.109899551322168	0.487136516581783	0.910091313509717	0.949329787616344	0.988949388197947	0.986402841197362	0.921006331462221	0.26160944885105	0.754813359528487	0.258468216518556	0.770911643141231	0.994788978816066	0.261065888496391	0.946889173562303	0.885538602555044	0.993179603767457	0.979201719000223	0.802973506455877	0.992894540014959	0.985298634288171	0.994012339435623	0.808305607750522	0.997146637995203	0.880441008018328	0.783143686450487	0.766515080908229	0.41849982663636	0.809072922555116	0.922344070209471	0.740055550879556	0.868325174544579	0.886778494346966	0.938281145007391	0.894215404282518	0.996677858278848	0.998471295473795	0.504818949087939	0.882564318207883	0.704530207266693	0.927871862885125	0.750765963901107	0.519912479297403	0.964149874565024	0.822533335732666	0.780499453097318	0.760089509016717	0.219394745162258	0.932850907854214	0.489971915690335	0.883357480923404	0.757036324272312	0.707233356713277	0.973495902458525	0.630474438568253	0.650638184095355	0.983844977052524	0.9600759688043	0.976657976209874	0.99283817990986	0.742374219478935	0.971562088109598	0.199853611471537	0.983092623902548	0.991979211425531	0.807388552799038	0.994763228936205	0.487228003784295	0.927875428074092	0.801923383454652	0.965465435387913	0.1017586172244	0.980640936438423	0.956434474616293	0.927208945406709	0.986428885448325	0.991865075289139	0.866015872424457	0.4291056477619	0.752801727803003	0.968695306284805	0.587137360093245	0.994925988097055	0.812793639320564	0.866956737061799	0.993351914937545	0.925202431115167	0.942135258358663	0.746762338116906	0.728203873313291	0.380884322353391	0.995004284116818	0.806589383770592	0.615449368655608	0.973015070294326	0.996	0.997617433059033	0.990378266201302	0.994909979995555	0.955346617211536	0.974984479421539	0.995341304878319	0.996939556235654	0.919300333174679	0.814400267290344	0.979196825907458	0.987047253538019	0.531755324198601	0.987387959070358	0.990781703327229	0.998120631937511	0.437827025319787	0.928221552373775	0.596647006026414	0.338581270907605	0.993960005441437	0.990439005808971	0.817792545902987	0.306090679120451	0.989070364663585	0.989140049808794	0.637444318511294	0.984294307653624	0.996286955303349	0.584699453551913	0.698721697719108	0.980239972295219	0.843711843711844	0.547054941206578	0.770335878810455	0.528262762168579	0.996507792795706	0.974993650731631	0.792782668414809	0.614709731144421	0.972259941804074	0.940250034237865	0.912291554969	0.997064235357357	0.90728247708009	0.68113360056746	0.980865733752193	0.69269625440798	0.996537915410265	0.647014328314787	0.473281323322384	0.991466891155031	0.79412780656304	0.30628840133536	0.998165781637436	0.993459937036661	0.981208983817715
"SRR5928222"	0.797097082014967	0.923120498502873	0.497283250649657	0.656628532974428	0.932932839846002	0.625086529143015	0.930884943759317	0.76845620856388	0.854910613770433	0.973605490058068	0.920360864831233	0.501441781843492	0.399653979238754	0.607715736040609	0.881422201897794	0.81253223310985	0.900870469013902	0.612191797794573	0.606056509395701	0.739392923025323	0.72480313887905	0.868492163574131	0.721563981042654	0.88358089120835	0.845580458322841	0.750644202180377	0.825051689273624	0.47870528109029	0.978634109118657	0.681394888052308	0.713587940544865	0.491521617069062	0.9935482791227	0.910502844840843	0.934867800982192	0.877607337066797	0.720546269873624	0.734997798554816	0.604858803986711	0.866088370832204	0.753757811180544	0.699513099930443	0.936158297554601	0.855066822369275	0.875247524752475	0.635751876455871	0.588424024640657	0.32545871559633	0.610786516853933	0.686716150499104	0.554090500449506	0.728083666564134	0.788341322259283	0.865649104191323	0.789986824769433	0.492339832869081	0.495056104877236	0.850082918739635	0.603319166160696	0.772841901066925	0.770949720670391	0.763662134495249	0.704570615214297	0.965207631874299	0	0.493784903620969	0.753512447621395	0.456816500945024	0.853698345574598	0.498205944079615	0.587157352718461	0.679610645127886	0.858758433237878	0.416874066699851	0.379633182411173	0.729882196781152	0.462821185107499	0.760094835889457	0.98621217924167	0.938694158075601	0.716934282403576	0.754205644999398	0.842270800367266	0.921600432549338	0.730769230769231	0.723858029603692	0.562771210534191	0.891708420882496	0.798680275807528	0.961837764939586	0.838340556069533	0.964784039739111	0.855043515480097	0.766825270221953	0.979525317908461	0.293364218558387	0.576247440456946	0.93199481865285	0.803620054460996	0.608340888485947	0.437066974595843	0.805599026256303	0.682369623444147	0.426982105756987	0.973464746019712	0.742490613266583	0.748106205524524	0.514391683644152	0.869418969036598	0.771710022953328	0.54461243100552	0.736838879696023	0.567466305875006	0.689906238541721	0.369099756690998	0.672359075109566	0.573692786253888	0.978943410415492	0.693533517713684	0.750162513542795	0.869263685996754	0.437674891885017	0.763155590578758	0.899405940594059	0.651419558359621	0.533125050068093	0.79324565825047	0.69247612675628	0.911194169314147	0.319239760138225	0.703290289633034	0.77181053359456	0.866181336863005	0.910538857071193	0.817055603572458	0.578182146566126	0.657455403424731	0.747010274549436	0.651264439587886	0.773302263648469	0.884790114483009	0.819044606137298	0.587746922416261	0.91415160461313	0.872730301515909	0.792912705272256	0.768621680330741	0.976371581162	0.90148209584941	0.513364055299539	0.681196261682243	0.600761012732328	0.941795753429513	0.795084804430599	0.728142783238489	0.733728646053932	0.908115722180085	0.855124306921839	0.48876298394712	0.931288070713248	0.790518612790328	0.493604004449388	0.849357826331679	0.726863753213368	0.639732288605942	0.744981412639405	0.939779315504021	0.596005231244798	0.810510887772194	0.65447409733124	0.837864627584254	0.948176793165978	0.992006518955415	0.793164111585826	0.871063610904727	0.647077359382385	0.972786863537046	0.636949891067538	0.600080669557326	0.964599505246097	0.608160181337363	0.840041102928584	0.970169549143756	0.973060140390818	0.771683922641141	0.796548844976343	0.964030103148969	0.812391930835735	0.897683205727354	0.690463215258856	0.88205407367084	0.719004128612536	0.82076035223616	0.655524419535628	0.87277248238707	0.918082210492424	0.953126027217145	0.946692152490177	0.721888075313807	0.944714314519825	0.870413459817433	0.767051623729148	0.84391582799634	0.859979101358412	0.880625562556256	0.866138727220685	0.803544787253088	0.74337610398267	0.758489368454459	0.918151179585941	0.745453574385131	0.913874645292976	0.946386697932211	0.578960365477219	0.563107721639657	0.837996688741722	0.424722287875207	0.583551401869159	0.778572151215729	0.974247301647415	0.564478246281177	0.669195231848514	0.769464105156724	0.549179502667875	0.982764069527167	0.871691935923919	0.774776927979605	0.853796709881251	0.772761601074096	0.831184540492698	0.878628434992152	0.889376931836668	0.73502843760455
"SRR5928223"	0.840802286710915	0.452739359669901	0.637233579817312	0.752258678078935	0.959373910490486	0.762605306173771	0.95286673553719	0.859345931655733	0.908270480010463	0.845937938562295	0.962413975648491	0.621581533327153	0.569067720495779	0.720604914933837	0.936281179138322	0.721894885694084	0.934196332254585	0.784869502465622	0.657930355604774	0.803077842522038	0.849857070342764	0.905110651170196	0.853653217011996	0.936973717785149	0.899247024532427	0.745286506469501	0.894776836600139	0.618986364805763	0.983590087073007	0.778337848906811	0.592385309857429	0.669538142189933	0.995667812725852	0.674270703719065	0.95717209121029	0.923222449944821	0.75640295959021	0.85714648839633	0.767033391237213	0.439518521658049	0.802435723951285	0.77917913638307	0.94381468703795	0.860637556245643	0.872564102564103	0.7951464978492	0.759592987617997	0.493544973544974	0.775557056043214	0.767665067019692	0.59805510534846	0.863384955752212	0.875089671963653	0.914397812388539	0.682932692307692	0.695912689920822	0.739056160580824	0.750887573964497	0.675689577573458	0.863700234192037	0.727177578788231	0.848202328216751	0.786892735671861	0.981251153349326	0.493784903620969	0	0.597705604216727	0.570199240251182	0.889482808436868	0.690729630346429	0.690440474567026	0.687493982863194	0.883727584891263	0.532968286561716	0.672262190247802	0.827142222879976	0.562591329761325	0.854220847683981	0.987903225806452	0.535078534031414	0.771968690001477	0.814018800951749	0.909397330457058	0.95079509714588	0.822127276815831	0.765192539109507	0.71239714015918	0.71056816538962	0.882067341538611	0.980503947770724	0.906333756524192	0.977832169223728	0.904674357677989	0.868262827253364	0.986478796294189	0.635254413291796	0.716455190328704	0.723139299160151	0.817582102394952	0.688875068024567	0.59018162201043	0.848788767165561	0.792284866468843	0.63887291546866	0.975024975024975	0.846529524937102	0.852453076309878	0.710863986313088	0.880776053839439	0.848568877191333	0.746626478089497	0.685340529125359	0.760064170050634	0.761969628172141	0.672684915550379	0.734746490976797	0.6845137717819	0.956025789386675	0.819304224808694	0.829919678714859	0.928871464575749	0.658441716299988	0.853045986763957	0.941334470262204	0.821216407355021	0.630515401498524	0.833370283332594	0.826490539093181	0.853916908451139	0.525026019490964	0.795835702103468	0.855001594557245	0.936363636363636	0.938176950225143	0.586287799791449	0.748830703326485	0.782601121833955	0.774711264436778	0.792600896860987	0.802315227070347	0.921065297609498	0.884402572154927	0.68921721099015	0.934620291552507	0.899598990049012	0.832693783576362	0.861742550496634	0.960631060935012	0.935912301043533	0.641162458313483	0.764338886919532	0.706201242893032	0.952442609182531	0.818684695759066	0.80099267312692	0.853577371048253	0.297118184556682	0.905394716025945	0.590812720848057	0.909464890601436	0.872909698996655	0.664226205503661	0.809007053716766	0.733955891118617	0.797565860422123	0.83540197461213	0.947013328945203	0.775298107428071	0.350904493289243	0.791682563906906	0.887303083344554	0.971957592309843	0.991170144522848	0.881172654091073	0.914851593789433	0.759502614102021	0.983121258709234	0.736993035641131	0.718230487461257	0.978077359203729	0.78875	0.382011605415861	0.847142020252741	0.979336777203799	0.716136461782064	0.871276379181652	0.929275463940526	0.853715775749674	0.943484935712915	0.800743494423792	0.905463867969877	0.769116129771867	0.885724057993045	0.502145122178698	0.91444544274733	0.952568710461816	0.817411402157165	0.338917906770474	0.81842006739049	0.962483946240255	0.881905968022796	0.67046878514282	0.907219570405728	0.888686717328481	0.928891611214745	0.871657754010695	0.874535369131355	0.808646560689348	0.844457777111144	0.752610945585699	0.85279094742908	0.952538790411683	0.680106699497281	0.729980745271265	0.761953017042837	0.869023704298915	0.559617058311575	0.771787549971445	0.84998189777178	0.979703876226917	0.750180953365733	0.73794009746482	0.84093637454982	0.727131481841134	0.912120481927711	0.920566945844545	0.819617558256561	0.973761227167222	0.756780264094252	0.864779783393502	0.908099993473011	0.891813290679075	0.801729278473465
"SRR5928224"	0.620451404882543	0.703871150042385	0.737944471505114	0.933805801125155	0.945650217759061	0.987364220793616	0.956997040526665	0.744090074187162	0.601432975089561	0.867949746057204	0.70030892240596	0.426282051282051	0.555519134639023	0.684264743754829	0.879823903034648	0.606279434850863	0.691226562739743	0.8577579578656	0.653327533710309	0.826848750322082	0.721350649350649	0.952925170068027	0.70172868444184	0.507912809793968	0.504571903574397	0.978131045504248	0.980136208853575	0.80707904557277	0.986081522511007	0.364462809917355	0.864490371066228	0.508968609865471	0.977641196221012	0.731390026499639	0.786072132393095	0.594266480087743	0.29032813711136	0.768126701311557	0.774122998862742	0.740090160111923	0.908290155440414	0.662541966426858	0.952207937395193	0.636006988077359	0.986920735144887	0.357430918595967	0.992866593798539	0.651868048293564	0.713240500354024	0.729408502040331	0.877729257641921	0.687507529213348	0.80875292118122	0.58885255874078	0.781446373415699	0.769755160825732	0.572344831069138	0.855920296334142	0.423775718926724	0.518444176814309	0.433732961077353	0.765646539840088	0.852946841294299	0.85037731410268	0.753512447621395	0.597705604216727	0	0.311139747995418	0.685015822234586	0.847676523838262	0.798143299214473	0.993016759776536	0.80220904545983	0.772241992882562	0.951989211058665	0.805264502938921	0.564496206105523	0.357740585774059	0.989745050562598	0.747140497889779	0.811479591836735	0.598292518535161	0.843662716086661	0.749216300940439	0.502358727290977	0.590950226244344	0.913463805706201	0.74931129476584	0.847995835502342	0.854173283924475	0.525967048710602	0.839445072288687	0.530009638131955	0.931442947743592	0.906511790039469	0.67579049584269	0.345188662213396	0.784827586206897	0.85749813479234	0.40855584266437	0.858912312361578	0.91682119205298	0.966854898109502	0.356459330143541	0.982190812720848	0.380237262566001	0.335216572504708	0.493744628020246	0.712973593570609	0.766774407995782	0.763364849341698	0.339037315080592	0.614484202512372	0.602680708472954	0.66928011404134	0.614049091997605	0.83765766943337	0.967968530486092	0.666531969786454	0.425333212439931	0.4614733276884	0.707127774924385	0.621687431516578	0.649323112053499	0.777122496621207	0.353171824674415	0.614088561510456	0.707678555981661	0.829767011113277	0.693418113077848	0.65001882723445	0.402443680794196	0.512685552072861	0.679626749611198	0.605537123898867	0.60335755449762	0.618836490662367	0.859358841778697	0.714808043875686	0.841936723453311	0.955080799780882	0.42948140967943	0.705406943653956	0.818501697966532	0.929505255062804	0.950685654008439	0.332420659614188	1	0.720961733830003	0.666378415773089	0.29300118623962	0.82645968489342	0.802511121416671	0.865382077339316	0.75406568041129	0.588831344291826	0.647080159593761	0.928010825439784	0.402695939946727	0.905446459331642	0.404819001941304	0.706595484373262	0.518039546434261	0.999101930848675	0.315208881930112	0.35982687389337	0.95493982647635	0.418609206660137	0.446920976125452	0.668609553136112	0.447340325315581	0.823207904141266	0.995865070729053	0.392718035563082	0.567786069651741	0.850724281856126	0.959589140184212	0.938978454120838	0.942301126664391	0.947464623852457	0.806714068414164	0.665355791348223	0.879995907090965	0.982461103253182	0.71247456199855	0.648757489441116	0.942845856048037	0.907083190296373	0.621320677223566	0.854032169821644	0.923939808481532	0.740604575163399	0.795217520858164	0.393096429480112	0.575131497891295	0.91993633260461	0.896775394928773	0.666726105563481	0.372448084235156	0.809625212947189	0.898998104522069	0.883822067594433	0.689843591893377	0.92988859008836	0.975062754619151	0.592988005799394	0.415391248113818	0.84	0.255155176004999	0.649754202828185	0.726647301635835	0.623503609613452	0.83621066964937	0.833501717518691	0.615962070327934	0.565006356177048	0.882857421303966	0.539087947882736	0.723006486074018	0.982768361581921	0.383985102420857	0.442064969997931	0.891891891891892	0.504823447957535	0.930390512555163	0.608464452214452	0.693714455636918	0.992166150482784	0.247010790317877	0.768532526475038	0.947780234733798	0.977598791844953	0.866272341519866
"SRR5928225"	0.565505804311774	0.93288116433517	0.520023384975153	0.779758860065765	0.919192282773018	0.789135254988914	0.956146179401993	0.667167632815668	0.652224629228462	0.979946524064171	0.73997746519827	0.23991901467859	0.270879436111794	0.606593972696832	0.843548007662406	0.698314665550089	0.724781341107872	0.719492502883506	0.663476180117468	0.825	0.63722790794327	0.916984213391399	0.702842629676663	0.573314220868423	0.521429891003141	0.788340203583747	0.908316961362148	0.589865399841647	0.98607756783634	0.297319636320699	0.850074375636107	0.392076247430387	0.978387233253232	0.929879518072289	0.811990977086549	0.608305911721321	0.29830304074425	0.706147297564839	0.717210604602327	0.967817164179104	0.827934698108318	0.590712846589274	0.952194576460721	0.646099616858238	0.902108943272809	0.360770839557813	0.786203325470341	0.380621850337549	0.671388101983003	0.576132176393676	0.648683744540196	0.68574527051452	0.716452791705617	0.605703422053232	0.938212421433898	0.682512244309997	0.445830597504924	0.884502363613134	0.212154031287605	0.49814872641299	0.499589378592937	0.706579771901241	0.723490320716556	0.87013410065693	0.456816500945024	0.570199240251182	0.311139747995418	0	0.684576595374717	0.585707387735394	0.708571428571429	0.7298760258425	0.746296769992791	0.55171361741076	0.708524413272188	0.791922290388548	0.343805153547476	0.429057146593435	0.989742128508335	0.945433412858628	0.781832100025517	0.526063511084482	0.79685199864115	0.780323757409941	0.493223571930529	0.644085497458748	0.748584905660377	0.916082164328657	0.762565073355419	0.872591233147455	0.574281364735381	0.860717069368667	0.546267087276551	0.834573854701751	0.919171473872415	0.456631259484067	0.263452509931383	0.954095070864167	0.877611940298507	0.270926058865757	0.565838050701452	0.869899311075782	0.833251473477407	0.183993300634047	0.980206418775626	0.328852616418627	0.41450289250639	0.374498567335244	0.733515582285402	0.725361637743289	0.604453870625663	0.470244010157889	0.488721804511278	0.47692454998085	0.431046773043812	0.442884704943118	0.61801424929734	0.984260820685779	0.573440268581554	0.42504761041081	0.532538596834082	0.501626619485189	0.604448232476967	0.697740804175842	0.7625660562861	0.232913165266106	0.591955969517358	0.637936503359382	0.829811605858985	0.383121347542111	0.564273732498032	0.402329578002673	0.577216537528834	0.706664592892138	0.854674447877331	0.498830604744404	0.54591871011085	0.805792604085855	0.710106058758991	0.842664958360026	0.930684931506849	0.467349906516169	0.672093817602186	0.812602291325696	0.937692307692308	0.85439198100765	0.35461787403535	0.981695085255767	0.73387970739637	0.4665282823041	0.275507513841287	0.700579374275782	0.821879455160686	0.843696369636964	0.795571413579599	0.572747747747748	0.927262833303102	0.919057931781267	0.133930733833858	0.911223515041421	0.468021927820923	0.625764823673379	0.608809746954077	0.770951226084613	0.353405936365578	0.302813668262609	0.954927211646137	0.406739811912226	0.725438364613622	0.588077867800711	0.516738898310408	0.843087790110999	0.992745211839814	0.414554282165641	0.606820773297398	0.761296660117878	0.95193621501712	0.766576250753466	0.742701041488817	0.931812113619093	0.657409700357307	0.87012987012987	0.931318175306469	0.980475382003396	0.686682729420571	0.602632526767296	0.962123127488781	0.884399679523864	0.665099721601022	0.837802342125424	0.919266557197592	0.575076608784474	0.739933698364808	0.571634574603444	0.627505805412066	0.896174129830281	0.964368850678171	0.955234528268236	0.337038553793951	0.816149068322981	0.901950162513543	0.872382727555141	0.670222916124555	0.910854947166186	0.92864295414329	0.651478535963795	0.460062520211275	0.838163631700436	0.321019373654607	0.758618596746783	0.649322189379268	0.674008407969293	0.993190992655999	0.735246564268391	0.505992887562014	0.576530415687483	0.602495369919095	0.532478110364488	0.620222575516693	0.983328623905058	0.340286831812256	0.354267977237455	0.861078773767947	0.367492960347136	0.960055669882356	0.622277263786698	0.600907029478458	0.975036443148688	0.42059209566866	0.699372408382831	0.881437380395492	0.922205438066465	0.827138263665595
"SRR5928226"	0.225470586623558	0.905538472169437	0.782292830911704	0.859731685046007	0.918269299105937	0.945818808013776	0.858601327207759	0.29784157438104	0.193772072281082	0.992186447527954	0.119663372890171	0.67511166159967	0.732271211559837	0.653124527159933	0.600003844083955	0.929915372607017	0.269979313547516	0.839064682957916	0.844806738106159	0.937735598030955	0.796010283934168	0.967023535257713	0.740030368416846	0.380946340225802	0.431080376498998	0.879517168990853	0.939140909916005	0.877528565382988	0.99551035367418	0.643395215431651	0.874203545308045	0.747047977717626	0.921681850715126	0.956256225908441	0.352277520033741	0.141408751334045	0.670126524736723	0.690671594470714	0.894957662674498	0.913137815065273	0.934686986270938	0.909090909090909	0.984414163970287	0.122748555279032	0.88231315522489	0.573836817262306	0.900963630711843	0.803050659922548	0.880314689824169	0.795343259718197	0.906964746345658	0.886954261954262	0.805777842443054	0.446421183285064	0.911068828590338	0.841758590588049	0.610327281137967	0.958967102935975	0.654175554777293	0.34532064720744	0.384582803896654	0.282824957940165	0.828491070172971	0.483967678382777	0.853698345574598	0.889482808436868	0.685015822234586	0.684576595374717	0	0.876136109959499	0.877786881711156	0.881034942651374	0.25609080841639	0.849159288441231	0.83043522301381	0.926148675540618	0.724819111060067	0.473722700528538	0.996698459280998	0.912191675231244	0.924426570026959	0.146217434266021	0.450800442641092	0.176494175672154	0.759353535353535	0.762417672886937	0.919979371696248	0.969525315066087	0.833090851723957	0.443077655093273	0.461465937558926	0.426553116822218	0.538670140642863	0.925092076683351	0.633737634740354	0.817937563971341	0.704233520201044	0.975573323960988	0.918612291383766	0.582088512831227	0.919489954777967	0.949411290683619	0.924301225308507	0.583076776589329	0.991949501417986	0.643786176370446	0.49903894790086	0.487195275546475	0.15232922579766	0.621503167265879	0.804655140161941	0.412029298240282	0.656620953551378	0.595537741402024	0.80251922727548	0.702816901408451	0.860608880616857	0.993791371832915	0.191830997913029	0.697242020452433	0.444724618447246	0.811389662643144	0.444354266003855	0.117498918877668	0.899328273575853	0.562764456981664	0.438308729724804	0.559270639605401	0.550588016644123	0.7759697256386	0.1075	0.723627439338163	0.440244825845533	0.492680277482904	0.944236654199252	0.279735625952031	0.319419197019682	0.933312613772588	0.89518093249826	0.927237319642383	0.971297931096926	0.489702360588437	0.863482097403699	0.31900925096986	0.944840409048652	0.950471592686961	0.562951680331853	0.983307709202723	0.0747568653112801	0.787712041288756	0.54747838857181	0.882744779879585	0.491589962743809	0.947057771418351	0.837486635414097	0.839705944484347	0.947937245787333	0.973035126482392	0.684059464233147	0.721423408629994	0.403609795362373	0.849020102615863	0.250961831215921	0.881876398426047	0.550038144115403	0.656079371420962	0.985318925819541	0.799335920310437	0.879868390848573	0.463890077497266	0.417909475740801	0.358275734881409	0.994145005548079	0.514368346563288	0.280051638646833	0.899533423450922	0.940673783734642	0.86037561027761	0.924612308040599	0.92784901855761	0.756596060943887	0.886852533257855	0.954942499842896	0.992679690716933	0.840800862039	0.598632252371498	0.937930205083583	0.85148346510244	0.189209809264305	0.920170525787846	0.973299542924379	0.901135115342365	0.417782515368778	0.745353299721574	0.286040679855113	0.65254998782321	0.896613342409803	0.96877283390378	0.5731133554984	0.455825918272677	0.965543679249538	0.886076757700249	0.324854180168503	0.799912694948212	0.954384764511347	0.182646212847555	0.37546111627628	0.927834595121087	0.610962658444673	0.278649378940533	0.556604297373827	0.187358547160036	0.992531824611033	0.893133481871582	0.508438481605707	0.234231581014087	0.897396997764293	0.802202267278859	0.745020437293194	0.992134266245941	0.762682649743409	0.381341774377913	0.934280639431616	0.381323384176451	0.970846483774379	0.28229529152759	0.111393619573039	0.976945468659034	0.572255552047153	0.264119173550445	0.88653973697407	0.92372322174812	0.931306505938663
"SRR5928227"	0.903085150143974	0.733349248030556	0.807384376214536	0.748388285135384	0.870680466251762	0.831526415419033	0.958239807903116	0.592686597336089	0.951439524919191	0.995834159888911	0.997808401129005	0.780990592141671	0.71154495710329	0.774299950873745	0.859800367915184	0.714849856026327	0.766504675022025	0.703690759122047	0.884367582231265	0.962362478286045	0.750413625304136	0.970251256281407	0.970870005452138	0.997622124579995	0.567658942854787	0.445234315687763	0.732173841196398	0.82557021760028	0.992739342391868	0.574309109518936	0.779522523802757	0.777660853878533	0.972869607036324	0.947716015410016	0.980410134848044	0.869563720257567	0.926254310041517	0.830318530574285	0.824673936283943	0.966248545195914	0.918410852713178	0.574203454894434	0.996309963099631	0.68910210917762	0.746098177696399	0.88780487804878	0.376369914427263	0.698757527250553	0.934621636265126	0.542473330699328	0.81089135735573	0.994495917805706	0.615260720756996	0.547643761677393	0.944615897906414	0.843872454859777	0.717066202401679	0.918880046025506	0.39205077515347	0.770094728006715	0.900129390904299	0.684118878979693	0.627610407394728	0.997925992499006	0.498205944079615	0.690729630346429	0.847676523838262	0.585707387735394	0.876136109959499	0	0.878022177785857	0.398975526465566	0.866023462339656	0.747808604744672	0.492943201376936	0.978707078457702	0.66556624084972	0.841864103710326	0.992516370439663	0.7234682569001	0.943295019157088	0.808571623558316	0.888573073325178	0.81549482621385	0.887606463424341	0.673681108163867	0.850207543764663	0.996599282070659	0.720609870268824	0.997233001518475	0.903192171960218	0.882534030636846	0.487453787461653	0.630649197703518	0.92992538047219	0.552025999895162	0.835356046205586	0.974657210401891	0.917496711144522	0.813573675296395	0.638699208978433	0.960788177339902	0.857807556300019	0.569772256728779	0.990697674418605	0.565151603328872	0.905656056789558	0.519497069068049	0.794752692562912	0.832118209549359	0.696282793056987	0.849971036879707	0.68724593495935	0.559982971477224	0.384039541244781	0.491294731469404	0.6037092899838	0.992385264457707	0.736562077593397	0.923105143444127	0.995878126218459	0.681061471947523	0.902426489482765	0.986875092169297	0.970015830151783	0.759981044899893	0.765540385935474	0.731820498377189	0.867405272607011	0.635342042421688	0.729733127966555	0.922912205567452	0.996616946024912	0.955720338983051	0.992064191870205	0.648459278234009	0.725009267268009	0.925116099071207	0.946691346598797	0.951378879600269	0.967683296303777	0.965146981165288	0.804655248133509	0.893283089235072	0.94827917708133	0.923802042419481	0.64841992501339	0.961429381735678	0.957422969187675	0.800762496469924	0.737481714864409	0.881944444444444	0.888722645139014	0.969932200058956	0.945923666639189	0.983278174534053	0.951863809803346	0.971971971971972	0.750750550403629	0.899812762822677	0.774982599184648	0.828142524372358	0.947790493693092	0.565198398252639	0.868476367785719	0.492632640484061	0.996306176893084	0.813114754098361	0.991685183857788	0.777502593794973	0.870971224963559	0.991588598764202	0.992973152137885	0.797784888013783	0.93542199488491	0.926484273217942	0.953063523167364	0.748645583973794	0.791561888795753	0.86715018229319	0.542842333732871	0.88679480002488	0.767725638783639	0.98717683557394	0.759476086525104	0.739130434782609	0.983401718665325	0.907046476761619	0.98980132990658	0.884828349944629	0.977800201816347	0.550193673337637	0.665304817393776	0.887429643527205	0.9659114879973	0.937619279272537	0.966457023060797	0.974232773595831	0.608936278243209	0.778124575926177	0.964149809733627	0.820016095654173	0.77864422275404	0.944512757454657	0.857753996529939	0.958597847088049	0.853847608243524	0.9525	0.633711697935658	0.975923946672667	0.795440424413325	0.998529772114678	0.99637352674524	0.881741078572572	0.747271366090074	0.665044294268007	0.747142523909494	0.86316806181584	0.715552684130154	0.985537190082645	0.824737631184408	0.752598942184935	0.972515242427175	0.642612816814342	0.860411450460949	0.631687516635614	0.866928786903027	0.979378406245397	0.948271635204707	0.894813808951794	0.859727595099936	0.845059738289399	0.942372554688253
"SRR5928228"	0.882294635113369	0.935025617140196	0.512454758356398	0.792092622244119	0.956038241529661	0.740590619571511	0.912639912639913	0.933045415784117	0.885562425425751	0.921630094043887	0.929648699138834	0.549618320610687	0.656970610399397	0.536260483473113	0.966141384212853	0.81389515926762	0.936267071320182	0.880258266484054	0.356119073869901	0.360072926162261	0.925057694643508	0.590347923681257	0.600513808606294	0.896036503534043	0.893323386795972	0.857933871222908	0.965907961435245	0.401526717557252	0.93346911065852	0.750791417516708	0.932032032032032	0.450934579439252	0.996335212116995	0.787125091441112	0.951243536074858	0.918075983327744	0.687241436372663	0.918661385683945	0.593382227528569	0.892299260071252	0.316914498141264	0.603870702079473	0.78463476070529	0.895783288369858	0.737049378976068	0.662490411659422	0.925856961489632	0.42759038578065	0.37164487267722	0.874955522797743	0.389328743545611	0.5726308086352	0.932051467399161	0.898910002893798	0.750850562679927	0.417371570043326	0.82407082133071	0.600176912870411	0.777817984440022	0.855557533677527	0.815261044176707	0.928049171254624	0.848684210526316	0.973918818297076	0.587157352718461	0.690440474567026	0.798143299214473	0.708571428571429	0.877786881711156	0.878022177785857	0	0.863111413043478	0.931725298501482	0.335833138036091	0.800259123299503	0.41452612931798	0.575442247658689	0.801192434210526	0.950447350309704	0.948242278081811	0.248239436619718	0.865928659286593	0.958709405314213	0.929002100128718	0.631399317406143	0.751278845060816	0.494852436513384	0.722911497105046	0.944677603967951	0.968220421901295	0.873687977099237	0.974515889321152	0.901726735427048	0.956305615219393	0.985365209985245	0.741497845815382	0.555716878402904	0.825508932280848	0.498787388843977	0.771401243424199	0.76928884191454	0.435923309788093	0.575640031031808	0.760939741750359	0.897810218978102	0.769051580698835	0.774623655913979	0.841290490438403	0.908621912684594	0.925896728419393	0.85655689675378	0.775262990117947	0.852667011910927	0.815950920245399	0.777444558440534	0.793766508188061	0.822665159765745	0.927741935483871	0.90752922602714	0.666361472257828	0.877976494634645	0.794897532413216	0.852147014103707	0.904199198143068	0.294437961882536	0.676382832224007	0.843801927550681	0.914814687596606	0.963135327337377	0.584184514003295	0.895707337703531	0.714343928280359	0.8643858566264	0.921794362842398	0.630003151591554	0.86690608336054	0.8834903321765	0.30719557195572	0.366704588547592	0.39169271996427	0.63437139561707	0.807323943661972	0.377059372085794	0.934570808514568	0.641002685765443	0.450396825396825	0.801752047229099	0.933609958506224	0.90585093064018	0.553702468312208	0.744326462627524	0.274151436031332	0.962129413328775	0.41065206570433	0.588190764572294	0.605310802655401	0.844688644688645	0.67178924259056	0.666617797976836	0.979647640567181	0.824543780344885	0.179666958808063	0.856345885634589	0.863481228668942	0.689260874690558	0.787625245325896	0.795944233206591	0.52563550193882	0.786961784540896	0.871862189673437	0.836214389183969	0.955525927336794	0.990000909008272	0.828599654235614	0.87995337995338	0.13188518231187	0.982063096940487	0.783545289384895	0.740728692257645	0.976161213273659	0.875776397515528	0.778480212416235	0.984017368408897	0.896138482023968	0.932549821154829	0.886526526526527	0.976578899522322	0.564175339009776	0.91557051085959	0.635956314757771	0.661308840413318	0.680397727272727	0.948886303191489	0.550377631367508	0.889925973607982	0.976094971840687	0.954151502645106	0.911118980169972	0.755356987941355	0.966249212350347	0.594059405940594	0.938551682692308	0.902828985906757	0.731626754748142	0.978703497438182	0.864945035770372	0.838620264859871	0.287634408602151	0.803961516694963	0.928576645001095	0.915850109864006	0.929403113126609	0.985595198399467	0.460508083140878	0.838242984138051	0.867392477073219	0.581930534839122	0.49906015037594	0.890511512903724	0.900793650793651	0.581593194122196	0.820691659401337	0.332101616628175	0.823942349506119	0.991006483993835	0.904879385964912	0.911131942816967	0.8909426987061	0.769759450171821	0.937263493328022	0.959000578815358	0.734230445752733	0.298325033952014
"SRR5928229"	0.87695353198583	0.656931798660024	0.680815378660818	0.714669292043319	0.976023524089572	0.703749231714813	0.962258776614684	0.786433882305174	0.982412060301508	0.98389694041868	0.997840086396544	0.745022479126525	0.677985344204768	0.751286261631089	0.963829174111002	0.822752449936089	0.804941309480265	0.774023321133714	0.839568991319964	0.989710365853659	0.912132495970655	0.937138130686518	0.989644012944984	0.996205466938374	0.717136886102403	0.117653333333333	0.793477758787935	0.679254226576078	0.988071570576541	0.882989047553029	0.843014673960233	0.842490842490842	0.987689007054308	0.916378714581894	0.986112163219958	0.977013415806411	0.879960426514235	0.917669411019633	0.922619715150836	0.947642967542504	0.870918171340761	0.978258121602832	0.988367083153813	0.781423305549098	0.470338316286389	0.869069510849577	0.399152599367812	0.618238600874453	0.931543624161074	0.624499493993928	0.665380097331767	0.990668740279938	0.811024328934375	0.766184630906339	0.900509090909091	0.879508922921149	0.821021576907503	0.880338664158043	0.54564785937057	0.95106757096207	0.88827524915889	0.760800363801728	0.556152076257259	0.994084747369419	0.679610645127886	0.687493982863194	0.993016759776536	0.7298760258425	0.881034942651374	0.398975526465566	0.863111413043478	0	0.867081573683041	0.618631334517142	0.552939265995453	0.955572289156627	0.569160997732426	0.901893287435456	0.993787441757267	0.651319118178533	0.946301164100638	0.863095238095238	0.936204778697943	0.832944499017682	0.858772989663042	0.710404185300819	0.756702412868633	0.985380116959064	0.78398913152863	0.996196174015806	0.994652406417112	0.889772168496968	0.735131941709334	0.749859723936707	0.937095710334772	0.778414380863711	0.889771134983652	0.949459805896356	0.856729377713459	0.72919950954633	0.660018600806035	0.916997617156473	0.745383522727273	0.777840349148247	0.97412848059636	0.722595078299776	0.985267929415574	0.678749728673757	0.801808148409064	0.914471283660512	0.781411530815109	0.891295987693885	0.764782185709653	0.563343491510666	0.803243243243243	0.354421279654925	0.65934151872996	0.974370112945265	0.879960886131436	0.872930123311803	0.99579406495833	0.789859417682724	0.929045961946943	0.981281235801908	0.971911111111111	0.739802855200544	0.741330301307561	0.825473311157397	0.926612193588938	0.604559403770276	0.829731450616128	0.902537050992213	0.994859326154915	0.925795053003534	0.978159627428938	0.765490854796566	0.885538190622936	0.910379165070854	0.975048321911791	0.936519931985641	0.954469507101086	0.948696454019616	0.827459735289428	0.894323671497585	0.83963691376702	0.848126232741617	0.919297727943346	0.842972181551977	0.949067219425526	0.677348066298343	0.800947867298578	0.734880679960771	0.998061284937261	0.957732569622753	0.837537409149209	0.969221105527638	0.918957011980268	0.975389663658737	0.681215189873418	0.928579415664286	0.8396	0.878647522000926	0.951242829827916	0.254842825658276	0.930484528040218	0.578955634079309	0.988341968911917	0.977390852390852	0.983025913771642	0.872885120129215	0.862182116488925	0.990234375	0.972222222222222	0.994737188342872	0.921344297461566	0.860795454545455	0.990485284017622	0.706691449814126	0.712671158443817	0.987786127292808	0.690700834789361	0.830885706467208	0.872667256369873	0.982001755926251	0.904913388175063	0.930357843661922	0.98608692848391	0.878875502008032	0.990411876900871	0.904905660377359	0.981651376146789	0.776586974443528	0.825290141065218	0.897165031799073	0.970412609607833	0.964864705535577	0.945265425657252	0.957940703286601	0.930320279816199	0.890857758460567	0.972906403940887	0.87815890558663	0.952236944660951	0.913649025069638	0.904786259216639	0.953277028695609	0.976686198728338	0.982217177449868	0.697871982504836	0.972601839684626	0.914897092453447	0.997212471608507	0.994237907917336	0.857800650054171	0.847322970639033	0.813094476434208	0.555440815799664	0.985772913816689	0.896813877945953	0.978098992553658	0.936542669584245	0.820549411344987	0.946733090630389	0.83186256592345	0.92763165961621	0.783417528666506	0.873139530116036	0.914461247637051	0.992858418139618	0.906088004822182	0.9000853587313	0.680412371134021	0.934638039141174
"SRR5928230"	0.41964725588728	0.94086731031928	0.833078880407125	0.895416881232152	0.937329345988818	0.948077883175237	0.91090542200386	0.397880376571396	0.419920438905752	0.995892324123011	0.340406719717065	0.77427795847497	0.767932489451477	0.78758234195261	0.538730727616987	0.969992225965276	0.44071922365389	0.842679891728886	0.904841620674322	0.9626056471995	0.81120900273932	0.979936787137557	0.836533075317004	0.573612931411097	0.59336345163645	0.882611670413449	0.91695057918153	0.902793178098104	0.996895442953764	0.757041870581838	0.863290768187897	0.84831022421299	0.872558691627722	0.97359187936899	0.119827973914999	0.371079385680294	0.786350440387738	0.726488588091295	0.944101220777937	0.942388009832701	0.960005441436539	0.955296502787633	0.990550136774336	0.32765722811456	0.921696918531026	0.718420742486741	0.872721788961179	0.844010719522678	0.926257698152443	0.807649789962414	0.920656926522342	0.929505035354617	0.813126601405952	0.592207745269892	0.943733083489486	0.911381495564005	0.674789090015562	0.975477430555556	0.727840199750312	0.536634663971703	0.56306287260581	0.39932107004004	0.840652169548019	0.259947327211901	0.858758433237878	0.883727584891263	0.80220904545983	0.746296769992791	0.25609080841639	0.866023462339656	0.931725298501482	0.867081573683041	0	0.890558271160278	0.822637638208139	0.955237242614145	0.800540018330897	0.654778822945569	0.998003106279121	0.943724660673365	0.9552	0.343319997847186	0.19776160345269	0.311313840155945	0.850146161341607	0.843732718894009	0.942212863501879	0.981902163636855	0.828015204005779	0.229356513622309	0.620641996457145	0.197207461702154	0.667804323094426	0.907520128584823	0.452621941915467	0.833714185269819	0.821753546231895	0.985625506619833	0.95042748873965	0.67668210487118	0.901712511521855	0.969441027743611	0.952341249562949	0.67312861982297	0.995513708114096	0.763813104681554	0.674099719836913	0.589211037077055	0.198622308243291	0.670180847257012	0.819892004877199	0.601408241606753	0.707058800023976	0.683645468202303	0.822354782755849	0.758010347644549	0.86647419704078	0.996902055154482	0.3484298924942	0.805511182108626	0.622961160674056	0.828729756432836	0.593039719800283	0.352639145615116	0.937913595523753	0.679987072050234	0.579505099037165	0.627126624395756	0.352091377960198	0.79613011088437	0.294156022524379	0.82328971678773	0.612963607870451	0.624618756277965	0.965798390512495	0.43738321284989	0.452752223374768	0.960729923037176	0.940386680988185	0.955919874056783	0.982552219500784	0.65692994157965	0.929296668429402	0.102942875110695	0.966718245242555	0.968759387203364	0.712493071721539	0.989625266798152	0.295654401092803	0.835710239168452	0.702277816734149	0.926991796532774	0.280255799028147	0.967660876215448	0.898044910024374	0.899939341192605	0.967051893268103	0.982594371997255	0.741405948242565	0.56416227009716	0.589851554276139	0.919423552306317	0.465351251563213	0.879561862086134	0.710253910783085	0.769442688104056	0.991100301263094	0.885641482991464	0.922844550091616	0.561139325922506	0.608923884514436	0.233209320540435	0.995972087271442	0.673326203208556	0.491465105211976	0.93754874801646	0.955132279771168	0.891937885556265	0.92770729552649	0.947121941177984	0.77725813206757	0.925338727888596	0.965494223363286	0.995457692840327	0.84704538489399	0.69210111114841	0.946646958645288	0.907873140255202	0.415246918426631	0.96107298161052	0.982776172788554	0.950086280165864	0.28488716442446	0.845784549061872	0.498025449758666	0.475050064878082	0.920334334595795	0.980422846637351	0.716410145241708	0.241102275522035	0.979791878311963	0.873585183007497	0.483465358984031	0.871168910183284	0.93894327924817	0.40794655957989	0.573953058351369	0.959603637844441	0.741654772319168	0.444836987207408	0.62100730803591	0.414740480351918	0.99443525948627	0.935376159042458	0.60111166866098	0.435974833618213	0.88930171009772	0.888314161455519	0.790731892803412	0.995625086529143	0.860062853551226	0.540761262844501	0.959312445604874	0.51810650887574	0.976110482387891	0.46653449222	0.294754907218706	0.984155149576388	0.727725667235854	0.120950424075762	0.887730553327987	0.952029420513237	0.956970553080517
"SRR5928231"	0.796529160739687	0.826963376908492	0.350407830342577	0.650125628140704	0.935330831599619	0.576018006957233	0.842537433585574	0.883713544699095	0.852146343918273	0.936659695249477	0.924893071000855	0.386866986141692	0.500743678730788	0.538461538461538	0.943171940705241	0.712915129151292	0.905946857865879	0.782419893038351	0.487057893696898	0.612903225806452	0.869576604103012	0.77293934681182	0.655307994757536	0.892149088025377	0.87339460014841	0.578540108331184	0.910214266861818	0.27909940526763	0.966276668960771	0.670128855915658	0.825246345677859	0.41939412391536	0.993588072553587	0.845452363810895	0.920067400347533	0.874652559849368	0.675762439807384	0.867126119917298	0.632401315789474	0.901271332035277	0.589958158995816	0.648966613672496	0.886792452830189	0.866067668117366	0.643008027038445	0.658562938951918	0.758303140096618	0.223370927318296	0.533533072136437	0.785842888278215	0.313969571230982	0.672107537205953	0.888342843833702	0.873866558397618	0.804339550818424	0.450636942675159	0.732286480275756	0.738494856524093	0.59605990229839	0.828593305622402	0.749929238607416	0.860186790447962	0.759754704503096	0.966004225021516	0.416874066699851	0.532968286561716	0.772241992882562	0.55171361741076	0.849159288441231	0.747808604744672	0.335833138036091	0.618631334517142	0.890558271160278	0	0.686582515194016	0.57735031156868	0.381580775107654	0.783531941582295	0.975051975051975	0.858031766824955	0.538461538461538	0.768198130344247	0.923320983358238	0.923372637699887	0.68805765271105	0.650439882697947	0.50954681389464	0.8099195014282	0.89881186560705	0.963795564861521	0.855502444920609	0.971093733443533	0.883473329409876	0.881962202039797	0.982782206707864	0.611570247933884	0.556099668731096	0.874479166666667	0.639109291016125	0.632744717770746	0.567279046673287	0.669106881405564	0.643480428820743	0.628128724672229	0.938775510204082	0.753254211332312	0.744526227522594	0.738204319628726	0.877153511880914	0.877025931928687	0.741499540515704	0.739503612044918	0.765061311533677	0.712921515965383	0.660096426545661	0.655166085520279	0.686369335482715	0.941669460274891	0.8262234270224	0.695967507977952	0.875913710108754	0.667015237526143	0.800351116746318	0.883270390897052	0.496503496503497	0.527545087217897	0.779237440344845	0.825443593269168	0.937686868816487	0.428228708516593	0.823032139724061	0.747673868475004	0.863002974792547	0.879360667129951	0.698653929656969	0.77759830397254	0.810586262043141	0.582893640655374	0.530712530712531	0.62363834422658	0.799810546258289	0.814901047729919	0.461935483870968	0.914050103917581	0.672211617125716	0.678747463032763	0.783996648512778	0.742388758782201	0.902815514865131	0.294117647058824	0.612283721351572	0.267511674449633	0.952815885811485	0.656013945380593	0.52112676056338	0.682746998104066	0.867982010735529	0.816282642089094	0.516598013084565	0.958699152782386	0.800881979221168	0.31836902800659	0.847387691055966	0.560285714285714	0.684146833400565	0.760842181032931	0.893058784456991	0.556872427983539	0.793237250554324	0.803491185620463	0.837970817780794	0.946909174628756	0.953147002346917	0.807952871870398	0.875338038387969	0.425579655946148	0.963082856946071	0.625123098807309	0.560216330299433	0.951611455247329	0.801359078478495	0.793406122885892	0.958238318801699	0.942078364565588	0.879635384296665	0.833535292335656	0.96510801649855	0.696785403996525	0.911238609517381	0.703836930455635	0.814173228346457	0.686759766660774	0.892818950384375	0.569487983281087	0.827911362564828	0.959303892888166	0.913123976358328	0.920350233017935	0.726851851851852	0.945726487542371	0.753306674869271	0.856720248066436	0.881329217836737	0.790664330093994	0.940553745928339	0.860624932889509	0.805561334165453	0.566166439290587	0.782820412933385	0.922551094763871	0.862550197943664	0.923947946594558	0.983077672266861	0.540517091792469	0.76003003647286	0.850531524926686	0.390466862553053	0.538055897345755	0.823553098802943	0.935483870967742	0.599394398183195	0.695334605514246	0.594219010561423	0.719338277239019	0.976455575850076	0.888512499464002	0.843113141250878	0.792488674557942	0.750547959503183	0.886308184669983	0.918968692449355	0.80005247966413	0.57440966501922
"SRR5928232"	0.878245458573327	0.820458177943527	0.629123595505618	0.4517082559978	0.929819586715344	0.600890507994333	0.906757765401619	0.745821743297258	0.918925440360331	0.982018700551426	0.939383259911894	0.71280276816609	0.583556610273291	0.66456151570869	0.852411543454382	0.886893903024484	0.905043800639818	0.490101220601369	0.80648369132856	0.893064254233357	0.69369918699187	0.911084043848965	0.821785746463645	0.975120704345356	0.858310384649551	0.613459879206212	0.697334590332533	0.748737503864784	0.985824579167194	0.836516853932584	0.648439866707058	0.74974057419578	0.993325996367578	0.895001091464746	0.979942760080974	0.972455221420461	0.884532114505653	0.677683547370972	0.562281344072899	0.725193064257613	0.84055944055944	0.895436420026584	0.957335329341317	0.834502941439962	0.69472710453284	0.708771929824561	0.434851723948912	0.650408647508568	0.865009642168417	0.609057124248113	0.733633344048002	0.949132190808864	0.746713957855206	0.838377144540166	0.735388818421309	0.541108647450111	0.443492570543536	0.895960409713431	0.656561034206612	0.82567979724215	0.875254875307157	0.732070564565596	0.56824486776401	0.989629180847841	0.379633182411173	0.672262190247802	0.951989211058665	0.708524413272188	0.83043522301381	0.492943201376936	0.800259123299503	0.552939265995453	0.822637638208139	0.686582515194016	0	0.930002302555837	0.635886501558143	0.866922505570686	0.99086410354016	0.843337788366552	0.891494252873563	0.854240731335703	0.846233843411083	0.877107093184979	0.842003141458006	0.699967159277504	0.689573967030614	0.951616549853041	0.750939195770141	0.968885798713715	0.913174685290567	0.945766739488713	0.867094486194376	0.638013224665539	0.967769598289361	0.299186710503547	0.862288490534428	0.939784946236559	0.832172545495394	0.7651433207139	0.415830204582024	0.889417360285375	0.742171885409727	0.642434584755404	0.979584120982987	0.720261607200673	0.872711088504578	0.500963214384001	0.849367020992468	0.771867904592766	0.486166680854686	0.810602866779089	0.509690985554946	0.678436781609195	0.459657573694958	0.65733341722771	0.416620258647361	0.985961393833041	0.741818291907602	0.816805450416351	0.971010917165238	0.477669586030572	0.724716677777342	0.921919319256224	0.878430936770752	0.697794214766874	0.749448574462871	0.604231732365437	0.901090154840577	0.493198911825892	0.757390350147973	0.876499647141849	0.903539872812201	0.938901429646351	0.952088324132903	0.624687575586552	0.68164011491251	0.869008841321545	0.913072255929399	0.880466135917849	0.922322960058809	0.935568189243939	0.82125453602903	0.883840617586748	0.859847610251674	0.858124111795358	0.852569403425871	0.95632496039828	0.900756827903916	0.702672247263361	0.83036048397156	0.805731142014328	0.982735566425754	0.91726917150646	0.780386873255702	0.940053377129953	0.907637954239569	0.901818181818182	0.691297456411805	0.914945246391239	0.767715249809513	0.788244848238758	0.929916223763625	0.586327636515215	0.783247267118235	0.779377987460426	0.959780164876343	0.889250225835592	0.958398165588404	0.652581825935534	0.850682237978907	0.95729919471402	0.991909954273655	0.893512786002692	0.908315141893233	0.829669109482567	0.973743875949327	0.428328852412622	0.486641221374046	0.966256987749995	0.462185450925195	0.837204436074493	0.943086978381096	0.97906683480454	0.79032812822453	0.765181670541031	0.948144079102252	0.719554120220856	0.966802792780925	0.631363136313631	0.920440636474908	0.816184754036801	0.800021995747489	0.777725081021263	0.966489095296635	0.904823493609251	0.926725310601252	0.938058959920503	0.83625730994152	0.945116409144935	0.911714770797963	0.710698293597967	0.803040988462298	0.789744499645138	0.808386318343885	0.885779602895728	0.890193654717759	0.873672055427252	0.792439232129988	0.963092210327083	0.726275370268788	0.981183504792051	0.833169957522289	0.545826361777282	0.519861246245611	0.81401245385734	0.500044959985613	0.825720703856234	0.738982421391434	0.979848866498741	0.861551724137931	0.824881141045959	0.873385313627371	0.659667036625971	0.966513205147829	0.845811555304422	0.843244606130461	0.651461395505998	0.938803512623491	0.879083000492422	0.799757788357137	0.795366795366795	0.858747250202617
"SRR5928233"	0.89656944622896	0.989765351972042	0.607862169376365	0.976667108577489	0.985472056978673	0.935371785962474	0.992893498511476	0.954495905190486	0.912215877281379	0.874439461883408	0.930840859108137	0.712885154061625	0.731968971777521	0.704268846503179	0.980054135338346	0.922017003811199	0.942139696706123	0.916549224884236	0.458715596330275	0.355995055624227	0.948757572011373	0.606965174129353	0.627838827838828	0.861145174983492	0.901353965183752	0.942906875543951	0.992185136634063	0.394590589107077	0.890746934225195	0.844201556131901	0.979488765203051	0.642982456140351	0.996769882639069	0.766450417052827	0.957468101075807	0.924619401882051	0.702944942381562	0.951730578415922	0.815774541327785	0.962213626896757	0.557106598984772	0.752861480962392	0.662055335968379	0.937620360231092	0.899449541284404	0.775324316864477	0.974908799715277	0.621028571428571	0.301287553648069	0.913180080640938	0.53885787891799	0.317570700046361	0.960220886478033	0.92290901875186	0.920493066255778	0.652540388667759	0.88079373215201	0.837388724035608	0.839473181904944	0.898494623655914	0.861255464818939	0.950167392528072	0.886624726477024	0.968848620584343	0.729882196781152	0.827142222879976	0.805264502938921	0.791922290388548	0.926148675540618	0.978707078457702	0.41452612931798	0.955572289156627	0.955237242614145	0.57735031156868	0.930002302555837	0	0.680539499036609	0.836101398601399	0.936145952109464	0.991964723174914	0.227594339622642	0.919365820445482	0.9642643668346	0.947142955848822	0.583660644147683	0.799781048534242	0.710008554319932	0.623235613463627	0.954094911124647	0.96837271899616	0.904150197628458	0.967417769710921	0.910082723894017	0.990191791091398	0.981277253675094	0.842446530533243	0.670044588569112	0.794647733478973	0.54899894625922	0.791474062660503	0.962626095584587	0.462304409672831	0.831168831168831	0.840960665658094	0.815252416756176	0.822253821542837	0.821870701513067	0.889985133126098	0.944740127472239	0.955921982977134	0.899454214675561	0.862011359839626	0.892415277030662	0.888512138885121	0.865398925175692	0.813477331533356	0.976629900622475	0.860369609856263	0.936296922426711	0.667553735926305	0.837115864914757	0.854292995869584	0.911985727415257	0.913928182807399	0.195989974937343	0.799950847874171	0.905481176335965	0.94105897606616	0.978240252897787	0.698216235893702	0.928302050370627	0.653739612188366	0.863260566651184	0.9167347772783	0.493261455525606	0.908549601168408	0.930082952429321	0.422110552763819	0.238233867054828	0.360192423331329	0.677029360967185	0.807205687432221	0.406285497917455	0.961205484580467	0.683956574185766	0.651388888888889	0.848881724763248	0.913849509269357	0.931240913366972	0.689667896678967	0.816389811738649	0.388263665594855	0.970197976073891	0.253314724354501	0.52583407144966	0.410518626734843	0.835790335790336	0.629213483146067	0.734507606084868	0.986164577369789	0.864028144239226	0.438004917456972	0.891301487037768	0.966339410939691	0.794106487922094	0.817902251510159	0.678642714570858	0.601574028529267	0.699251008258114	0.920511000709723	0.846610082830555	0.95997682614783	0.988798655838701	0.868291418200674	0.873935523114355	0.320679320679321	0.997681345533023	0.9781206171108	0.944723618090452	0.996662514395845	0.926418079096045	0.80635483431065	0.994943938578217	0.859611231101512	0.954052503619526	0.932046395344072	0.98603291647983	0.740269749518304	0.896759464772655	0.744908180300501	0.586620926243568	0.941337719298246	0.964628196500673	0.702142730653444	0.897720435858012	0.983168276480417	0.989799440119646	0.897476340694006	0.85133777737193	0.969526768642447	0.57487922705314	0.976197788697789	0.942766742837054	0.803655107778819	0.994907053730583	0.900583739543841	0.874798582017402	0.475845410628019	0.814747548129313	0.938381201044386	0.949912392000483	0.906492186507432	0.989597059435467	0.625998934469899	0.902134054703937	0.916628816553116	0.678892397376731	0.578804347826087	0.934645171487277	0.86965811965812	0.645778938207137	0.872459811950258	0.39332913782253	0.893176986018942	0.997382098171319	0.928584834834835	0.922924996387109	0.94952420355813	0.798732171156894	0.945109983079526	0.99540207395813	0.81354051054384	0.419473361910594
"SRR5928234"	0.665513264129181	0.815798611111111	0.328614497312885	0.630802642294815	0.958360098242962	0.6927654243658	0.942245528338481	0.780476008654703	0.765652784277024	0.970284770945109	0.835925881265324	0.221041214750542	0.314309605937075	0.369799178963719	0.913474080315815	0.739268680445151	0.793062001268739	0.680783709787817	0.473170731707317	0.734685914943426	0.790597813963864	0.873568095036063	0.601736156780218	0.712240413920193	0.675360185087812	0.593429158110883	0.899203261070965	0.416465281134203	0.974574347332577	0.543763982102908	0.878753491620112	0.294496777392167	0.987011054644522	0.825979527003177	0.875788353891745	0.789540012602394	0.434874651810585	0.80203314449092	0.733257532689028	0.943304007820137	0.739181746656176	0.740146360251637	0.924336283185841	0.756593644760095	0.658591368522381	0.459735912218709	0.738794331050383	0.229481161994165	0.520383693045564	0.615217872152179	0.490149049169094	0.53927625772286	0.805914389881622	0.738781374123215	0.892492225677477	0.599691477053606	0.603612001165162	0.826689774696707	0.379236379236379	0.70449375726634	0.609110101720939	0.76699498134779	0.625413633355394	0.921213157744712	0.462821185107499	0.562591329761325	0.564496206105523	0.343805153547476	0.724819111060067	0.66556624084972	0.575442247658689	0.569160997732426	0.800540018330897	0.381580775107654	0.635886501558143	0.680539499036609	0	0.516271721958926	0.983580387685291	0.845256326113907	0.67140661029977	0.688242625675114	0.868168096599936	0.818758858692303	0.258086529275283	0.602523659305994	0.632569278138898	0.874766355140187	0.801191137132186	0.922493244993893	0.74761421319797	0.892207205356776	0.695889053987122	0.865829626710208	0.938142418448346	0.542663102376996	0.307983890073442	0.913092339389399	0.700702922678505	0.4171388101983	0.634746206174778	0.803011803011803	0.697640653357532	0.469468900880432	0.96530750168957	0.487402695237298	0.591726618705036	0.528897629192614	0.781064042891651	0.808915021836192	0.593959395939594	0.576744186046512	0.578454842219804	0.527555604251123	0.55547010190348	0.3677502621602	0.633793920252665	0.975011155734047	0.746063991874048	0.396878351006791	0.678540536290006	0.495533015382549	0.706066802999318	0.799798976608187	0.651462838451754	0.344324231495793	0.631277994853712	0.728569199563114	0.891423679307045	0.272383914685625	0.674530609173345	0.358163265306122	0.714145589574722	0.770836943337377	0.784111384111384	0.594556546222431	0.725972877358491	0.705490196078431	0.566888130723649	0.714561980274608	0.894556365195028	0.608876090454815	0.465929419417792	0.84158629935562	0.816879597367402	0.776475343573161	0.554414172993896	0.92137776113815	0.799881014352644	0.30421146953405	0.444089966501834	0.561707805203469	0.910695331474319	0.761181946974297	0.640899202320522	0.392571245597182	0.849857006673022	0.870845603702146	0.288013944427356	0.932842980492485	0.584487162252991	0.522895357985838	0.718379129691008	0.559242263795741	0.50065703022339	0.487988583207801	0.92860310421286	0.378927911275416	0.64360298336202	0.712697317696709	0.562881011515015	0.900965861040637	0.990214165396647	0.672657338019763	0.673349339735894	0.643920145190563	0.982945866554763	0.625681519082534	0.661453744493392	0.977592009553794	0.705223735029064	0.730283184208099	0.951199463540202	0.965719440685611	0.798878225102829	0.754541871215107	0.958009908499685	0.749959036539407	0.778700005187529	0.703829001999077	0.870346598202824	0.64812744550028	0.829964747356052	0.431785909339159	0.737694265446472	0.93015660659479	0.959709312151428	0.908857808857809	0.592087972888858	0.884689850323926	0.83578947368421	0.896603058600623	0.79876693894157	0.825360082304527	0.932144534418717	0.748372670807453	0.678140703517588	0.750580945003873	0.475652247811677	0.839237416716142	0.795574979513794	0.789090909090909	0.990740224242762	0.633709721839714	0.648314550960632	0.71075762123226	0.47672131147541	0.464385086254869	0.726401998889506	0.968496849684969	0.331194471865745	0.551149976042166	0.788895428683539	0.605339219086657	0.972443603944347	0.753263497179694	0.729014711336383	0.95996163989451	0.561552346570397	0.801560892975982	0.896116767276331	0.662900188323917	0.738183232834079
"SRR5928235"	0.409619725646814	0.861129053093916	0.731688378914675	0.85226137347632	0.95862335653519	0.986084267491303	0.945870379690209	0.62115291234074	0.406916153481762	0.982970027247956	0.519988904684304	0.45668335609164	0.591691921058467	0.605703275529865	0.829769854848502	0.774469258340226	0.516527585291776	0.820762308874095	0.707470062725718	0.845510563380282	0.736001606990408	0.944674965421853	0.717596195417207	0.246859609318798	0.286771105308964	0.898146046159667	0.961389961389961	0.829678434457665	0.98828731923031	0.423519106536735	0.98295750539555	0.550955943474647	0.965889133448477	0.897590361445783	0.667564394724121	0.453163827565095	0.406972250135271	0.692879049262028	0.793054793446735	0.964487034949267	0.905814724740217	0.747255552718918	0.959679320914879	0.510440903602038	0.870917116233448	0.337863549877684	0.929231920466086	0.670747150696496	0.752040816326531	0.731320811533105	0.894274926012858	0.728887503895294	0.802958922224977	0.398363978572463	0.954456369575362	0.775487607529171	0.569366213849576	0.96198798470781	0.454869623356363	0.360539060854917	0.283315469810647	0.617106954855299	0.807459038653028	0.757356189802951	0.760094835889457	0.854220847683981	0.357740585774059	0.429057146593435	0.473722700528538	0.841864103710326	0.801192434210526	0.901893287435456	0.654778822945569	0.783531941582295	0.866922505570686	0.836101398601399	0.516271721958926	0	0.991374146399904	0.881640735502122	0.838751909229762	0.44984303652968	0.748609934823434	0.571671792618629	0.480379130126672	0.65241221082149	0.925163132137031	0.928049828178694	0.823850601082867	0.761397337747431	0.348237680669428	0.71862179000152	0.321629678701557	0.926248607030696	0.835425507162879	0.732629332135033	0.414059980651403	0.951833136221912	0.808070025619129	0.288504391139075	0.865650662129171	0.913699864803966	0.930109797297297	0.293139753962097	0.986192119985716	0.39832799044566	0.151537606520934	0.263966229567092	0.567690197319827	0.655832165342944	0.742737896494157	0.182285773068614	0.573001521797511	0.562387468491177	0.725734730385893	0.571000672412739	0.814759126721597	0.991236380862151	0.546347434098576	0.433589639821934	0.182085256909887	0.727518701257361	0.425424577348173	0.455551257253385	0.783201267828843	0.284469502819067	0.368286034952702	0.544088649429278	0.800671543350522	0.673711817340327	0.462916270997741	0.408405355024572	0.240032903756512	0.468978776898617	0.873845236912685	0.36411839189617	0.504083863914078	0.879938203487089	0.75322631413283	0.822183291360999	0.945526193787668	0.137548354366161	0.675996439521313	0.687898342893563	0.876643295354952	0.956004489337823	0.207863876753277	0.976784178847807	0.531954887218045	0.685958107059736	0.199878787878788	0.83370154649528	0.741011301996742	0.884982590138156	0.762733720180529	0.642241379310345	0.904322486644002	0.938962826984855	0.457528253736785	0.880411028967313	0.117728237791932	0.721236793641562	0.383448032468678	0.903057539523313	0.21675229238473	0.387993966817496	0.961992445703494	0.520631067961165	0.759722331781967	0.499038629610208	0.109513594991014	0.713514397905759	0.99702380952381	0.311800850795652	0.291339346329163	0.846494932432432	0.970914585202323	0.867808219178082	0.934672596227572	0.962172861227183	0.797330630174016	0.824359927041816	0.941862086828316	0.983087184373511	0.800803139959616	0.527691487025009	0.964095827860136	0.84441132637854	0.410645896983519	0.831629240324892	0.935618341824919	0.78971037956467	0.70201010504889	0.643211100099108	0.361273351464622	0.863867901304702	0.990401526216949	0.937171105086908	0.330655230443516	0.715870869308922	0.916896235078053	0.978041649263083	0.558290407907559	0.879706934741864	0.962198062751755	0.410636442894507	0.217784931093451	0.832785448170064	0.273316803356857	0.601341890315052	0.619885635413586	0.41409615716009	0.989035588651834	0.852815395580898	0.423688031528728	0.39080080630383	0.877103650642962	0.574349775784753	0.741655988772957	0.983821080180823	0.471241505055528	0.264013941330235	0.881443867976598	0.32921578008786	0.96566543708648	0.422486276144813	0.518013390484962	0.973667100130039	0.190799095864912	0.632631010264722	0.936846023408743	0.862381363244176	0.861584093156102
"SRR5928236"	0.998103109545424	0.993894824476204	0.991556091676719	0.990501632531909	0.998519036551001	0.978774722624216	0.993755203996669	0.997941210110946	0.995778859119423	0.947467166979362	0.998346785957405	0.985327083757897	0.994670727065093	0.98468085106383	0.999125364431487	0.972371450498849	0.997191668616897	0.996223049887216	0.967957276368491	0.911439114391144	0.997717980412665	0.930174563591022	0.978115501519757	0.997141690485913	0.995103706222373	0.994331983805668	0.998147338085068	0.985216473072862	0.478260869565217	0.992793514162747	0.996774020108608	0.980825565912117	0.999847735703017	0.946784922394678	0.997952684258417	0.996306176893084	0.993993993993994	0.997848241236066	0.983935742971888	0.99526787223255	0.906614785992218	0.979286536248562	0.864734299516908	0.997196043305553	0.985416666666667	0.988821611551001	0.997316465401572	0.979831932773109	0.952786885245902	0.996063853050514	0.952755905511811	0.979289940828402	0.99820542857855	0.996279646566424	0.988524590163934	0.979226774379688	0.994397759103641	0.918181818181818	0.99255660084772	0.995345830639948	0.993638452023326	0.997814738375622	0.99478978218395	0.998840819706065	0.98621217924167	0.987903225806452	0.989745050562598	0.989742128508335	0.996698459280998	0.992516370439663	0.950447350309704	0.993787441757267	0.998003106279121	0.975051975051975	0.99086410354016	0.936145952109464	0.983580387685291	0.991374146399904	0	0.99531914893617	0.919191919191919	0.996355722022574	0.998957405677795	0.997441455527522	0.976111479761115	0.990291262135922	0.953033268101761	0.972999035679846	0.997961090816413	0.999436857665775	0.99532072528758	0.999368985644423	0.995465138250299	0.997692973180813	0.999121758434778	0.992443324937028	0.982562363768467	0.947368421052632	0.934126258005489	0.995990262065015	0.986264784433422	0.953410981697171	0.93984962406015	0.992631255756831	0.777777777777778	0.990568509300498	0.990907942922086	0.994854570142214	0.997570276381062	0.998036756285107	0.995409627032196	0.993552431270708	0.99800952584062	0.994835377663008	0.99362267493357	0.992577931716972	0.991379310344828	0.834319526627219	0.997145349298232	0.993137254901961	0.993336506425512	0.993190845470021	0.99593036400633	0.995903271692745	0.939495798319328	0.99018137188054	0.995681640976429	0.997403721332756	0.999041469746389	0.984644913627639	0.996766079770032	0.97958605046782	0.99718875502008	0.998508337328858	0.984375	0.99576395834559	0.996845287648425	0.90851334180432	0.942675159235669	0.916083916083916	0.796033994334278	0.996263677608754	0.96078431372549	0.998282975222379	0.93200468933177	0.955905511811024	0.992106128713957	1	0.998760019485408	0.984398699891658	0.991246200607903	0.957219251336898	0.998595724762053	0.885350318471338	0.989155693261038	0.978272115882049	0.993135572444227	0.836734693877551	0.986764705882353	0.999403810643636	0.993185044959773	0.964740450538688	0.99499756826235	1	0.989862010701211	0.991325301204819	0.857868020304569	0.977920883164673	0.993639254884144	0.996458435809149	0.99197682193002	0.998227517786367	0.998642160903933	0.993312279398105	0.994168623957237	0.976608187134503	0.998733306793095	0.99304347826087	0.984896161107615	0.998275118585597	0.996622889305816	0.995710784313726	0.998282278843401	0.40495867768595	0.99798893916541	0.996948376705942	0.999398098995996	0.959776536312849	0.995188452285485	0.967123287671233	0.800554016620499	0.974674639465353	0.998459794211393	0.985130111524164	0.994913098770666	0.999260347431248	0.997863247863248	0.986876025310523	0.992903607332939	0.998542598627614	0.835240274599542	0.997147724121539	0.99739507959479	0.979208778515738	0.998908330048215	0.9954464963319	0.993796846730421	0.915393654524089	0.99034075664073	0.997231301672755	0.997770690776233	0.998125460266452	0.997943293668283	0.97558494404883	0.995451674036639	0.99621251972646	0.978260869565217	0.97495652173913	0.9970615842958	0.450381679389313	0.98100764969665	0.994185577000727	0.964285714285714	0.995107366132101	0.999066390041494	0.996489003754815	0.998596772576927	0.993050384710846	0.989360130042855	0.999025917550878	0.998203727265923	0.971915747241725	0.91304347826087
"SRR5928237"	0.999584872763502	0.136135470214696	0.984340398608035	0.878003236648824	0.939287255155751	0.976493290062275	0.823616392057457	0.8827539503386	0.950047375402691	0.914410303214684	0.999799290827591	0.935932560590095	0.990536277602524	0.841745081266039	0.989787011173184	0.73604826546003	0.837556483441057	0.897361840019725	0.876803455723542	0.96745883049009	0.976516059590499	1	0.971944840703757	1	0.782465776224358	0.578917858144099	0.867568633147268	0.996079130279808	0.997876857749469	0.947926911330814	0.536577505639704	0.931819918978827	0.983782326468819	0.795712011983897	0.950512405609493	0.947605829285219	0.95939957112223	0.978545887961859	0.935409123823316	0.501082322072811	0.981186256064957	0.921118400499844	1	0.818831057532994	0.743421052631579	0.956370093220876	0.705495395202915	0.918126841370755	0.970515064958998	0.807820419985518	0.989126428308146	1	0.894962486602358	0.810466859593459	0.822399728076139	0.929967172111927	0.989720468890893	0.898706896551724	0.761486237566444	0.961287200580692	0.894216797442604	0.861292459078437	0.795567460146023	0.995037995766682	0.938694158075601	0.535078534031414	0.747140497889779	0.945433412858628	0.912191675231244	0.7234682569001	0.948242278081811	0.651319118178533	0.943724660673365	0.858031766824955	0.843337788366552	0.991964723174914	0.845256326113907	0.881640735502122	0.99531914893617	0	0.968294353654956	0.954271961492178	0.997363050192353	0.868584696682591	0.895802949278885	0.567725752508361	0.980480618727557	0.871490593342981	0.898299769270402	0.998645192975326	0.962937487355857	0.919889759967226	0.793929775838127	0.845523842415571	0.951681086408937	0.952694102672889	0.933714795273835	0.84682248406413	0.895979272622589	0.998528600331065	0.924365133836651	0.998791419075436	0.962565320665083	0.949735588250694	0.995768986672308	0.753213064497111	0.937264451788717	0.840572874233523	0.840866507533174	0.956827964001565	0.919082077319794	0.81488167845816	0.946227826458645	0.776096953027633	0.956736831894461	0.742821042958879	0.87816742081448	0.983784352953564	0.960694645441389	0.924373508353222	0.998420933904805	0.952165611496332	0.966987416728349	0.975318737687247	0.983647081194143	0.934457715623312	0.827391254182531	0.861683756071236	0.869260921568395	0.946636227438111	0.925804001012915	0.92438739789965	0.998963085856491	0.879426314103705	0.798381294964029	0.89272554605888	0.952971913781842	0.967968363816115	0.952003023431595	0.952876497152955	0.988637537444479	1	0.855607309208169	0.920056183063147	0.913957371574502	1	0.895278876903897	0.822342377136236	0.980820458177943	0.800903679265581	0.856662678744374	0.933884297520661	0.972112211221122	0.989353153877059	0.860117548278757	0.998756771157091	0.460132766465279	0.983212201863036	0.973997833152763	0.858334294169645	0.836927562459156	0.919788918205805	0.913747312507904	0.574515317448572	0.933901399878271	0.697753573859769	1	0.928032409246167	0.590968681718864	0.972081731741857	0.871380177029833	0.991791627460009	0.910714881966009	0.95411565641485	0.952572087658593	0.998479809976247	0.945533364297879	0.891905704976682	0.9418233416105	0.931114157039358	0.830527277473245	0.298940464177598	0.634532823354929	0.991745158217801	0.722889430534013	0.968896178846972	0.885350022101761	0.927145169994603	0.997612382677425	0.899808994617121	0.985963463721746	0.869361597239339	0.855764600980829	0.73803810868031	0.857252363512478	0.994693965557649	0.791734104046243	0.412431040823832	0.954195337372908	0.900461425822819	0.963748079877112	0.60597032194614	0.963914737069898	0.961535454616527	0.909354161685396	0.950517104216388	0.937616431812754	0.955987818056784	0.73602669526874	0.689581977188464	0.977801801801802	1	0.523494028419493	0.962857375580354	0.979807615867716	0.818759263180182	0.953481012658228	0.926903220519544	0.960391357039402	0.988159424886352	0.932007012729629	0.94896596195477	1	0.957660954915987	0.783361095687581	0.825171778112955	1	0.888597739013251	0.87027027027027	0.999422162687469	0.954099289631863	0.879709443099274	0.97558093737692
"SRR5928238"	0.911039794608472	0.959631198604535	0.664812575574365	0.923779277491068	0.977991746905089	0.880359612724758	0.967392346791982	0.952222625799782	0.916536137838443	0.893491124260355	0.945756371288286	0.701362207474677	0.771776716614523	0.690161261098025	0.979432035506802	0.851678832116788	0.944135767471747	0.913992556080877	0.442270058708415	0.180147058823529	0.947173308619092	0.526229508196721	0.640301776587978	0.891285916156383	0.904792579232157	0.934363604792499	0.983468575172622	0.489126428308146	0.892425905598244	0.841813135985199	0.976722628489031	0.626147791867075	0.996879756629462	0.732044198895028	0.958929613471531	0.927231549406725	0.747126436781609	0.950116686114352	0.740803621958121	0.95041567695962	0.408805031446541	0.684749708963912	0.666666666666667	0.935464392195343	0.872946330777656	0.764462809917355	0.969963565271483	0.61038961038961	0.272184300341297	0.9105227355973	0.458813486982501	0.468447719944726	0.958231558378114	0.926730120959746	0.896287204664007	0.600933488914819	0.881939872723283	0.660977045320777	0.837018680899733	0.895021179937381	0.859108511164209	0.949358841472444	0.883180762399235	0.975940890309186	0.716934282403576	0.771968690001477	0.811479591836735	0.781832100025517	0.924426570026959	0.943295019157088	0.248239436619718	0.946301164100638	0.9552	0.538461538461538	0.891494252873563	0.227594339622642	0.67140661029977	0.838751909229762	0.919191919191919	0.968294353654956	0	0.916893468118196	0.969994451321012	0.94896408839779	0.590920949647796	0.809350333940498	0.589285714285714	0.639008620689655	0.959647957489206	0.975741986545311	0.90707145501666	0.974464506992388	0.911475802587446	0.978643686774073	0.98541080421734	0.8347347057118	0.654405820533549	0.809214092140921	0.492677824267782	0.822353242758267	0.90166639168454	0.402816901408451	0.750992063492063	0.838526912181303	0.86031746031746	0.825150834023424	0.83085374227512	0.884553065082366	0.943846052804413	0.954391486410797	0.896388754241396	0.857333555815118	0.90689238210399	0.884146341463415	0.858782723594021	0.840727844546782	0.933049830988987	0.88663967611336	0.934334318958565	0.717085119412125	0.871842133795945	0.84990783814623	0.907622494732861	0.922909644449277	0.288203086112494	0.790235525024534	0.902241024468328	0.940107176631291	0.977480443543077	0.705882352941177	0.925919507862929	0.676944316612977	0.892939975879024	0.929249617151608	0.558023745691306	0.904018859452178	0.92767109381609	0.178082191780822	0.272289156626506	0.276088252832439	0.580204778156997	0.833273186575244	0.35593220338983	0.960001871257485	0.717703349282297	0.583218707015131	0.851307847082495	0.920995670995671	0.940769230769231	0.685314685314685	0.810924369747899	0.381294964028777	0.971626576567929	0.184519695922598	0.637165539547192	0.523982558139535	0.839118007349939	0.525396825396825	0.72679341747883	0.985935880775747	0.870168657765285	0.402306885704299	0.887588745727058	0.953646353646354	0.784118166898119	0.812479438534927	0.683070866141732	0.611764705882353	0.765562152844283	0.919145113244125	0.849075870519759	0.964527027027027	0.991324626865672	0.872421234354769	0.887133525748139	0.3125	0.992938784971737	0.922172452407615	0.878625134264232	0.99041375907521	0.922760738967433	0.811351572070233	0.989282789282789	0.868085106382979	0.95330548046203	0.929955351656904	0.985802059116573	0.618244538137217	0.914845086485459	0.641076769690927	0.5	0.83397050791917	0.964049951646134	0.697933227344992	0.901288986842984	0.985024754996842	0.987888543942356	0.902477388910735	0.844049247606019	0.970570666241886	0.423566878980892	0.971989870309263	0.939913559858041	0.78654834189631	0.98972638641367	0.908363898743311	0.881055850635764	0.302994011976048	0.821346549014868	0.946093050999105	0.948363328904457	0.926758060421427	0.99127000623571	0.546178343949045	0.897291128596312	0.913762670835645	0.652868554829339	0.586356253383866	0.932469789116184	0.890526315789474	0.629067245119306	0.870474170580215	0.33873986275733	0.889925973607982	0.994277576053067	0.930694926380943	0.933278775333365	0.946369636963696	0.805167413656736	0.953118657827087	0.985624174856975	0.774229074889868	0.227686703096539
"SRR5928239"	0.145096673053475	0.948386137141157	0.765662362505978	0.868977784505923	0.929108957277971	0.904311058001655	0.94496978800396	0.294838721481238	0.219476348592891	0.99258086853299	0.167672852848376	0.614915419648666	0.656842696178676	0.794135739183925	0.61719523552767	0.851509577856534	0.246651810339121	0.820171363683287	0.848531825642896	0.931017660259537	0.716683581856507	0.96365627800458	0.848531011969532	0.337878633696279	0.396510613550451	0.880040609137056	0.933592949374872	0.829371147875249	0.994539111088638	0.546569618546974	0.897346149827604	0.703754266211604	0.926508536241212	0.972335773362487	0.374254826536379	0.0767542180360926	0.643323612765433	0.701049937906898	0.847726238258783	0.966330755409734	0.928138443488463	0.824359915374984	0.982807158656746	0.176641756497586	0.939088174033789	0.590829059174768	0.887712075434111	0.696839389378628	0.868269684111268	0.737051373199568	0.859682210382385	0.875457527213956	0.791425609470622	0.469030175726215	0.953536723163842	0.837674398514103	0.626824845560439	0.956041818623875	0.559029906669392	0.253648129711279	0.327419927103829	0.291775122071704	0.827304202483286	0.508463857636591	0.754205644999398	0.814018800951749	0.598292518535161	0.526063511084482	0.146217434266021	0.808571623558316	0.865928659286593	0.863095238095238	0.343319997847186	0.768198130344247	0.854240731335703	0.919365820445482	0.688242625675114	0.44984303652968	0.996355722022574	0.954271961492178	0.916893468118196	0	0.452102732639523	0.286622339313344	0.777611348517556	0.77867975351463	0.899047978131775	0.967667213589422	0.827921015309648	0.515690286142408	0.47872947080292	0.484092541134597	0.511894719082166	0.882422289464377	0.674191232159895	0.704788963817478	0.657008482405308	0.979720921249578	0.9351236885167	0.486275686215689	0.80133991254463	0.944888100167603	0.931041088018389	0.432509505703422	0.991822724748877	0.645301804604854	0.490798435009419	0.415523487142942	0.266353055679468	0.634663496513423	0.756177551597399	0.409697912615065	0.663012562218535	0.662047225361328	0.692849071832123	0.693183045842486	0.794343189356921	0.994358819381485	0.131583049413232	0.714790658531454	0.404179572074478	0.73475660134175	0.481980897343286	0.135050993022008	0.889437125748503	0.482197053815975	0.530777270476924	0.514520108821731	0.588670886075949	0.715680643308443	0.0969510596200148	0.730311907633982	0.511216056670602	0.474516330351571	0.938259533454393	0.232157461425222	0.278818104827327	0.92663149667839	0.883864189866769	0.933700043810544	0.968360115780018	0.451193936495088	0.866177222248037	0.422409036320556	0.944493134677184	0.94498031496063	0.511629521627439	0.971806507675968	0.190744333506838	0.710123456790123	0.455678968111788	0.851834518906777	0.492171315021774	0.941712204007286	0.873175551264203	0.824498103432325	0.964315771755597	0.96979032097784	0.589492537313433	0.737105915188107	0.437157024793388	0.82408984213191	0.206584893479664	0.874827196179465	0.528577294956509	0.626514204037877	0.983804446232773	0.718905255818007	0.870635612571096	0.475246782456579	0.438849924979936	0.435346400026531	0.984022229940952	0.526386653968671	0.259552947052947	0.889186859496217	0.951165490279798	0.863667820069204	0.858825453950597	0.940221726602308	0.78183148396537	0.928737649258002	0.947078781188617	0.991416742401293	0.779011299944131	0.581367406825481	0.95922645112199	0.932107101280559	0.140927588097781	0.931794285714286	0.970068841664172	0.838334517045455	0.413053949903661	0.773637216129164	0.230355506959426	0.68904877465222	0.954979202348911	0.979041416165665	0.510241024437666	0.476406901343214	0.961236457608588	0.906339031339031	0.332995245641838	0.940988422325903	0.943086677798667	0.219483336619996	0.327623673782436	0.922574990261005	0.58303548398983	0.25905012037645	0.531837943903659	0.139217838368667	0.993213009399682	0.882566051073606	0.523131071378291	0.236542188913296	0.81093186067748	0.777039007092199	0.731058205847742	0.991320145337101	0.697819049241779	0.23175751528003	0.927206995945088	0.26787012005465	0.966179432880533	0.321357484076433	0.0950831252049749	0.956818756852492	0.539845758354756	0.259673755936403	0.903995449069736	0.962672855623247	0.923950665431677
"SRR5928240"	0.515248320379397	0.997254297212924	0.899316194225189	0.958865382791007	0.985092616087287	0.959908409658618	0.996905083220873	0.446719134162765	0.572607260726073	0.996258064516129	0.495137751191138	0.837166332507764	0.813201616524472	0.927566266011408	0.56979273036239	0.993206102155519	0.553159695551987	0.826111025680455	0.941261874144439	0.977169730654126	0.779612477102092	0.986413043478261	0.943601924599549	0.649947097537794	0.702070147679325	0.948101439880566	0.901662147825062	0.923110674662042	0.997872294231312	0.814253547303335	0.869373973918161	0.902055428180685	0.838270412794967	0.989518174133559	0.160756763418993	0.469774973647627	0.828003713286851	0.753285994863272	0.970108426331543	0.991172615835325	0.97428216868501	0.978075764011083	0.992593234287694	0.498890362202526	0.979743980621045	0.810754083346054	0.852662186840659	0.886266830853705	0.947696454139645	0.875223704072581	0.939399044029395	0.944842452291891	0.830011151379983	0.730373545621555	0.987109302373624	0.95395788238626	0.7494687090906	0.985100433325506	0.819949676491733	0.616127089538877	0.642349655232609	0.447912310714059	0.909677851001907	0.109899551322168	0.842270800367266	0.909397330457058	0.843662716086661	0.79685199864115	0.450800442641092	0.888573073325178	0.958709405314213	0.936204778697943	0.19776160345269	0.923320983358238	0.846233843411083	0.9642643668346	0.868168096599936	0.748609934823434	0.998957405677795	0.997363050192353	0.969994451321012	0.452102732639523	0	0.472445619906083	0.90424858618648	0.949347170447521	0.959157894736842	0.985235299123479	0.820693897637795	0.243792325056433	0.746259412589236	0.239827319017047	0.762628549252959	0.892246294184721	0.344770181869339	0.800738805297775	0.862743532417758	0.991402974911157	0.97972800679983	0.737601510859301	0.926692573571052	0.978225390826319	0.972224578068018	0.705766263590369	0.996094851712841	0.876793343407772	0.774969379801804	0.623282188125417	0.385185185185185	0.706852530826103	0.79131252838513	0.71309552980712	0.73011959889396	0.839620751819457	0.81074803080846	0.843370150413498	0.936339034223752	0.997052193514826	0.378021885403644	0.872439906487901	0.692335987934745	0.830742293203162	0.719254151023422	0.505586855937805	0.961829632928303	0.763714821763602	0.74514687100894	0.645151223218768	0.275912191737831	0.843651295009476	0.398132813530507	0.878167050551582	0.748386289269941	0.693039636689425	0.971733076488201	0.512419795438663	0.522605029800843	0.974376523933781	0.957478347415454	0.976721836625734	0.990587219343696	0.720992873309515	0.963600610840324	0.164345847554039	0.986715079026057	0.976224196386421	0.800827766482719	0.994722955145119	0.460874131995098	0.882408762010201	0.773582816651904	0.946190975865687	0.13752712389062	0.9764352398326	0.956868318605944	0.920793319415449	0.983095552092075	0.990217203930357	0.795903281654249	0.448186932479278	0.743932639920753	0.953966964527484	0.557455268389662	0.946922417402748	0.795775311387062	0.858293253726943	0.993024867862404	0.921142439262209	0.937660068693045	0.617207415116823	0.717114723066562	0.365431699542662	0.995014116657656	0.799763805897802	0.594985766711253	0.9580188279196	0.997747681000504	0.955480761875621	0.94871289470572	0.997263678755886	0.835094446178311	0.965825316696828	0.996813945814321	0.996962332928311	0.818904474800964	0.784045657768002	0.975408846051646	0.984169859915824	0.512333623278791	0.983886039412754	0.989768606458297	0.980249948780987	0.33856806954721	0.912220275935366	0.584138653715008	0.358704905449724	0.981920015721725	0.989688258948123	0.794628695667671	0.291286568103177	0.988233772950608	0.878444038758601	0.61321613433505	0.981387821161238	0.925393804558573	0.559818061153466	0.688817869177059	0.980904780212739	0.837217573613373	0.522064136052909	0.695006644178677	0.510672533823723	0.996911767174099	0.954207212364053	0.69179733644028	0.592471182110593	0.916110310680006	0.93800417673314	0.875294451539662	0.996702676905723	0.893806021142329	0.621765209940017	0.976599431028213	0.590428950447407	0.997611445562894	0.635767367692632	0.396429059025197	0.992079366349308	0.786247961466985	0.231475532712282	0.962905287623475	0.98466910825313	0.975723902126296
"SRR5928241"	0.366051832827457	0.883943757795668	0.861781105623706	0.923578590513403	0.950682001929948	0.992236746068609	0.913156567667277	0.324598277311591	0.335992554181625	0.9947556114957	0.25617353757582	0.777717127607957	0.817723494283228	0.779852909762275	0.61760682676716	0.951361043194784	0.134116595602063	0.883518628532632	0.898337511545059	0.950418946056367	0.839315665883932	0.983140147523709	0.820529991390032	0.484484352304239	0.39781175480432	0.82447211366597	0.883105241140262	0.941861629342856	0.99602286850609	0.737992643194955	0.93824462158224	0.840183509301156	0.892923376672636	0.966487662293522	0.37217135537739	0.259393200311179	0.765604472823928	0.76167723061921	0.941261405179564	0.937974460071794	0.97004160887656	0.934759866856871	0.987904937049088	0.152027089884087	0.924772416552736	0.681541582150101	0.709529127600447	0.884130345459717	0.916942623504765	0.733957421108259	0.964991721015105	0.910540090411611	0.666608007039155	0.361519969634347	0.944475400701432	0.908419216743301	0.719263947606363	0.987978859373381	0.719569710137248	0.466363490204185	0.51166628583035	0.18124457118508	0.793496944232238	0.487136516581783	0.921600432549338	0.95079509714588	0.749216300940439	0.780323757409941	0.176494175672154	0.81549482621385	0.929002100128718	0.832944499017682	0.311313840155945	0.923372637699887	0.877107093184979	0.947142955848822	0.818758858692303	0.571671792618629	0.997441455527522	0.868584696682591	0.94896408839779	0.286622339313344	0.472445619906083	0	0.811279477527909	0.788248555727772	0.974258496047564	0.976980691266406	0.676248777255372	0.464764108497236	0.571290500736377	0.268739129234422	0.430755927729486	0.856607847768143	0.517950768280161	0.884086496263	0.796446984284738	0.984602165320502	0.935601124751389	0.689604016889193	0.973522259914142	0.973282176491106	0.976423153146997	0.689006342494715	0.995105515162263	0.674425118337395	0.593142158497277	0.574723027911179	0.175903781498042	0.696677633103193	0.859761393244046	0.539045774288918	0.735000949307006	0.559009759581052	0.868187708021037	0.627804054988521	0.921473874962247	0.997379417805794	0.310990598787788	0.766462409406202	0.541140021385683	0.875734285640349	0.574091475273705	0.252782402944527	0.924672750264876	0.679453138240777	0.5331008895445	0.631046038601459	0.565262056132734	0.852371939678857	0.246696997993364	0.779022661096341	0.561965868153251	0.569086251067464	0.955594253373966	0.4097989615231	0.452644816474102	0.962295536456889	0.918158567774936	0.943858678743043	0.983463514179157	0.596265781851925	0.911051663601404	0.348704322733636	0.956227093561994	0.985367892976589	0.643398763108362	0.9904460787683	0.221796643632774	0.862746297882756	0.662588857662424	0.942255982791073	0.497712405943963	0.964316827542949	0.873022087370722	0.878274781681221	0.963232549458753	0.980357769203788	0.776358590229491	0.639737697868795	0.497178650929233	0.912125136993125	0.382977721256653	0.893163850565804	0.652668391572602	0.644642415243752	0.988608221892026	0.850750079795723	0.906193218564257	0.580032645302589	0.517425694463191	0.390886591934779	0.996960361470528	0.628118964851294	0.399544734758511	0.945055696029522	0.960902905281348	0.924870616968076	0.971311974661956	0.952643566200169	0.776549434084513	0.921785125877966	0.885489747803101	0.993969492727918	0.877597031516651	0.681203182161315	0.954526372807908	0.888676780870089	0.31094741245091	0.94633001751545	0.979458318677453	0.956392339544513	0.283655902480753	0.819877852389779	0.396016389171778	0.664146971581667	0.948519900264337	0.975630875804057	0.675153735444197	0.308162949194548	0.972637339507472	0.940726290516206	0.443357446732126	0.88031206393505	0.95879731555045	0.329368063626627	0.48054239338643	0.943637621023513	0.64062719927934	0.377519695232459	0.642944703972435	0.307026926475376	0.99357052035602	0.944935198916758	0.629103168637099	0.318082372182927	0.95175424619993	0.851861427094106	0.81244769078597	0.993900709219858	0.831010671688638	0.511371502027094	0.955914462967456	0.503050134392895	0.9082793828252	0.261445981554677	0.251483664077629	0.984671942177083	0.657423355149845	0.313901503150632	0.932562507336542	0.953003509254799	0.955427899089871
"SRR5928242"	0.73620290346269	0.873288008670805	0.526685842122084	0.855785123966942	0.980604744079598	0.959322033898305	0.967171314741036	0.842907633064303	0.751387569378469	0.958561151079137	0.804917474902161	0.341317365269461	0.430209858467545	0.463229521067783	0.940794257699796	0.775054073540014	0.794751574527642	0.795682799363781	0.435343996916554	0.642077230359521	0.853651465514742	0.869578223152857	0.514120667522465	0.640445909875962	0.667592225307418	0.854859172798782	0.964693218514532	0.63564929693962	0.967699406723797	0.609680661872729	0.985608838958266	0.395550246378976	0.987671394103454	0.770430733410943	0.869902912621359	0.778996166532941	0.385849552866912	0.861330110155756	0.826778017241379	0.95981487752568	0.785079450579047	0.762231224680586	0.891394093362972	0.791893780573026	0.770876182640889	0.42896728125333	0.917464114832536	0.522727272727273	0.435862995298858	0.730714891212207	0.747872816838334	0.395901257568701	0.861691010844577	0.736891679748823	0.936826458565589	0.720349563046192	0.689882233759656	0.886446886446886	0.527863654379707	0.725830979795785	0.646002805049088	0.834048481471162	0.759322236143428	0.910091313509717	0.730769230769231	0.822127276815831	0.502358727290977	0.493223571930529	0.759353535353535	0.887606463424341	0.631399317406143	0.858772989663042	0.850146161341607	0.68805765271105	0.842003141458006	0.583660644147683	0.258086529275283	0.480379130126672	0.976111479761115	0.895802949278885	0.590920949647796	0.777611348517556	0.90424858618648	0.811279477527909	0	0.632361459741263	0.81586592178771	0.831615983915557	0.852306887988498	0.911664736152517	0.72797206612472	0.884011412871182	0.688293745682555	0.955960293988463	0.934741651358862	0.726864474739375	0.286098147362466	0.883064516129032	0.613382899628253	0.529471032745592	0.937927663734115	0.800733841377364	0.839091568011597	0.602926138598285	0.956975228161669	0.44534795763994	0.543504281373723	0.648302332447594	0.817160399079048	0.862580775444265	0.68561765179578	0.598695867885747	0.672055970368628	0.647219096132204	0.718100056211355	0.491202612007981	0.873029927395077	0.963998714239794	0.82076409600909	0.232697237254343	0.593865679534638	0.65833086712045	0.755355238926044	0.763903104742409	0.539206195546951	0.489245742092457	0.696354830486872	0.805829040881528	0.923696785682258	0.465076660988075	0.763707053876061	0.141752975730407	0.643466129282282	0.749827292405471	0.733417828474863	0.701288931240283	0.80407529594411	0.684097613301153	0.454502143878037	0.611578947368421	0.873141122913505	0.552510540436949	0.462536626203432	0.867275766016713	0.76600790513834	0.87028235951915	0.513719638564205	0.922941324603374	0.793362849194844	0.48498081249173	0.48347810513119	0.656648648648649	0.908547607629026	0.689075630252101	0.562273714699493	0.232410256410256	0.827375017803732	0.823233816139521	0.403483655452159	0.951854755919133	0.565706670615236	0.620385232744783	0.709258725122584	0.859988776655443	0.478096375945838	0.470201031844867	0.897419560369544	0.326777365790746	0.577069716775599	0.783086971467858	0.507720711648204	0.888896540642288	0.993379450833935	0.638313393638751	0.631107332068808	0.6844648465813	0.992268572606694	0.85432178698608	0.923466078609418	0.989660728672455	0.820624845437309	0.760718057022175	0.968344553925721	0.959516813581456	0.854893660953954	0.806753090141694	0.967902221714547	0.700338123415047	0.735954428683123	0.706936866718628	0.821374508023009	0.790492653414002	0.880134436193121	0.461459403905447	0.709990641085634	0.948048063020392	0.993832848940242	0.891524483284783	0.614303178484108	0.887935810488108	0.785735424681859	0.979137839276211	0.820482636845203	0.802654176424668	0.978140966093823	0.73189719526501	0.650285242972026	0.668336409174796	0.43574451712197	0.836597920337168	0.856749623996141	0.743833547737569	0.990939840541194	0.713461212018333	0.731088855742595	0.728680758017493	0.75919411576591	0.423757950833763	0.800692293678266	0.966156849983729	0.250259913857122	0.670603588907015	0.751476113794954	0.714123909842564	0.982413629437186	0.749840078468165	0.796034241788959	0.97475254626309	0.489339787825729	0.852620948654022	0.967274840209181	0.701447067783701	0.70026525198939
"SRR5928243"	0.884822438362361	0.543261631502989	0.608630393996248	0.777304360176111	0.836671967977699	0.949453116703833	0.610547428032091	0.814207392003025	0.7653374861686	0.873809826075917	0.852167681834468	0.669577993633173	0.726147007461502	0.462636997675191	0.923090649536046	0.509346733668342	0.770905342307926	0.79081304199644	0.593577312063393	0.817334804462425	0.864455585550842	0.92614590058102	0.58115478653376	0.857526254375729	0.643067712821443	0.616737219146858	0.888501742160279	0.797791729811648	0.984938138784293	0.662301701759446	0.809659638438114	0.536354626542932	0.974923262100015	0.776704610785328	0.888031614602936	0.789834550603667	0.742462102282192	0.866830045337581	0.723828851682733	0.768644898574768	0.882193468884781	0.62365988909427	0.954707985697259	0.682454121494761	0.664507772020725	0.655132390279289	0.746990662616717	0.623052959501558	0.705942045326418	0.685052270244968	0.872801082543978	0.715961361545538	0.79922047824713	0.637412443345694	0.713818479149632	0.671415356151711	0.77688651218063	0.851167315175097	0.497678791796439	0.769790479530113	0.785553531239953	0.827707733545121	0.725747767329774	0.949329787616344	0.723858029603692	0.765192539109507	0.590950226244344	0.644085497458748	0.762417672886937	0.673681108163867	0.751278845060816	0.710404185300819	0.843732718894009	0.650439882697947	0.699967159277504	0.799781048534242	0.602523659305994	0.65241221082149	0.990291262135922	0.567725752508361	0.809350333940498	0.77867975351463	0.949347170447521	0.788248555727772	0.632361459741263	0	0.897262588712403	0.805989738694667	0.86918911315845	0.925488478051345	0.714750780871937	0.89925943113483	0.663321993023556	0.825902005032034	0.940599601459821	0.653508771929825	0.662860629303582	0.822222222222222	0.749437003674292	0.821595588748517	0.81725726998252	0.890497168030208	0.90165086055497	0.68542214431785	0.975903614457831	0.3997863533182	0.61698224464391	0.641186671040915	0.748167779971334	0.851833340905993	0.798775457032437	0.614283399060018	0.745457942179254	0.607892882311487	0.665128260169582	0.644801659320716	0.689347604485219	0.96459470251564	0.828594239390776	0.624824929971989	0.842900685801372	0.795959370465454	0.785908292059434	0.807696938079377	0.730958518865714	0.68808339578933	0.673897655827122	0.752309271296613	0.873391624928752	0.663093160475359	0.798095109429884	0.686873332720081	0.761904761904762	0.713804327015125	0.750218914185639	0.762622735302576	0.755162926376504	0.854876398966917	0.716279069767442	0.799561082662765	0.926984539430947	0.829896212427551	0.631372549019608	0.844146356312276	0.800658777601562	0.928562476500815	0.587610081992105	0.769258330347546	0.839465329991646	0.505477046575801	0.567345365790995	0.743657915143458	0.89613757335881	0.86001003512293	0.487003828329639	0.726420178937156	0.804779830167207	0.9121387283237	0.769399249061327	0.913637392573628	0.518677759785583	0.638610696782442	0.822606615448314	0.54570685169124	0.626886335317735	0.478010738941447	0.957300092825885	0.513437057991513	0.704750553379874	0.818602298186023	0.706704252972178	0.903346189930157	0.842159842660468	0.629817780231916	0.81514397440455	0.800960074932678	0.864038590550426	0.781695808032775	0.892989843943522	0.826264107892271	0.664526932737929	0.729382929642445	0.784490458790093	0.97722705961152	0.841932044685486	0.774258193806969	0.915945339266727	0.660389752572805	0.878698224852071	0.796517726033145	0.915639195327709	0.659958770982625	0.794235639940101	0.511570654849828	0.730765652618848	0.954550230687669	0.785749325484425	0.849797605718715	0.63156089193825	0.851304914797258	0.896928415370775	0.772854205664836	0.791504687857306	0.728509299528084	0.87781385576687	0.765244429089653	0.625982797741544	0.801098230628432	0.469928368698473	0.893669975111698	0.826341414192377	0.890848705174813	0.93883004103445	0.819488973088507	0.793475446621213	0.616984139030128	0.820758258258258	0.492513944612976	0.770779037271957	0.974581939799331	0.602155365963179	0.730623004004664	0.832185039370079	0.691659111514053	0.874147565826861	0.66033535600158	0.905560846948494	0.818165831354963	0.690595988944795	0.929452187647205	0.880279165875978	0.811293609878911	0.830396475770925
"SRR5928244"	0.880902478116139	0.975542224273189	0.595562068243668	0.696060495182339	0.953712208954032	0.328239954725523	0.977956454964315	0.941481623802597	0.959606868992332	0.92778335005015	0.9751214418668	0.662060301507538	0.714072970960536	0.736406427527999	0.964263973932037	0.902630931890829	0.971438060445035	0.854122003508088	0.635922330097087	0.611257695690413	0.909305707015631	0.679914070891514	0.845506209219112	0.953628853158035	0.950884572559693	0.758787689423528	0.93621664517409	0.427719821162444	0.927881519639408	0.813831645127489	0.919341974077767	0.622315950920245	0.99833446828427	0.79317697228145	0.97848699118185	0.964205603016275	0.749469214437367	0.914266078689651	0.624432104997476	0.828950935212795	0.414874551971326	0.851326716629532	0.794964028776978	0.929621577803161	0.739130434782609	0.67324727916983	0.873560319461959	0.576227390180879	0.570663094440723	0.84842808687288	0.317252931323283	0.806612157838607	0.948727814919917	0.964735274334583	0.66623942578826	0.494621473513294	0.790819534688745	0.631781290046988	0.808514460211963	0.852932490697537	0.833163784333672	0.93803946641867	0.804057591623037	0.988949388197947	0.562771210534191	0.71239714015918	0.913463805706201	0.748584905660377	0.919979371696248	0.850207543764663	0.494852436513384	0.756702412868633	0.942212863501879	0.50954681389464	0.689573967030614	0.710008554319932	0.632569278138898	0.925163132137031	0.953033268101761	0.980480618727557	0.589285714285714	0.899047978131775	0.959157894736842	0.974258496047564	0.81586592178771	0.897262588712403	0	0.791032826261009	0.945831293848915	0.98839435739127	0.95477207977208	0.988611074748004	0.954896758565002	0.920416284052648	0.993097084237144	0.727545727545728	0.704472271914132	0.858464012866908	0.718872357086922	0.772619611558503	0.62524242876324	0.576139670223084	0.273890142964635	0.810185185185185	0.916824196597353	0.919296316657504	0.921748400852878	0.862042189724343	0.936193477841384	0.944093352563262	0.825382013297562	0.862527716186253	0.876352395672334	0.861576418646929	0.765194886675555	0.795495023572551	0.742178742484459	0.931288343558282	0.919874077127759	0.85453889189677	0.944247339077547	0.751225592023265	0.843679841278129	0.959970582055054	0.698981516408902	0.757561974073232	0.882430792985552	0.897441167403145	0.972158378604262	0.653333333333333	0.91013698630137	0.852846832397755	0.954294720252167	0.953934361407671	0.839532739010144	0.881677321486618	0.91220556745182	0.48932384341637	0.718071402281929	0.689521345407503	0.72877618522602	0.879396984924623	0.683955110706703	0.951099230308338	0.796024200518583	0.437022900763359	0.92969192969193	0.94136546184739	0.948756343066301	0.649111257406188	0.794548833367747	0.44147582697201	0.986080822255514	0.622786022020105	0.851100667820925	0.800235710076606	0.88086642599278	0.574132492113565	0.691059266772932	0.982557188205648	0.938965574588392	0.587210962032544	0.900845212564652	0.752434921197096	0.78325353264043	0.889560495850835	0.805790108564536	0.822109275730623	0.899027801466826	0.902161442797485	0.929659798754193	0.979278551399648	0.991576849923014	0.939968921239879	0.92728852838934	0.528216704288939	0.994816917299861	0.682507063960956	0.5834938985228	0.99282457236766	0.868574689434178	0.876079609463012	0.992023422551122	0.921618204804046	0.942785068298312	0.880502893634005	0.980310863712195	0.714549369424792	0.950563165905632	0.522322651328403	0.643249176728869	0.726301115241636	0.955774975107866	0.772171981596065	0.952993916106308	0.979717420347354	0.95758051846033	0.91340782122905	0.853881278538813	0.98533343818811	0.652265542676502	0.928999400838826	0.909556372633243	0.846872461413485	0.961403248535192	0.924390667515776	0.94383226201408	0.682525951557093	0.915199102636007	0.951358042670939	0.911309911724628	0.968166849615807	0.934461028192371	0.41859410430839	0.826846336244289	0.933759953104392	0.403310287031217	0.819188191881919	0.884686488984748	0.934673366834171	0.69002284843869	0.845998266396995	0.660579064587973	0.864746244668356	0.995749608684033	0.966587764020393	0.908101797805277	0.795628415300546	0.91079241614001	0.936436469575581	0.939726554977855	0.723352318958503	0.537789427697685
"SRR5928245"	0.957395396159227	0.837004405286344	0.843494510628358	0.997403608983513	0.989270299705538	1	0.998486711434787	0.981356262347998	0.954943957385418	0.34045393858478	0.968882077005248	0.885899182561308	0.870075574851262	0.881729920564872	0.991955334093774	0.643237188462615	0.974814870503327	0.966546834431795	0.566002490660025	0.623172103487064	0.979394759503014	0.746705710102489	0.836427732079906	0.937738128426726	0.957243139757498	0.955969517358171	0.989454655016571	0.753760055963624	0.926206244087039	0.935377875136911	0.922306276835003	0.858050847457627	0.998585981803485	0.23037100949094	0.98145739351839	0.967248374639488	0.779989337124578	0.980537965491199	0.876996511841381	0.791630340017437	0.694700460829493	0.849133078135555	0.708191126279863	0.931764440941335	0.959792027729636	0.909532811234134	0.989121852794105	0.85226019845645	0.730923694779116	0.965207457028613	0.730815588589795	0.710832973672853	0.983692742053254	0.96279161334777	0.577679882525697	0.848792597607763	0.951509010639068	0.524119241192412	0.9278059785674	0.955095832065713	0.83701050232028	0.975879456255713	0.954680735930736	0.986402841197362	0.891708420882496	0.71056816538962	0.74931129476584	0.916082164328657	0.969525315066087	0.996599282070659	0.722911497105046	0.985380116959064	0.981902163636855	0.8099195014282	0.951616549853041	0.623235613463627	0.874766355140187	0.928049828178694	0.972999035679846	0.871490593342981	0.639008620689655	0.967667213589422	0.985235299123479	0.976980691266406	0.831615983915557	0.805989738694667	0.791032826261009	0	0.981531506698274	0.986307856212761	0.958047945205479	0.985222109488729	0.960218501365634	0.996021632373967	0.991681435133278	0.936147908129229	0.868472712995681	0.209442491210447	0.588921282798834	0.915702063412179	0.993555662961173	0.598978288633461	0.91581868640148	0.934612518628912	0.884509624197984	0.922083963251541	0.914678072940117	0.955207915496724	0.94836263808092	0.963654719838465	0.95975975975976	0.834981866139136	0.955428419372006	0.953978263786395	0.945328437372501	0.925958669466239	0.993774820221101	0.798941798941799	0.9744147859625	0.808523290386521	0.928487565375173	0.941936042984661	0.964088545854103	0.957173678532902	0.689095127610209	0.919257652446373	0.953282685111691	0.973655782834443	0.973685594111462	0.881499823134064	0.971156743725516	0.850845948352627	0.938672768878719	0.966051884880422	0.273848385926732	0.962699031288275	0.945770976963175	0.617579908675799	0.694732102656461	0.621503017004937	0.834597875569044	0.920794420144225	0.755087468761157	0.984381556249709	0.713971397139714	0.76625	0.933571286932382	1	0.971545060732184	0.871326164874552	0.927094668117519	0.746978851963746	0.972433332695216	0.579409918392969	0.672963067380885	0.768806073153899	0.607057890563045	0.738264580369844	0.895394223263076	0.983554036736437	0.94050303555941	0.777186564682408	0.869644484958979	0.998058629392351	0.916945580761126	0.927684835402051	0.72289156626506	0.841457643161382	0.626979690702441	0.954073726226814	0.932588791628936	0.983888808733708	0.994718799221718	0.940329042707357	0.949669471153846	0.690101757631822	0.999537588702936	1	0.978715980460572	0.998360924438617	0.969934933811981	0.732817296143067	0.965812364450456	0.931860036832412	0.945548997742541	0.972718758907122	0.983397741031297	0.811978221415608	0.957938351434491	0.80729001584786	0.683257918552036	0.986344537815126	0.980340375586854	0.655243671431031	0.95568489979496	0.992920209952394	0.947021382017761	0.655963302752294	0.93969939699397	0.98669790343075	0.664764621968616	0.933531746031746	0.97657752141234	0.848690153568202	0.994769796320925	0.907253978661262	0.937161947184219	0.631057268722467	0.920418101912341	0.925769373377827	0.979856893752631	0.957866934976732	0.899993140818986	0.82881962187021	0.960107174754391	0.938222778473091	0.843348141220482	0.825520833333333	0.973692476833674	0.941605839416058	0.859125315391085	0.945459994006593	0.616923956546598	0.957273133091002	0.981379266184286	0.967771982116244	0.967971700368086	0.982779335202243	0.746508018623901	0.976708179064288	0.999220424868447	0.90927624872579	0.626324595649749
"SRR5928246"	0.826806927722891	0.912598944591029	0.866068418186062	0.921055765978227	0.981564072598917	0.945596826928231	0.992731164574461	0.615740674803811	0.872691116295078	0.995807010678146	0.88510401920906	0.788831324100827	0.763822694159773	0.873062767582184	0.814938627606094	0.970724231775306	0.612608617092922	0.625957572186211	0.913145539906103	0.968380762190048	0.685411426518146	0.981763088491106	0.926656458436064	0.858738370673002	0.728146398109959	0.794231104253254	0.693457843031415	0.901009829002289	0.997226388928197	0.821232755571277	0.784955423476969	0.873269053236229	0.891175608095209	0.974640651472919	0.905637063443594	0.87959731788866	0.815452472245195	0.683589997379989	0.960224555043677	0.984984693133777	0.964622903476619	0.967094557946122	0.990352064996615	0.746844170127546	0.916633029251097	0.811717288038002	0.574296661193213	0.851382340058231	0.931023227982375	0.712102815086022	0.9203046375629	0.928674883174378	0.239377935829729	0.701835366523794	0.979724529603779	0.939339137623686	0.739504709625101	0.979900888679715	0.723204346083626	0.855692058922127	0.824867372581026	0.480150757453548	0.776070118222585	0.921006331462221	0.798680275807528	0.882067341538611	0.847995835502342	0.762565073355419	0.833090851723957	0.720609870268824	0.944677603967951	0.78398913152863	0.828015204005779	0.89881186560705	0.750939195770141	0.954094911124647	0.801191137132186	0.823850601082867	0.997961090816413	0.898299769270402	0.959647957489206	0.827921015309648	0.820693897637795	0.676248777255372	0.852306887988498	0.86918911315845	0.945831293848915	0.981531506698274	0	0.923095030719616	0.871336019593901	0.668827090712689	0.68324269337611	0.64902934537246	0.635071615638569	0.708682347159865	0.824028448056896	0.985717043041884	0.955633841580888	0.777425161045851	0.903910283328805	0.971485966184923	0.953674735166584	0.73682573535946	0.995419458817542	0.772081632653061	0.847544022242817	0.644960799447536	0.796929432438265	0.692581519849823	0.58846168951027	0.825590415445613	0.535612882290906	0.642918140783213	0.765575637746878	0.628482400461627	0.890074094464708	0.996837051680316	0.711691447662207	0.819485770962081	0.85349982815901	0.789981447124304	0.848978897852002	0.873674644047258	0.948615190359858	0.777187955089961	0.771583773163309	0.621202737681228	0.881909456667512	0.789231154520411	0.773758803582297	0.824494428394552	0.857835003650362	0.857624231652225	0.96419409715659	0.713427007159539	0.682763846789749	0.96530476296214	0.943776200783626	0.961106955871354	0.985727931673878	0.838305838305838	0.933112171966448	0.853266644206598	0.969302377126392	0.96911584346081	0.830530634326676	0.985442514474772	0.866348448687351	0.847952629466078	0.802880412276262	0.926876828079298	0.924797429288084	0.967938888734004	0.930254078206382	0.897939420024748	0.966581892166836	0.985819180539207	0.758314692362528	0.671132249628224	0.807579793040213	0.938792479145992	0.85356811862836	0.845486595480255	0.829346054837872	0.729312601915436	0.990913708448558	0.897304036153966	0.921398481446914	0.60878875672563	0.81413547438652	0.910495373177612	0.993340732519423	0.85919533983959	0.837480036984114	0.945112245458038	0.99597803387733	0.921041235625271	0.931563687262547	0.99511580478807	0.589681936316543	0.925878043525102	0.901110722293505	0.995192579605226	0.773573751108484	0.8576357610266	0.970644832173161	0.963706084091707	0.868937356836968	0.966444925329273	0.985225549126454	0.955151769772083	0.548177782114456	0.884838959159744	0.866585686810406	0.832800337898992	0.977624642638772	0.980054672471398	0.836076409544583	0.750366239780729	0.983855597286843	0.825639838635011	0.873475294604093	0.963517982637453	0.856237956420772	0.856149491704699	0.855447404371585	0.972126787099634	0.766155287504392	0.882898475002449	0.822914507388433	0.873410658057316	0.995824378262204	0.939984289080911	0.758688884102524	0.801293985364325	0.884366975332659	0.918669325217756	0.844637118371719	0.995137396811037	0.863291658126665	0.802998488157232	0.969077029840389	0.755549772804612	0.91755146358612	0.72989165530602	0.814693359905789	0.9877769289534	0.845791277851838	0.838339636795549	0.938399447719186	0.948672664054308	0.966508636225013
"SRR5928247"	0.577519018785903	0.998592936541438	0.920400264325498	0.98102399489244	0.800134329269534	0.996945207068559	0.811364058254721	0.565497926046726	0.512637543849129	0.996532621258619	0.415594958342235	0.877190409854095	0.887619984336011	0.885370475997718	0.527282922504528	0.994947851880203	0.575889595813354	0.952730236348818	0.95228919377216	0.978716658079347	0.888448275862069	0.988971028971029	0.883299646763256	0.671629237109933	0.719426919849582	0.994541024748576	0.99681399132321	0.964340453601847	0.9984318771235	0.840677397719651	0.924715742585863	0.913901580405962	0.861710088400053	0.990667032665386	0.197519365221595	0.498965881314994	0.856971884148699	0.773793767296354	0.974210711052816	0.963790807328222	0.984966283220944	0.974023529411765	0.993140243902439	0.49757722994411	0.995268475246757	0.81554644321626	0.995506216400646	0.940397226554426	0.957361159964044	0.93403099748311	0.980653860434213	0.948824532852297	0.907920240614905	0.708820034201907	0.968937779569583	0.955342182057799	0.804899121614054	0.996160620633695	0.87943764539294	0.650762450283327	0.689471353355094	0.570105451771856	0.956450494737506	0.26160944885105	0.961837764939586	0.980503947770724	0.854173283924475	0.872591233147455	0.443077655093273	0.997233001518475	0.968220421901295	0.996196174015806	0.229356513622309	0.963795564861521	0.968885798713715	0.96837271899616	0.922493244993893	0.761397337747431	0.999436857665775	0.998645192975326	0.975741986545311	0.515690286142408	0.243792325056433	0.464764108497236	0.911664736152517	0.925488478051345	0.98839435739127	0.986307856212761	0.923095030719616	0	0.56378006027431	0.269596477420178	0.776272014162317	0.99683395582379	0.451269077952762	0.935076127549555	0.887723604447916	0.991988159842131	0.978124630483623	0.806611103263173	0.99344154779472	0.983084577114428	0.993313141643394	0.809761023224503	0.996383726770467	0.864357662831905	0.755072262367982	0.771000282832092	0.36442067556318	0.708397530206318	0.926439526127284	0.720336753485925	0.843367443028439	0.757446139330083	0.923333169234809	0.897562918954497	0.981345149221565	0.997270063029427	0.516261302774105	0.871838299614733	0.712194029593647	0.928897597263504	0.660296104898947	0.486879685826491	0.958614449536773	0.812923379312765	0.591176381894394	0.766195836187178	0.218925331024975	0.921896278847216	0.49936729103222	0.886979088310516	0.667365666258451	0.71517100263081	0.973756342217297	0.63763766767698	0.581438348603599	0.983424538028392	0.960946861801395	0.976557704872592	0.991360345586177	0.747475631310922	0.971176070700204	0.143543491079033	0.983406597758505	0.990772412695887	0.801735579377233	0.997474249181104	0.392939221929946	0.922784903435058	0.809482669246985	0.968401776669524	0.281517226345359	0.980309087654395	0.933028278225575	0.928075685316583	0.984998511018463	0.991335595927331	0.868648913576213	0.575368509999061	0.724150529777128	0.958251920063454	0.595171918428531	0.997288009659144	0.797254673926451	0.870782929817598	0.993540103518838	0.920846720846721	0.941906717729552	0.661412709527144	0.735223376490456	0.105926664451091	0.9966130638964	0.712124472399239	0.623524098328924	0.967313062974472	0.740999513873664	0.978811591095866	0.992171420170538	0.702552767778009	0.888317434372754	0.973369884472293	0.997662862447442	0.997588908981314	0.920726498227054	0.777480441816965	0.836994151355822	0.949999027974883	0.541299738442728	0.986882463010475	0.990921815636873	0.997332926922198	0.447445952114196	0.901818648951203	0.60917198250866	0.46508653532165	0.636230162437768	0.990763409748498	0.800551885609165	0.318297459920042	0.989498063331071	0.916733429471773	0.59688959619092	0.882324145202591	0.997491414582667	0.545408716640442	0.674513517043228	0.976594059405941	0.848064024657198	0.554603854389722	0.444975959778391	0.538568730065339	0.996206313326905	0.974827940225864	0.739733349623543	0.59277006656083	0.9759823266177	0.922435458076308	0.871534146078326	0.99734833266372	0.908907185628743	0.688934743358267	0.973668034818472	0.677775188378777	0.998201453036626	0.606220423057187	0.482924586583912	0.990126308729833	0.79796511627907	0.317575324642192	0.741742076405296	0.993958061841014	0.978524872714306
"SRR5928248"	0.48470541295385	0.956753396678803	0.77650152970855	0.913299777808008	0.753550647563036	0.989648033126294	0.525498535489307	0.645594288782389	0.309279624366737	0.989525492175669	0.360329979654971	0.632578379982198	0.702562108026642	0.643367474394204	0.685706969836636	0.85826683778807	0.577466852245257	0.891325847925999	0.843411912082906	0.912946428571429	0.758929714505185	0.967676253499618	0.650739048642838	0.383855680777349	0.406795469686875	0.990224635892372	0.987596441359962	0.896333313963624	0.993639254884144	0.536315498300798	0.850504216547738	0.673308862087048	0.963476362057205	0.964122870170386	0.676881326387101	0.488551153503606	0.613755819192071	0.592668525504346	0.842602414507249	0.907686510926903	0.944796717642671	0.80245862380927	0.977966756861229	0.489181079696534	0.991180736872643	0.509744438315867	0.993164783098373	0.78279057453005	0.854038004750594	0.799982146576606	0.936813349961399	0.843403131937361	0.809618298578541	0.411618783892927	0.911799493100535	0.818859485650391	0.56054957929492	0.975794998456314	0.624459740675524	0.420561961994478	0.40089362820561	0.658164639578974	0.893938353813414	0.754813359528487	0.838340556069533	0.906333756524192	0.525967048710602	0.574281364735381	0.461465937558926	0.903192171960218	0.873687977099237	0.994652406417112	0.620641996457145	0.855502444920609	0.913174685290567	0.904150197628458	0.74761421319797	0.348237680669428	0.99532072528758	0.962937487355857	0.90707145501666	0.47872947080292	0.746259412589236	0.571290500736377	0.72797206612472	0.714750780871937	0.95477207977208	0.958047945205479	0.871336019593901	0.56378006027431	0	0.740718402358933	0.455244934598615	0.94635027082796	0.840282845308694	0.753250412591072	0.624768566138655	0.976745609203843	0.923817649926865	0.511525697371962	0.905239091307097	0.949359135461171	0.976744186046512	0.459618910946345	0.989378926235347	0.559806527517539	0.328570198846518	0.424662208270779	0.509522114443357	0.504972205658889	0.826064516129032	0.305112906880145	0.66183377578109	0.427331145747881	0.738395038526593	0.749818368306338	0.857607639329024	0.992379230173082	0.559858894343439	0.647641144624903	0.346346810573802	0.800224033373247	0.300936165055897	0.424505928853755	0.864768252044835	0.48719533733663	0.132799799924972	0.596766325179455	0.660577242065686	0.780743851229754	0.534314377710956	0.667763507058699	0.215509396636993	0.545326527019891	0.924358449757409	0.481307254270859	0.386963133882217	0.930691839523041	0.855410053708286	0.914796265380573	0.968215471023743	0.369284054539875	0.847472450585972	0.606938233650084	0.949777337951509	0.973667711598746	0.427729579309216	0.997797356828194	0.391439729786785	0.775413948820873	0.436448598130841	0.900458877515002	0.728145133434454	0.934014928181647	0.810135776945857	0.786641929499072	0.961121996493761	0.964457984259964	0.639797639123103	0.881350950162402	0.276275115919629	0.808953160108314	0.465396526188232	0.997230911235321	0.427041977070973	0.588058437433834	0.979241877256318	0.657299741602067	0.843282446619668	0.37242249964932	0.340359833669562	0.490060068649886	0.996159839715049	0.244047390820904	0.434531125732051	0.90249515503876	0.783923941227312	0.909796672828096	0.955781296683597	0.732197626934469	0.721195577999181	0.933891864670604	0.956492110918908	0.990282456594973	0.823815951640354	0.523452157598499	0.874755439615818	0.835019000292312	0.485253806268371	0.922193658954584	0.96274559836693	0.866284833131402	0.712255486449035	0.703924195068711	0.450405510875836	0.805180280139892	0.679897504126937	0.973547135124094	0.441734417344173	0.724867888377268	0.952513966480447	0.846540756447557	0.498870911418927	0.666950686974119	0.979598616938808	0.394866193336974	0.259341802243518	0.901645428677471	0.517501866572972	0.623136495643756	0.355498613794842	0.488893296310988	0.991980365722977	0.907577748576434	0.437919409214962	0.419606700655499	0.933107854190154	0.689059923034634	0.703752071927269	0.989641331088955	0.65225583586308	0.35497147808506	0.920243493384682	0.355599214145383	0.97291069400119	0.406007481435989	0.560633984518983	0.977357320099256	0.448057241191921	0.64807081252837	0.724755406332359	0.986880823933301	0.920213095459332
"SRR5928249"	0.540652195997426	0.932592995262872	0.939391393829935	0.978291110719254	0.994123851137562	0.999698106697719	0.999109610640153	0.469958245556495	0.563936243032693	0.996654324842753	0.482572032003947	0.874817102910096	0.893048128342246	0.916981286096202	0.628497642571137	0.981452661649647	0.301448405038677	0.923615933337542	0.945690470052419	0.977213281908055	0.88234983916047	0.991946669052839	0.942972410749932	0.639166682071095	0.574009422770566	0.883592940841981	0.913087393583762	0.963502543565321	0.998242966233415	0.839350180505415	0.996788553259142	0.925212252372232	0.828537617733674	0.981250273798572	0.144949602989845	0.45784020190303	0.843310254682107	0.852575808235385	0.982944878338766	0.994424310008364	0.987930422435215	0.975678673838876	0.992315988136964	0.393675245430772	0.952835291317799	0.819557762800047	0.796875856399013	0.944559336550312	0.953956269366735	0.813333759366063	0.979967266775777	0.942873414671544	0.685769112316695	0.57441794702611	0.994351853832823	0.97198903008353	0.848721851871293	0.997830946636861	0.815429651313595	0.621120610329424	0.662992862151423	0.355460912115367	0.859050240880936	0.258468216518556	0.964784039739111	0.977832169223728	0.839445072288687	0.860717069368667	0.426553116822218	0.882534030636846	0.974515889321152	0.889772168496968	0.197207461702154	0.971093733443533	0.945766739488713	0.967417769710921	0.892207205356776	0.71862179000152	0.999368985644423	0.919889759967226	0.974464506992388	0.484092541134597	0.239827319017047	0.268739129234422	0.884011412871182	0.89925943113483	0.988611074748004	0.985222109488729	0.668827090712689	0.269596477420178	0.740718402358933	0	0.594070922928645	0.896040259568269	0.297926086646659	0.945159672295603	0.87681189345447	0.991881218699671	0.969643565228885	0.788316043990328	0.998910037744989	0.985969444568171	0.988966547980131	0.797159343098091	0.997388975172755	0.810185809184558	0.770968977403294	0.702748138744982	0.318040414423675	0.796332201296696	0.908545327243023	0.712627100310089	0.839398300438597	0.735929398028914	0.935996834019895	0.744965161782953	0.974664311625169	0.998335956824826	0.480891215856623	0.859986358281143	0.68299022863106	0.924300683371298	0.736808994563902	0.495410175189088	0.96359719504957	0.807374985474687	0.708990717354938	0.723460080796302	0.402157164869029	0.923004694835681	0.439254863667092	0.859245630174793	0.740660879821603	0.680967782851345	0.97244700930727	0.575679467519332	0.631875335200524	0.98305535841022	0.958425708453147	0.97138997763458	0.994804496797599	0.722791775267883	0.954483386436049	0.164413108518682	0.98068831111308	0.991365497596582	0.775897570289394	0.995234943745864	0.449448282048982	0.929716248262327	0.778814301488786	0.970641962421712	0.281449781842152	0.979567762469674	0.949832561909434	0.921313319202319	0.976519222819347	0.991775065933575	0.857582276190668	0.46280320837473	0.697153063828236	0.96897050255702	0.559920945922922	0.930208097015695	0.796937921911173	0.768027223817038	0.99276371971774	0.921744249611034	0.937457651479375	0.733564388606087	0.674969497888315	0.35637408445397	0.998767752071717	0.794868069805873	0.575413077248976	0.972965844652512	0.999598244327712	0.982301584166239	0.997228336186517	0.999023743941982	0.880190792581643	0.94908418422554	0.914262848394168	0.998018999594795	0.910739922349974	0.804934089402754	0.978770390795622	0.977262372263566	0.501527039568042	0.977716117097933	0.990596032421298	0.984006448328525	0.249626570600123	0.923936267627129	0.574373449662133	0.511945440682274	0.998965115777672	0.984351836600231	0.806747846529653	0.124861265260821	0.98998614153516	0.99390314045784	0.613071822743637	0.976132652206683	0.97075869575076	0.555769966562973	0.680188881734278	0.980200212615167	0.765317360641484	0.522089153130601	0.760463719679365	0.496910766737567	0.99716826383493	0.974095238095238	0.78114450117244	0.534456887428725	0.971478377753975	0.937722570798711	0.903203302133597	0.99864962189413	0.900274473924977	0.662373862112765	0.981146722856826	0.676296660284325	0.925762429892687	0.494969756820146	0.441008481830208	0.99793089178564	0.78052792355291	0.268899049913753	0.983148464163823	0.971830985915493	0.98214008730528
"SRR5928250"	0.519989530851273	0.807839388145316	0.849171068458763	0.910038592911325	0.880817112166651	0.990938583734198	0.970644945500334	0.464560726313095	0.51780171626803	0.99118619170033	0.596216766104864	0.664735419080726	0.748990930243601	0.755864423311387	0.776672611464968	0.806202813535386	0.365634727215694	0.843179993116898	0.842676711721693	0.916235407389578	0.724892305093336	0.978649882759472	0.841424456664048	0.427366118510996	0.150114716486398	0.723692456013497	0.858198580522426	0.905531385954009	0.992954645530603	0.383082648472631	0.993605394721544	0.731288343558282	0.935166483515359	0.942534094882853	0.69634904753497	0.479615831373771	0.625152684809694	0.743677181017334	0.870360329274905	0.985544609152012	0.957287644787645	0.661324620092319	0.978641019235573	0.376371043560013	0.876220028208745	0.570529533399263	0.623689927207592	0.810993548387097	0.857010963646855	0.57409742792621	0.940215823186566	0.847525791222242	0.580016450309337	0.103760168382729	0.983666758015895	0.873073530174874	0.689150992776634	0.979382679053042	0.383154093727922	0.375987210231815	0.445046639383549	0.479211535700367	0.708479611126114	0.770911643141231	0.855043515480097	0.904674357677989	0.530009638131955	0.546267087276551	0.538670140642863	0.487453787461653	0.901726735427048	0.735131941709334	0.667804323094426	0.883473329409876	0.867094486194376	0.910082723894017	0.695889053987122	0.321629678701557	0.995465138250299	0.793929775838127	0.911475802587446	0.511894719082166	0.762628549252959	0.430755927729486	0.688293745682555	0.663321993023556	0.954896758565002	0.960218501365634	0.68324269337611	0.776272014162317	0.455244934598615	0.594070922928645	0	0.776960054451865	0.749639522635933	0.787234042553192	0.634694491823016	0.97742261303547	0.90768138241212	0.523959978936282	0.915997529339098	0.962452761184932	0.963298435478179	0.45839849859243	0.993220764547109	0.403728828021673	0.430871691114483	0.339418752936439	0.529908886834808	0.689552011280703	0.802731025722452	0.380097879282219	0.686663095875736	0.437235258522154	0.601476287137848	0.439993302356733	0.842944074181397	0.995367472142231	0.569892997294465	0.660045260246417	0.393283489611302	0.803631676712536	0.528614502791295	0.553744757339724	0.893262724330686	0.527616907252139	0.431861567830531	0.574660633484163	0.757985041794985	0.805211281350639	0.525335574877197	0.63883716118353	0.454376091597128	0.553968070337807	0.928283230096039	0.454362538869581	0.548669359014187	0.934426229508197	0.863313990973565	0.911420512512753	0.979700457977472	0.383750375552599	0.814296241709654	0.676434930201947	0.946692279985592	0.974330900243309	0.300489448768354	0.98716882499703	0.60235502526963	0.813418217433888	0.408406158967957	0.914341262580055	0.674016428880242	0.937929775451835	0.872844944797955	0.794114330815199	0.943572721786361	0.964298904345685	0.65168274888209	0.816785285417216	0.288206295032234	0.852188042808315	0.502284919531095	0.831124005802611	0.482516261404811	0.335739473138353	0.979877515310586	0.688660442672821	0.849755035383778	0.580683547806836	0.313370192501715	0.736575337610321	0.998188107395816	0.422528320349253	0.443236714975845	0.927420303493707	0.958630588036641	0.921373700858563	0.964806533151857	0.873633725476567	0.70386531986532	0.884744548426096	0.775194469950278	0.992213989702374	0.781114965024125	0.480088327114901	0.967495163410276	0.923728331912475	0.520101400760506	0.899416504584607	0.96263763454163	0.746782496782497	0.507481775163064	0.784859785925316	0.486431456323642	0.865662671898752	0.997955060009251	0.961040255081706	0.317405880312897	0.514691448901975	0.955424208841276	0.987867862015202	0.485418345033951	0.939069960556363	0.94212257977715	0.525002372141569	0.355756602947614	0.922670509125841	0.364375080613956	0.647931116957666	0.631491414078417	0.523127968251903	0.993269655664706	0.909565959262024	0.566872135293188	0.323337641821054	0.92341894648742	0.757601713062098	0.655155304157984	0.993473895582329	0.659930598081241	0.38931460195828	0.948640665501236	0.421185413321975	0.841614205004035	0.22956598369685	0.588690958919433	0.993243924573964	0.468722310827574	0.670931537598204	0.930575436587461	0.921199857159862	0.935429567726808
"SRR5928251"	0.946664342672883	0.856822449405383	0.925695875540592	0.671920792079208	0.928003611104145	0.878229448961156	0.955479199901828	0.640744830507193	0.96655185292775	0.995958320176824	0.997021449432335	0.909721451559205	0.88040999148141	0.907972207495047	0.527574323311916	0.884894644815221	0.82037868780273	0.375298804780877	0.956685837526959	0.980970266040689	0.309628637059724	0.988014458748177	0.986754582159352	0.996872938704713	0.783517298547184	0.74632037031904	0.1484	0.937089400865853	0.996413589932435	0.894864812293328	0.751367218915876	0.912874011234667	0.977059478292616	0.979624499846106	0.969534725887942	0.933832388552016	0.968155535070812	0.32319886064584	0.783935540020775	0.932368975009446	0.971041745016924	0.918123248490452	0.995916283818275	0.795582152600546	0.886015064887921	0.9291074564905	0.58981020422891	0.880369954187916	0.969505847774172	0.351150134536406	0.933070022350816	0.995383052725538	0.594010497066996	0.790176272529214	0.956934806564017	0.864404820391296	0.689967946532088	0.971889933472843	0.776280323450135	0.86993370094621	0.948180426333765	0.629741749239292	0.443099919921701	0.994788978816066	0.766825270221953	0.868262827253364	0.931442947743592	0.834573854701751	0.925092076683351	0.630649197703518	0.956305615219393	0.749859723936707	0.907520128584823	0.881962202039797	0.638013224665539	0.990191791091398	0.865829626710208	0.926248607030696	0.997692973180813	0.845523842415571	0.978643686774073	0.882422289464377	0.892246294184721	0.856607847768143	0.955960293988463	0.825902005032034	0.920416284052648	0.996021632373967	0.64902934537246	0.99683395582379	0.94635027082796	0.896040259568269	0.776960054451865	0	0.929808431828428	0.622722242714865	0.933420291498894	0.989117930541305	0.967856034750233	0.91694648478489	0.719068693477006	0.984876173671939	0.932516855322571	0.802385841400215	0.995074049195535	0.844987232725491	0.954270790659566	0.699977841790383	0.865492841862761	0.607644777395998	0.428730084148477	0.924593419062027	0.595566764003186	0.737077953769023	0.734414405920758	0.733867061013233	0.602927397503102	0.996422411039417	0.751273088592771	0.967913223727177	0.996054728003844	0.591234926038695	0.741219357349116	0.985711939563147	0.987502706715748	0.892539641278919	0.869692532942899	0.428459800574156	0.912754583443135	0.851560319321163	0.837456227411472	0.968266789753058	0.996398763900041	0.952552696962411	0.994412220231407	0.79282835417792	0.728354336545589	0.97287307354968	0.979625227672645	0.981622128457571	0.987234042553191	0.982242240687531	0.929760713310891	0.923169563432325	0.971053454204439	0.970603046707793	0.906453375726564	0.955543120064665	0.973007185673331	0.890187961512643	0.857832427214064	0.941255332114564	0.96670266597095	0.987596411144341	0.958954891900709	0.991412156032658	0.979043616537937	0.981949458483754	0.895398747847008	0.773817674320624	0.888926190590379	0.937490581391844	0.97065670986163	0.802225179061801	0.926096393734146	0.794406268225271	0.995914980532329	0.928019070876214	0.994428655842877	0.672838906483766	0.93812171224851	0.989994146994063	0.975771861354766	0.935183638402978	0.964630668751725	0.972907775097421	0.956735610365861	0.693983236346164	0.741365864527629	0.948489962815077	0.34552109346703	0.949502190362405	0.848849465456586	0.995137244865315	0.815892080849729	0.611956660758985	0.95562424547951	0.965499438151061	0.990932951562873	0.885138176253488	0.988634198996762	0.874867569158328	0.653690103230445	0.952194335584647	0.957563312799452	0.801416562889166	0.960963676009147	0.9875155349678	0.910907637526343	0.862155450707723	0.985431050864635	0.802625044341965	0.858618166970073	0.976763005780347	0.558867454243957	0.975888730324395	0.929580759872731	0.9819932474678	0.837371407841206	0.983514752721291	0.713938897121418	0.997221860485306	0.92214699112869	0.861233350935868	0.686034875550919	0.860051448740702	0.83929867340126	0.947606727037516	0.480481667864845	0.995522578994499	0.918632615666514	0.870863970588235	0.988471539112183	0.814494144330796	0.893771303472293	0.797885523971807	0.92080797009258	0.793834954217142	0.975569860700718	0.93119802277813	0.537601797247964	0.941743947221012	0.978101048021273
"SRR5928252"	0.719253964477454	0.959805648753885	0.966113627296834	0.987049905243209	0.995234702398737	0.998928354547944	0.998645075285736	0.640047227117948	0.728677235846292	0.998010746819014	0.672547718490183	0.928447193522006	0.939126244779955	0.952568987414848	0.713109663277111	0.988404562449714	0.545003161379105	0.951175066601963	0.969247953230272	0.987089443081126	0.920677589656358	0.995796430610732	0.967441314553991	0.787254923341984	0.738984629715883	0.93335636154289	0.939357306682785	0.979690706887499	0.998804907197385	0.904048922209769	0.997253977255768	0.957578941224537	0.704613787285588	0.988830573003615	0.41896855088061	0.65803435829668	0.911149101326064	0.900061540595124	0.989906472821558	0.996743598210118	0.992791572428974	0.985922750802239	0.995835210735901	0.60506747964457	0.973565549326017	0.895915156591323	0.879169193450576	0.968062704726252	0.974063642356325	0.88261711343087	0.988350073111681	0.968845331603853	0.654366513426916	0.731530766420114	0.996799051570836	0.983812781109445	0.90833878558916	0.997970769416596	0.890110610047716	0.766687204764839	0.797914789548204	0.565672395479636	0.913505834177731	0.261065888496391	0.979525317908461	0.986478796294189	0.906511790039469	0.919171473872415	0.633737634740354	0.92992538047219	0.985365209985245	0.937095710334772	0.452621941915467	0.982782206707864	0.967769598289361	0.981277253675094	0.938142418448346	0.835425507162879	0.999121758434778	0.951681086408937	0.98541080421734	0.674191232159895	0.344770181869339	0.517950768280161	0.934741651358862	0.940599601459821	0.993097084237144	0.991681435133278	0.635071615638569	0.451269077952762	0.840282845308694	0.297926086646659	0.749639522635933	0.929808431828428	0	0.967278374417638	0.930194446704402	0.995177003954857	0.982241605725094	0.877695656575883	0.998508353221957	0.992388893602065	0.993478287027567	0.87932068803787	0.99819591398898	0.889462163852408	0.865789444388783	0.818816929605956	0.54711635871368	0.860419618160966	0.942865925508479	0.8280993156204	0.902476635027142	0.838958383324118	0.961394849785408	0.850945618596795	0.984777647293435	0.998854761875754	0.662397789642684	0.921153622514246	0.814845981796842	0.954154232083387	0.835786429991366	0.685198773684475	0.979590854392298	0.8881032686037	0.81940091090756	0.817442221046679	0.304824072599904	0.955565306758739	0.641062069230326	0.920573053829137	0.846979427451834	0.799783474538393	0.984253661800196	0.736601049470715	0.763493836708583	0.990108468263661	0.976216242214366	0.983665184612411	0.99669353172143	0.83940315869536	0.974088314665775	0.391100021801797	0.988593936904172	0.995469138045914	0.868044951719744	0.996961622397183	0.647663435128384	0.959156313204276	0.870194707938093	0.982941155359899	0.329278731360094	0.988272068622937	0.971665956540264	0.956442398292046	0.986719231529614	0.994875593496132	0.918030910131654	0.325537678177593	0.819324141659908	0.982156470364018	0.731077951881042	0.960253670321502	0.88228553453467	0.86389535528212	0.996078288087496	0.955665660847002	0.964593567522477	0.830712050078247	0.808877250121033	0.553304877949254	0.998810115964928	0.877465579006431	0.744019011850579	0.985175737302514	0.999154346368063	0.989391964639882	0.99755413777588	0.998706046000065	0.923452484742807	0.970668717067324	0.939414985544231	0.998147041971937	0.93844297947533	0.873748862602366	0.982255831609033	0.98700119474313	0.694634267192435	0.987039239001189	0.994238553074595	0.990513610137694	0.468213933171145	0.955805053485799	0.740069120586276	0.445097153185721	0.998693810527887	0.990693572530954	0.885265490570957	0.374852451775529	0.993223796859631	0.995147126072065	0.74554084892743	0.986248579761751	0.977506357193096	0.726121037228055	0.807778264914401	0.988714491125047	0.86330065798308	0.688013714497521	0.838713914208411	0.692277509886729	0.99822034253172	0.984656901448285	0.864947820748926	0.707352358303607	0.983102954636127	0.964875862475674	0.936793436892109	0.998122889774625	0.943407894890375	0.796018792487247	0.989890439451472	0.80150270113634	0.942715210966484	0.679838308093383	0.647451503966072	0.998580388415039	0.872932101897899	0.517202114680764	0.988015705819186	0.984175039502093	0.989774952258938
"SRR5928253"	0.783292728248751	0.942987457240593	0.549326652051362	0.588489564036063	0.901399962116646	0.659987856709168	0.918170373478808	0.655172413793103	0.812544789348621	0.984983481830013	0.873559389780827	0.545916591241384	0.459551325628824	0.618536309692003	0.793148535564854	0.785441883601393	0.86288254402462	0.427469406360672	0.716141160386226	0.848670756646217	0.556856146511571	0.925940955666024	0.697159893299859	0.846873052150426	0.776168204958404	0.825229230341762	0.722055506115607	0.67647577092511	0.988269794721408	0.613513652491387	0.606843699875245	0.49420937097873	0.988750160682371	0.946155981126839	0.914082108282539	0.814909492883792	0.720215327950135	0.58734301092807	0.529631223991964	0.793534118259286	0.857436198298621	0.707392514692236	0.964607264824589	0.790800933568623	0.92246835443038	0.62370258539347	0.583710407239819	0.469983110701674	0.728804298333485	0.577338907308635	0.72896174863388	0.756476683937824	0.674203763842104	0.785691971258982	0.820611970410222	0.480266212660579	0.422628653397884	0.912538699690402	0.570181399968634	0.651448286929311	0.760277269664003	0.672200735779643	0.631621911922664	0.946889173562303	0.293364218558387	0.635254413291796	0.67579049584269	0.456631259484067	0.817937563971341	0.552025999895162	0.741497845815382	0.778414380863711	0.833714185269819	0.611570247933884	0.299186710503547	0.842446530533243	0.542663102376996	0.732629332135033	0.992443324937028	0.952694102672889	0.8347347057118	0.704788963817478	0.800738805297775	0.884086496263	0.726864474739375	0.653508771929825	0.727545727545728	0.936147908129229	0.708682347159865	0.935076127549555	0.753250412591072	0.945159672295603	0.787234042553192	0.622722242714865	0.967278374417638	0	0.619285977180714	0.959931310818546	0.883780453123519	0.637447533304946	0.435161246428085	0.88883364820523	0.810757533089271	0.433504966973527	0.985389271550824	0.638736102984201	0.693467625899281	0.423003113139153	0.837038553045614	0.675178842401908	0.349747424525675	0.698491974979392	0.41555073757599	0.667820660768475	0.290176419550757	0.683922462941847	0.468104222821204	0.988363636363636	0.55770228963608	0.706708037825059	0.833146696528555	0.396305541687469	0.661116841019596	0.850763937701158	0.783204959609243	0.548752159151826	0.760419457307972	0.526944175540497	0.881637913705644	0.406433368681513	0.68297604035309	0.754448124470461	0.805830243098476	0.881390158359018	0.887091038406828	0.589384946886932	0.49961275132439	0.853363272478766	0.777445855115758	0.867946480511926	0.935365480681007	0.793746312684366	0.744952178533475	0.887329973340598	0.923561936172277	0.881280348825686	0.672390590515153	0.986075345731998	0.860161688048194	0.553549854310284	0.62637859849556	0.755094712272197	0.907357396917402	0.882586275287584	0.770227612560226	0.728334357713583	0.937347617288511	0.918157017277963	0.555451127819549	0.895963078718813	0.703411418011088	0.652809184205949	0.825904650090151	0.813077261398622	0.621089503563232	0.674926785312007	0.966642494561276	0.554454666981206	0.782219656516092	0.521923051097831	0.810200759631036	0.917726700880644	0.993150912657512	0.694688952625853	0.841122781268633	0.783535154416596	0.948731419388733	0.572397186490083	0.577585600787457	0.934880268760498	0.383155705744736	0.883133133133133	0.950595655220743	0.985172809856949	0.683945379822352	0.674069591527988	0.935867737861896	0.83620842966388	0.866257166257166	0.666838399450455	0.933788326372619	0.725180909016993	0.727203174207782	0.637012169534201	0.844811520542143	0.870485678704857	0.94338862013361	0.963419077461196	0.635955514743394	0.90896889175827	0.926816941271606	0.677973428629067	0.729296959240889	0.86485022060531	0.808831719931044	0.819772043691626	0.706879361914257	0.845735907635587	0.681490242460083	0.894024421195116	0.653773381553421	0.879555610216046	0.867880364109233	0.56049979846836	0.487621608795381	0.761259045879295	0.527725563909774	0.56126834806585	0.661650814217144	0.985814123291958	0.573337359402129	0.627180731718485	0.85390625	0.510259804732749	0.97052300868601	0.793945866568768	0.766678000680041	0.747274749721913	0.75861431301239	0.818591136357687	0.814166616201377	0.934946905194681	0.845974329054842
"SRR5928254"	0.63577425868849	0.915660511363636	0.510918215109182	0.829735988883742	0.950677753730493	0.829363784665579	0.945700695206733	0.791334648594635	0.660604338353699	0.967320261437909	0.75665028631767	0.146140116019634	0.335194930727097	0.47676144798447	0.905229401345266	0.776977337535645	0.754369422461694	0.800259515570934	0.509200507614213	0.715400410677618	0.770107840934621	0.863167339614177	0.585953450387913	0.569623908178734	0.611555271293039	0.88485050572413	0.964538676607642	0.56713157452529	0.973005543504459	0.419276765375854	0.950388418079096	0.259344598054275	0.984701804708976	0.892421441774492	0.827558954748247	0.691282007728566	0.215276981305196	0.78639586331894	0.672326970371238	0.955684780429116	0.724937862468931	0.688570290720828	0.919793621013133	0.725643181436018	0.852434331604484	0.309582777671938	0.930301566489545	0.40133735413662	0.496237907560014	0.705848136381941	0.654900555456011	0.513773340728416	0.815337951016343	0.689534387014097	0.906418346929352	0.557357437192609	0.579395588148323	0.816892849908852	0.40626365622724	0.581502534951605	0.528585365853659	0.788731252533441	0.777802640411725	0.885538602555044	0.576247440456946	0.716455190328704	0.345188662213396	0.263452509931383	0.704233520201044	0.835356046205586	0.555716878402904	0.889771134983652	0.821753546231895	0.556099668731096	0.862288490534428	0.670044588569112	0.307983890073442	0.414059980651403	0.982562363768467	0.933714795273835	0.654405820533549	0.657008482405308	0.862743532417758	0.796446984284738	0.286098147362466	0.662860629303582	0.704472271914132	0.868472712995681	0.824028448056896	0.887723604447916	0.624768566138655	0.87681189345447	0.634694491823016	0.933420291498894	0.930194446704402	0.619285977180714	0	0.92799527837891	0.808932038834951	0.379528985507246	0.75545757608345	0.789179905538858	0.771221926151504	0.410037604859705	0.966531197704996	0.378325207424515	0.39311957247829	0.548476454293629	0.757850994360344	0.801330681790283	0.682200384966062	0.464135575407252	0.6217170602516	0.546727414157129	0.623509480680263	0.447656700436537	0.815295350149085	0.973497397065783	0.721233648690187	0.231903649993855	0.518979215151272	0.586221037523067	0.633730286449952	0.71200073964497	0.631789594053745	0.31044776119403	0.634442836468886	0.742489540407059	0.896958520689133	0.48868053967528	0.690057368641009	0.182225738396624	0.574373974459585	0.721307166637463	0.782868866472901	0.61337513061651	0.696502976190476	0.689925681255161	0.552418595896857	0.750152594099695	0.885260770975057	0.436412431824085	0.511284574919396	0.837008045227223	0.9010183299389	0.758738277919864	0.447715890119897	0.971293747542273	0.749380584127938	0.456411439114391	0.33577593225859	0.581533101045296	0.868640315205408	0.747278548559232	0.706582316613948	0.36661101836394	0.901425762045231	0.860827034237439	0.243340002105928	0.940315964878549	0.502940774175899	0.44843416953599	0.61159891598916	0.891059080431882	0.296531947307106	0.388524722829166	0.924306535025858	0.298988794752665	0.631634945028963	0.698691926026161	0.500268590284706	0.858767178477103	0.991895615528001	0.509680901302031	0.607900512070227	0.626570232204035	0.976432508976888	0.832209593527259	0.817769718948323	0.969125963448984	0.794695984552942	0.834671705243269	0.968764274682966	0.966969842029679	0.795328533079104	0.703952840765253	0.96101165930885	0.824867453394903	0.674885652699648	0.758283976308628	0.860117700316886	0.671304347826087	0.83946145972758	0.432520507922238	0.633298555817912	0.931558185404339	0.966313205359883	0.939692455550216	0.425614306836584	0.864010475121586	0.838896306186026	0.952150170648464	0.74174212070543	0.876595744680851	0.966319578351973	0.660274799939604	0.536006128702758	0.742868785656072	0.366692728694292	0.774732220078504	0.774825328712109	0.686637885648099	0.990492897968423	0.63317156722809	0.628299894403379	0.657952919755495	0.711222689645814	0.381130986728217	0.713375350140056	0.971824259789876	0.159785932721713	0.503771289537713	0.774839909109688	0.563948223512491	0.982285622774924	0.704119850187266	0.713631252342676	0.962651496413554	0.375092387287509	0.791415157612341	0.948663343905754	0.87218045112782	0.71914022517912
"SRR5928255"	0.979255488386891	0.805661070947188	0.881498829039813	0.959698387935517	0.991527304270642	0.953749587049884	0.987881083128195	0.987084562712242	0.972683360168786	0.331540013449899	0.985315985130112	0.909230506739464	0.91430412371134	0.905907322249735	0.994956408963182	0.603370786516854	0.9852587244284	0.976819703252236	0.607622617931896	0.814374646293152	0.988555606829719	0.709225092250923	0.914703110273327	0.976558139534884	0.975349639185133	0.922633186291144	0.983122786749378	0.85252808988764	0.906309751434034	0.958154408405665	0.907226512555618	0.910809088978552	0.999138906242086	0.207628955353273	0.990698189469022	0.986892301672699	0.840811965811966	0.987796019177684	0.922737306843267	0.735991849803522	0.756521739130435	0.898871331828442	0.791559000861326	0.936917993391409	0.891440501043841	0.928059499661934	0.970319634703196	0.907161803713528	0.858007260992336	0.975267588070248	0.857949959644875	0.888117953165655	0.987048082775411	0.973703648988034	0.464348850913377	0.904977375565611	0.969578444154715	0.459105779716467	0.946363037545874	0.974427666829031	0.849250325945241	0.981299038404814	0.968591349082786	0.993179603767457	0.93199481865285	0.723139299160151	0.784827586206897	0.954095070864167	0.975573323960988	0.974657210401891	0.825508932280848	0.949459805896356	0.985625506619833	0.874479166666667	0.939784946236559	0.794647733478973	0.913092339389399	0.951833136221912	0.947368421052632	0.84682248406413	0.809214092140921	0.979720921249578	0.991402974911157	0.984602165320502	0.883064516129032	0.822222222222222	0.858464012866908	0.209442491210447	0.985717043041884	0.991988159842131	0.976745609203843	0.991881218699671	0.97742261303547	0.989117930541305	0.995177003954857	0.959931310818546	0.92799527837891	0	0.695163654127992	0.957918609046239	0.964816010329245	0.738906752411576	0.780567178056718	0.957855477855478	0.853703703703704	0.947834187238006	0.952214583568128	0.968555562989229	0.95285578840684	0.967311576485596	0.972113708756536	0.836647141324973	0.966313827308435	0.963209130580732	0.965697484482195	0.946890905067493	0.962604771115409	0.76313446126447	0.98609413202934	0.840683353198252	0.969865355845266	0.96911866759195	0.977475061675426	0.973662906794754	0.80410447761194	0.935803065041631	0.961082430362512	0.979711357456599	0.973971000013146	0.905723905723906	0.979240244637781	0.915197500557911	0.96976360637713	0.977794676806084	0.381646030589949	0.973483371399922	0.956260251503554	0.797817346352671	0.85158371040724	0.741721854304636	0.697016067329763	0.961410984848485	0.827956989247312	0.987595308601674	0.70890979524073	0.78351164254248	0.955533498759305	0.901159858799798	0.978500106224772	0.915963368647872	0.948578276500708	0.840728100113766	0.978822808562785	0.774968394437421	0.719457013574661	0.882230689296848	0.613351877607789	0.760573476702509	0.938692524241476	0.983979756985237	0.959718725583818	0.85981308411215	0.882322277969636	0.958365758754864	0.933962264150943	0.942511346444781	0.789748045178106	0.900355871886121	0.669529499626587	0.965795903025747	0.961724415793715	0.989897775105231	0.989895712630359	0.96877133105802	0.961807382903541	0.816829381682938	0.997047104027323	0.960159362549801	0.947561615102255	0.995830991193554	0.976115650534255	0.738839882384389	0.95987870305575	0.890232558139535	0.946348895418435	0.979631741893433	0.983578685465478	0.806122448979592	0.975499434602337	0.852417302798982	0.770342205323194	0.925204108506716	0.9844028427077	0.659075224292616	0.98226105374636	0.994323326245969	0.935788911766949	0.64872629764413	0.962162162162162	0.99237444645233	0.791516894320633	0.928694125281521	0.981394698188431	0.879556259904913	0.991331380402941	0.915424072527735	0.954780670328795	0.791689750692521	0.952188392007612	0.933009384621091	0.987368800938318	0.984771254169026	0.88563975837452	0.908788111708942	0.974976167778837	0.94510118212783	0.889357712142522	0.899190389135544	0.979102015162824	0.887557603686636	0.92581664910432	0.967758866311764	0.773302646720368	0.97319719208679	0.977790301508825	0.97809980895578	0.984120910656208	0.952237607866747	0.789405517420023	0.988282433751978	0.99215342252114	0.80830343413634	0.764309764309764
"SRR5928256"	0.950323152959067	0.868254739912494	0.716854968872493	0.863126691583967	0.977718683266852	0.914027149321267	0.942798005456769	0.956658239102048	0.917579378249806	0.79021879021879	0.95200815305508	0.770580296896086	0.813864541832669	0.682572976752316	0.98476140195102	0.650399779432038	0.936456731310252	0.916251742680741	0.460220318237454	0.438386041439477	0.967518113717303	0.662447257383966	0.70958014381814	0.927521493944717	0.898257662469795	0.836940110719678	0.969561729014141	0.698799313893653	0.911949685534591	0.878314565928078	0.960550458715596	0.743299832495812	0.99639151436114	0.510530749789385	0.967835530133466	0.946765465802174	0.832834770367764	0.963691201206427	0.777212429583863	0.899394638224272	0.517857142857143	0.701134089392929	0.721498371335505	0.925390464062324	0.718463107786467	0.792280889841865	0.925447402880838	0.706382051840558	0.619010212097408	0.912701289287009	0.64950884086444	0.66708807416772	0.955860191531768	0.90065770099146	0.80294712510835	0.725874749275685	0.911626901174944	0.752761704366123	0.832803441181971	0.937056576314353	0.896588054137288	0.945479702081309	0.892587601078167	0.979201719000223	0.803620054460996	0.817582102394952	0.85749813479234	0.877611940298507	0.918612291383766	0.917496711144522	0.498787388843977	0.856729377713459	0.95042748873965	0.639109291016125	0.832172545495394	0.54899894625922	0.700702922678505	0.808070025619129	0.934126258005489	0.895979272622589	0.492677824267782	0.9351236885167	0.97972800679983	0.935601124751389	0.613382899628253	0.749437003674292	0.718872357086922	0.588921282798834	0.955633841580888	0.978124630483623	0.923817649926865	0.969643565228885	0.90768138241212	0.967856034750233	0.982241605725094	0.883780453123519	0.808932038834951	0.695163654127992	0	0.899300349825087	0.91218266006706	0.520345252774353	0.701532912533814	0.883617494440326	0.863993025283348	0.790179087232813	0.841610738255034	0.895697349140802	0.931884908984146	0.952301366228943	0.899317610439363	0.836560551361995	0.892629904559915	0.877556476406897	0.90041426366664	0.831521142229544	0.882641630214446	0.808403361344538	0.957931638913234	0.647912174083513	0.91342175066313	0.910823630875377	0.934484048522418	0.920843192084319	0.456354590682949	0.829303327747187	0.888662823556008	0.93739783674747	0.973836292949459	0.695271453590193	0.931114451363539	0.656992084432718	0.904380293233767	0.924919159256265	0.639530750088873	0.912753912753913	0.941201140748197	0.469026548672566	0.540623627580149	0.254922831293241	0.657933042212518	0.909101585437463	0.448372418620931	0.95576663407366	0.28281750266809	0.763285024154589	0.820942614868862	0.835121951219512	0.931022794678417	0.752306600425834	0.81721825654337	0.550295857988166	0.972654083720574	0.463917525773196	0.497085761865112	0.733243060257278	0.733725490196078	0.636114911080711	0.835319609967497	0.98443196374027	0.835836354220611	0.593209271955599	0.925262748151031	0.859804109852122	0.825187738520251	0.810320781032078	0.735632183908046	0.710415693601121	0.822976212428545	0.933024214322514	0.84392196098049	0.968253205897892	0.988171148692357	0.893441927547298	0.882854578096948	0.528403967538323	0.989339587442034	0.85815409746801	0.893572909467864	0.984940252087085	0.918714471151694	0.778513710425222	0.971632857442299	0.851138353765324	0.948347500203677	0.944830387974812	0.9843669700436	0.471362504446816	0.945573975602127	0.616318903768296	0.597684515195369	0.778985507246377	0.960852453525373	0.731536755927	0.928039538714992	0.983774551665243	0.975734986498308	0.817700453857791	0.890212232470672	0.966563541170871	0.50480109739369	0.95994517209869	0.941802449321377	0.681088314005352	0.981754385964912	0.907087269054833	0.873455812480203	0.323717948717949	0.809793510324484	0.962406571449715	0.962242631610541	0.951497681413711	0.971574991458832	0.747607052896725	0.927244673906593	0.900554141081324	0.726748211400877	0.685318275154004	0.93441466854725	0.835069444444444	0.798420615128845	0.912712623097583	0.429362880886427	0.914341996568596	0.98423362895279	0.91462281679673	0.962812872467223	0.908118811881188	0.829738058551618	0.973258079688235	0.973871156091865	0.558969276511397	0.356408869659275
"SRR5928257"	0.392949427833149	0.998300042498938	0.517356018382712	0.84453073485237	0.976840512894396	0.798975957257346	0.997094255100188	0.669030394193348	0.545477303070761	0.979849543256314	0.60490592131601	0.302927737349805	0.317057131113851	0.687882180690724	0.844291782004012	0.978144373226857	0.665734738394421	0.762916762916763	0.698405765450972	0.867685137234594	0.689147730227237	0.917396061269147	0.734535829820606	0.350212485784402	0.496761658031088	0.785672095181841	0.931271027220693	0.587734241908007	0.988861916321576	0.39226127085552	0.873226185809487	0.547721732608288	0.977322608817086	0.945304937076476	0.741438722403099	0.588228610385183	0.249632765920677	0.655850589517487	0.87167559027473	0.968194574368569	0.849518354595158	0.900067391932223	0.951952795729137	0.630795667249685	0.898992186615332	0.260635110844817	0.818276160276737	0.474286804694209	0.70791844476055	0.706860294409396	0.661173681090694	0.685102263100569	0.797244429324715	0.585744745659458	0.938616190781735	0.785101667148501	0.410312199564843	0.916056988833269	0.403280270139894	0.475358563066887	0.315376597728894	0.651421259941293	0.74095513748191	0.802973506455877	0.608340888485947	0.688875068024567	0.40855584266437	0.270926058865757	0.582088512831227	0.813573675296395	0.771401243424199	0.72919950954633	0.67668210487118	0.632744717770746	0.7651433207139	0.791474062660503	0.4171388101983	0.288504391139075	0.995990262065015	0.998528600331065	0.822353242758267	0.486275686215689	0.737601510859301	0.689604016889193	0.529471032745592	0.821595588748517	0.772619611558503	0.915702063412179	0.777425161045851	0.806611103263173	0.511525697371962	0.788316043990328	0.523959978936282	0.91694648478489	0.877695656575883	0.637447533304946	0.379528985507246	0.957918609046239	0.899300349825087	0	0.746070928988727	0.870074547390841	0.844104588061174	0.167126243855653	0.976978826204348	0.549123410106566	0.266351989211059	0.336586299272866	0.668071366024518	0.681771251577378	0.658523632501328	0.344064608916916	0.469730193536085	0.542202186840591	0.639250590626889	0.442480826942314	0.798204809015266	0.984180790960452	0.567609622506458	0.423710308434173	0.291152464903689	0.588676008006863	0.497134495793196	0.554520950747366	0.783483520553018	0.119067677618646	0.46472184531886	0.598937736339232	0.830907273303587	0.45	0.523770351328192	0.424219199080284	0.356528955011558	0.560703995015964	0.851315638285649	0.419859461268195	0.533530638326495	0.846973239802546	0.761968899228603	0.868194104775389	0.946310572687225	0.208191600138841	0.805190350977478	0.748996806158382	0.938948995363215	0.854492446329181	0.322854291417166	0.978589420654912	0.607554591075546	0.496789866389033	0.198599365750529	0.716080986734931	0.813003798360346	0.857010213556175	0.792900031602233	0.572591587516961	0.927570518653321	0.940968443960827	0.180957007529755	0.891179373110481	0.377431906614786	0.758293309505194	0.451182876455126	0.768045417680454	0.229857989010205	0.502596804943791	0.954698930782217	0.622886354699174	0.724741447891806	0.489959986784626	0.317091595845137	0.768029958764622	0.992081941014093	0.385868642869265	0.417488835808495	0.759003453379378	0.998327248162386	0.82759141734663	0.787806131186847	0.99761576881179	0.787538521483476	0.870228439616043	0.996764085444529	0.984926052332196	0.775056774284176	0.585445009014916	0.968988082066197	0.91840018388691	0.497691428571429	0.91693220525217	0.937568756875688	0.903424236210785	0.741063774274106	0.629881732323662	0.483883218609067	0.866959541120724	0.964577572010067	0.957595276435856	0.327079791288034	0.806868629470469	0.935764833968427	0.892517260682963	0.655813145784492	0.915750915750916	0.956412543745282	0.493816837565462	0.412463548979371	0.890749806750837	0.397424295161852	0.647344756349496	0.645633544174658	0.503478579274991	0.99347137637028	0.77525354969574	0.390088386614485	0.557193009528953	0.605203951873227	0.695278969957081	0.721780098045457	0.988923601249645	0.508129321622127	0.292007878096818	0.861208576998051	0.357562306376289	0.998167343004367	0.604055729812532	0.483789316955146	0.973308957952468	0.206316712969732	0.611229526587391	0.935012980380474	0.918816388467375	0.859154929577465
"SRR5928258"	0.881591490642717	0.906277773289165	0.70751826537827	0.334564998320457	0.924145239556027	0.437525887063372	0.923534984436324	0.868516765482537	0.926125882935169	0.991934069787831	0.989975132110662	0.678872680361219	0.636415963161934	0.789868287740628	0.882889473082638	0.751800411522634	0.935666060763438	0.675648908513184	0.841714979102063	0.903058666220959	0.725007488902808	0.923891581403698	0.933806146572104	0.996659093946278	0.908427672955975	0.740850642927794	0.79424522517203	0.709796149490374	0.985936906119346	0.767825341336323	0.830367285119273	0.647731092436975	0.99578689292767	0.973938371914763	0.971590063959542	0.921093179790771	0.89300244100895	0.749475809582977	0.245752175714878	0.777036168485614	0.835044605285306	0.778857275040481	0.992560907569277	0.899896265560166	0.856699576868829	0.789509947463612	0.754806459882082	0.51304347826087	0.86437640029873	0.568664222998892	0.686585001493875	0.988040478380865	0.879225453180544	0.915671002732129	0.812352168199737	0.444650301065308	0.51448229941183	0.859504132231405	0.675941521255811	0.754554263565892	0.868874332848132	0.874285114644	0.58449628732424	0.992894540014959	0.437066974595843	0.59018162201043	0.858912312361578	0.565838050701452	0.919489954777967	0.638699208978433	0.76928884191454	0.660018600806035	0.901712511521855	0.567279046673287	0.415830204582024	0.962626095584587	0.634746206174778	0.865650662129171	0.986264784433422	0.924365133836651	0.90166639168454	0.80133991254463	0.926692573571052	0.973522259914142	0.937927663734115	0.81725726998252	0.62524242876324	0.993555662961173	0.903910283328805	0.99344154779472	0.905239091307097	0.998910037744989	0.915997529339098	0.719068693477006	0.998508353221957	0.435161246428085	0.75545757608345	0.964816010329245	0.91218266006706	0.746070928988727	0	0.906082134811991	0.705669860216743	0.631483836423265	0.982250755287009	0.850671665104655	0.855603942241577	0.724260293273496	0.915869321610206	0.879887200076474	0.652841045312875	0.835955193732019	0.802983833238031	0.77845220030349	0.587849331713244	0.789497510185604	0.261203963910664	0.98539052256977	0.818833903658858	0.944216216216216	0.993959039339915	0.404471544715447	0.669232788032543	0.968960211035392	0.920125786163522	0.677037510997361	0.875383418028659	0.716916904747432	0.931867721243072	0.582716299827569	0.806007144419334	0.96665516844889	0.984666226040978	0.972432229230191	0.98506176386096	0.778048450399242	0.804594005644268	0.869397347658217	0.907874260815437	0.935965494359655	0.917436175991309	0.952779532533165	0.782472166714245	0.9504065558457	0.921633737340196	0.851162790697674	0.865509761388286	0.942571382481045	0.96576699938741	0.67583035258048	0.761552818215752	0.760396906464322	0.965628432727402	0.946533287340462	0.93266253869969	0.972406025622976	0.974267488377122	0.914097308857601	0.64392082940622	0.964744276900355	0.874038767079758	0.698003327787022	0.935899401932219	0.705002137665669	0.777053455019557	0.830438010393467	0.992547046767282	0.758984699323924	0.987463435018805	0.830980392156863	0.957579185520362	0.982704024808368	0.984878445969524	0.880020080321285	0.96437746189416	0.846081356997016	0.964191157002912	0.303349282296651	0.191305222904297	0.954169508867667	0.614873537183843	0.94528979312703	0.959011171048719	0.974295974295974	0.866494191154935	0.705812821582534	0.955333317306536	0.895977011494253	0.981722459521208	0.55	0.951184234315675	0.669287407962062	0.89406167536645	0.828605673192169	0.949492858621403	0.96220967096856	0.950134682346758	0.992158524954964	0.812353094802821	0.96434134095615	0.933654360620653	0.865583796402854	0.784699786650412	0.94625275107147	0.859175524436196	0.95157754265561	0.876259164332121	0.893705364557382	0.857889733840304	0.972413793103448	0.726852963941602	0.998010643059631	0.815587734241908	0.427762039660057	0.57	0.89520264681555	0.393539259608583	0.765568676196395	0.691504060930813	0.968685153744577	0.708291485325299	0.733492850225033	0.92072556264696	0.715779945690435	0.976230404666424	0.925536472329322	0.854640980735552	0.418632460050005	0.914718941107481	0.89391124871001	0.784721454931165	0.888762769580023	0.86595531843948
"SRR5928259"	0.936690647482014	0.998448810754912	0.709232769830949	0.928168432640705	0.978960647865543	0.853189853958493	0.983624346453586	0.972733162446128	0.95496417604913	0.847457627118644	0.963688077743541	0.794334069168506	0.804599688742867	0.786192388602027	0.98650557037502	0.937480063795853	0.976000305728589	0.950592078399347	0.592939481268012	0.496274217585693	0.969201995012469	0.21505376344086	0.796281749148992	0.939370460048426	0.959170277011947	0.906747120131651	0.98745938261576	0.570780024762691	0.8743961352657	0.892585551330799	0.963299874529486	0.739028944911298	0.998639602358304	0.753453772582359	0.980726671709107	0.969232306078617	0.811211712579464	0.967107972933216	0.776890840151666	0.912814148309029	0.210769230769231	0.808739076154806	0.535326086956522	0.95688174915099	0.808901592486729	0.839598278335725	0.95548663686947	0.727250548914369	0.528724440116845	0.947930503161362	0.528494885533366	0.664008506113769	0.97249692496925	0.960869127854341	0.791175479959582	0.720150187734668	0.916448695912114	0.672107877927608	0.90315624387375	0.938746171635727	0.913058158183506	0.970069002598799	0.932534151101199	0.985298634288171	0.805599026256303	0.848788767165561	0.91682119205298	0.869899311075782	0.949411290683619	0.960788177339902	0.435923309788093	0.916997617156473	0.969441027743611	0.669106881405564	0.889417360285375	0.462304409672831	0.803011803011803	0.913699864803966	0.953410981697171	0.998791419075436	0.402816901408451	0.944888100167603	0.978225390826319	0.973282176491106	0.800733841377364	0.890497168030208	0.576139670223084	0.598978288633461	0.971485966184923	0.983084577114428	0.949359135461171	0.985969444568171	0.962452761184932	0.984876173671939	0.992388893602065	0.88883364820523	0.789179905538858	0.738906752411576	0.520345252774353	0.870074547390841	0.906082134811991	0	0.640787949015064	0.890291262135922	0.76793893129771	0.906161950263384	0.907907196969697	0.932929348574577	0.962535640872621	0.969626105421606	0.940298507462687	0.903385772913817	0.92340367223897	0.921907394609537	0.905406548777392	0.885754092650644	0.936944037833577	0.822349570200573	0.961943225505806	0.769581254068128	0.929474980409717	0.912456092947852	0.938642226002964	0.955479452054795	0.493891797556719	0.857796998219283	0.934309963957679	0.964190934503379	0.985061604357252	0.785741663472595	0.956741104725135	0.848126232741617	0.926971112594146	0.949844559585492	0.725980180956484	0.94408307657195	0.951610140459061	0.264437689969605	0.621288515406162	0.440519105984138	0.405895691609977	0.879346877726536	0.604228329809725	0.973670576044463	0.562952243125905	0.360824742268041	0.920621761658031	0.906290115532734	0.951622674167027	0.780326594090202	0.888508110578021	0.494575045207957	0.984980984923071	0.325842696629214	0.72420443587271	0.692120227457352	0.820746527777778	0.552577319587629	0.831127492042218	0.991607307743042	0.929872002884442	0.565149747180086	0.933923066613055	0.92152704135737	0.853492333901193	0.891040887982784	0.556473829201102	0.769920844327177	0.856418576353681	0.945826741454528	0.935178364726928	0.977837181044957	0.989692671394799	0.9311199645861	0.922491456974216	0.35225955967555	0.996020863580147	0.926758097461336	0.882175226586103	0.994464289938729	0.948830610096572	0.842425960039677	0.996560254446931	0.858461538461538	0.971374308441826	0.953654188948307	0.990595089471494	0.632600258732212	0.949267411088879	0.721956601691798	0.489887640449438	0.877224199288256	0.97901683729588	0.789610873207969	0.958046720697405	0.988454307667157	0.977830316654393	0.898665554628857	0.895269320843091	0.987583113033726	0.523809523809524	0.96414713642713	0.96031098015549	0.762024048096192	0.99244919753922	0.93084878526406	0.935893210283454	0.444927536231884	0.920080170362019	0.962840129644984	0.965941631633461	0.960170697012802	0.98387895071767	0.720529039677976	0.931658414328504	0.942166948154972	0.745899505337152	0.760282021151586	0.955337168424417	0.863636363636364	0.775925925925926	0.922552664188352	0.246001523229246	0.926664480157429	0.997939445453258	0.96301578246815	0.952448371820534	0.910048266783677	0.893366228070175	0.966523194643711	0.986851176992022	0.652686762778506	0.221812822402358
"SRR5928260"	0.920181291703387	0.952712433989438	0.654131952263004	0.725295688668447	0.966547384504041	0.444027517198249	0.979129786639337	0.954289830179793	0.979650203497965	0.909529553679131	0.986445991425015	0.739389920424403	0.789622197836652	0.733562231759657	0.975840373898975	0.845617796837309	0.976534768150058	0.889241133346543	0.620996441281139	0.752321981424149	0.940323172970988	0.660550458715596	0.919365798414496	0.98241919238165	0.959444093493367	0.748392415498763	0.945383615084525	0.564094070884399	0.90797041906327	0.871356603094638	0.930338673697019	0.706967213114754	0.998607556747337	0.767554479418886	0.98908880500372	0.986127952660426	0.793675479523069	0.941710518706991	0.71856607811664	0.824481681340528	0.492616033755274	0.896978917626603	0.863363363363363	0.935231130843562	0.609852216748768	0.696801480306635	0.869884938143438	0.69542066027689	0.691320754716981	0.884225163516506	0.492638731596829	0.911182882519176	0.95791107016438	0.967672624279715	0.61234221598878	0.600087126987584	0.855763039278815	0.629925187032419	0.84645304686053	0.894546550165713	0.887969139275094	0.950928887975817	0.850374732334047	0.994012339435623	0.682369623444147	0.792284866468843	0.966854898109502	0.833251473477407	0.924301225308507	0.857807556300019	0.575640031031808	0.745383522727273	0.952341249562949	0.643480428820743	0.742171885409727	0.831168831168831	0.697640653357532	0.930109797297297	0.93984962406015	0.962565320665083	0.750992063492063	0.931041088018389	0.972224578068018	0.976423153146997	0.839091568011597	0.90165086055497	0.273890142964635	0.91581868640148	0.953674735166584	0.993313141643394	0.976744186046512	0.988966547980131	0.963298435478179	0.932516855322571	0.993478287027567	0.810757533089271	0.771221926151504	0.780567178056718	0.701532912533814	0.844104588061174	0.705669860216743	0.640787949015064	0	0.868759177679883	0.888089528377298	0.924420595958443	0.960636886333481	0.890461701283239	0.943559399180701	0.954072859070346	0.866983938132064	0.864627399934917	0.891521853607162	0.88477366255144	0.837615787354007	0.82517102834184	0.768070064366361	0.913446676970634	0.948305309902456	0.835158501440922	0.976492811417777	0.834686725361142	0.892862836796514	0.979465240641711	0.801295896328294	0.807283045637266	0.902460950668614	0.921405551512631	0.977229800629591	0.70141038871689	0.928684424302022	0.876182287188306	0.974018944519621	0.9548652995577	0.934864586904354	0.905418827943936	0.940287289126441	0.642259414225941	0.864762704745905	0.688350983358548	0.648173207036536	0.914143172061724	0.70145221209051	0.959496493102327	0.69464105156724	0.428409090909091	0.934413429631076	0.831940575673166	0.945836497089344	0.750871080139373	0.822032085561497	0.491452991452991	0.993205717884612	0.752424415288078	0.823577016455355	0.889470241988228	0.868178324365872	0.650063856960409	0.789185072353389	0.986151675253503	0.943370402053037	0.66277233975371	0.928212398504962	0.738655620410469	0.796766743648961	0.893262599469496	0.86232980332829	0.894664842681259	0.952596345214402	0.933348869727336	0.942964649965343	0.987160446509845	0.990526993470063	0.970061390967959	0.92562351543943	0.569336778639104	0.995459946441556	0.712751677852349	0.668024439918534	0.993654792731005	0.896547115170417	0.863844244087286	0.987732627030041	0.886035313001605	0.953692420180356	0.915206925846515	0.983138157785765	0.704974271012007	0.968301323885885	0.604826546003017	0.755047106325707	0.654737903225806	0.965282419786096	0.804591922238981	0.982328686432358	0.982410529309014	0.953782626813653	0.906899109792285	0.883062727353385	0.988283723875871	0.827144686299616	0.945767597087379	0.920597948896228	0.824324324324324	0.967322112732748	0.927850268642617	0.961828463713478	0.799595141700405	0.92773050472083	0.963066715812753	0.939680450002992	0.988668907981571	0.944229594952168	0.551300932744232	0.881097021527573	0.936230444499628	0.519945909398242	0.8985	0.909395973154362	0.89171974522293	0.763222131814483	0.899022801302932	0.733892090099528	0.906192790859163	0.99307303981085	0.969397189349112	0.937852839318753	0.819169577027551	0.954891028890015	0.957951121526615	0.94729178800233	0.535344015080113	0.651817716333845
"SRR5928261"	0.457808667211774	0.939784691825387	0.604610065309259	0.804222181663321	0.924446121133137	0.834012911994563	0.949966333454188	0.570549125831076	0.535057557183436	0.982212666145426	0.630662481414175	0.368341777351773	0.347288169598074	0.66761580665324	0.788761016746541	0.760260056887444	0.637094263802813	0.684722898268549	0.721245605223506	0.866438356164384	0.583127272727273	0.927722772277228	0.748094541535145	0.437599384457553	0.430749057531552	0.823485210738438	0.876034759688645	0.679634262054688	0.989990807884792	0.318232605383443	0.793695667538342	0.501263564739111	0.971162195038555	0.944444444444444	0.73628724898032	0.524236922339077	0.393078476429218	0.59082483781279	0.757703970100839	0.958376024590164	0.859598853868195	0.685313092979127	0.965475469412477	0.568137490459903	0.922196402444272	0.352788104089219	0.72631997218497	0.490994046273269	0.751960085531005	0.616519595584295	0.73483025928896	0.76382227852683	0.699678843837816	0.513355362797742	0.932778647335036	0.733080136726168	0.361003946609906	0.911522828244636	0.337290935370638	0.412849139814852	0.378407955464624	0.593453232349286	0.754400884428948	0.808305607750522	0.426982105756987	0.63887291546866	0.356459330143541	0.183993300634047	0.583076776589329	0.569772256728779	0.760939741750359	0.777840349148247	0.67312861982297	0.628128724672229	0.642434584755404	0.840960665658094	0.469468900880432	0.293139753962097	0.992631255756831	0.949735588250694	0.838526912181303	0.432509505703422	0.705766263590369	0.689006342494715	0.602926138598285	0.68542214431785	0.810185185185185	0.934612518628912	0.73682573535946	0.809761023224503	0.459618910946345	0.797159343098091	0.45839849859243	0.802385841400215	0.87932068803787	0.433504966973527	0.410037604859705	0.957855477855478	0.883617494440326	0.167126243855653	0.631483836423265	0.890291262135922	0.868759177679883	0	0.981679389312977	0.442335429527491	0.273697354977864	0.21264561877427	0.64812366520899	0.616759752442154	0.577529152221872	0.345729895523819	0.425565934528318	0.528510998307953	0.428653104006861	0.526963954338413	0.664949310287519	0.985407377381435	0.4492712121646	0.522752013934248	0.392586864055681	0.481872441177921	0.497280128509364	0.578206350370316	0.803838736339425	0.192343823391263	0.480737145457303	0.513825438807406	0.788501898271512	0.425632471504031	0.433782811375653	0.52668985331922	0.431710666870136	0.599578503688093	0.883561047776521	0.342373389271801	0.406248078223971	0.856761396147244	0.778366042902784	0.869091597991854	0.936927974532431	0.330425173035538	0.748938014737755	0.743957235822746	0.928165276724792	0.892781110896071	0.254303931987248	0.98303504847129	0.631660470879802	0.550090820176051	0.175184110689578	0.757160428747145	0.768250479736268	0.885349084923017	0.819232961485221	0.673830811554333	0.936130062418348	0.941025641025641	0.287271286082304	0.869805159965048	0.339123568890643	0.694404224512392	0.493607836626266	0.813035649981995	0.26290101779656	0.413634090782821	0.967461600646726	0.515895061728395	0.776753421743139	0.432015718139132	0.383387779146361	0.770985691573927	0.990963060686016	0.31101881260689	0.479633493604282	0.801395007342144	0.95037022213328	0.793934098851722	0.777962118069957	0.937092980307537	0.631709597343564	0.882911197387071	0.93993993993994	0.982688391038697	0.672095118788598	0.523263148409576	0.960825858335911	0.894333710505701	0.546608279609131	0.875346959374211	0.941351888667992	0.693669271248605	0.65871806682493	0.634000412626367	0.508824885758605	0.844789895555016	0.959394927225415	0.961764284691393	0.265003779289494	0.764948732699401	0.922849250197316	0.824967088317784	0.595436406973941	0.913994833611913	0.90739296524923	0.530085061346086	0.337745236083732	0.861042654028436	0.340873316620999	0.669336768989469	0.537241642061149	0.5553661308654	0.989362158452366	0.790638836179633	0.333620588350503	0.487129471594274	0.683806010298978	0.618578018132655	0.65352903338986	0.980671414038657	0.474870274277242	0.258400507200435	0.878088333492321	0.203850092156461	0.964132275193218	0.533470171489108	0.499881968097663	0.962558275058275	0.273411879023442	0.610654458433045	0.883893776867141	0.93885564697083	0.852949558278712
"SRR5928262"	0.990415119811002	0.994491116926043	0.953709198813056	0.992343934040047	0.996671529247396	0.974612129760226	0.995239080935624	0.996231370981557	0.990064870551107	0.775127768313458	0.994374393792435	0.969361015924209	0.970233609645818	0.970551114850652	0.99803336004079	0.944360902255639	0.994628678187763	0.9919443427316	0.931334202520643	0.866205305651672	0.994874228761272	0.692307692307692	0.959928229665072	0.988223350253807	0.990785283555796	0.965558670404485	0.995580337641648	0.913757700205339	0.465753424657534	0.982080637132902	0.990350077735485	0.9632449461801	0.999708193421242	0.91044776119403	0.996081994208165	0.993349022817968	0.968193384223919	0.995166343428316	0.969135802469136	0.974543627533077	0.815757575757576	0.9671388101983	0.586206896551724	0.993859785481113	0.921985815602837	0.978444957659738	0.98302822273074	0.955298013245033	0.916402786573781	0.99116973727243	0.916349809885932	0.917496443812233	0.996515245799627	0.99196166331736	0.937449879711307	0.959090909090909	0.989152332248567	0.850107066381156	0.981494808265652	0.990337541870652	0.984171649665846	0.994545785103933	0.988899300800115	0.997146637995203	0.973464746019712	0.975024975024975	0.982190812720848	0.980206418775626	0.991949501417986	0.990697674418605	0.897810218978102	0.97412848059636	0.995513708114096	0.938775510204082	0.979584120982987	0.815252416756176	0.96530750168957	0.986192119985716	0.777777777777778	0.995768986672308	0.86031746031746	0.991822724748877	0.996094851712841	0.995105515162263	0.956975228161669	0.975903614457831	0.916824196597353	0.884509624197984	0.995419458817542	0.996383726770467	0.989378926235347	0.997388975172755	0.993220764547109	0.995074049195535	0.99819591398898	0.985389271550824	0.966531197704996	0.853703703703704	0.863993025283348	0.976978826204348	0.982250755287009	0.76793893129771	0.888089528377298	0.981679389312977	0	0.984911550468262	0.980433964630628	0.990175838257279	0.9939367399872	0.99569810498802	0.990215388525319	0.985919258533108	0.990085687982437	0.988853161843516	0.987658674188999	0.980093389039076	0.989293361884368	0.479820627802691	0.993590758031334	0.961780358006773	0.986285173799953	0.985133609333835	0.992110898230587	0.989789551307505	0.887459807073955	0.981047786652227	0.990554193818378	0.993521917512416	0.997898069682981	0.96584440227704	0.992741285061385	0.969840826584753	0.988416217295786	0.991819389110226	0.915492957746479	0.991789337868747	0.993093500021856	0.843043995243757	0.870229007633588	0.853070175438597	0.656019656019656	0.982511923688394	0.921693121693122	0.996141662895658	0.82800441014333	0.796806966618287	0.987356948228883	0.95752539242844	0.993461453501215	0.961447847504819	0.980432419374321	0.906735751295337	0.996960604761719	0.80058651026393	0.931714719271624	0.933568193256165	0.961771110573433	0.733333333333333	0.970513287222424	0.998510192764503	0.985497692814766	0.923664122137405	0.989201910431231	0.984905660377358	0.980435997764114	0.980608091932009	0.569721115537849	0.953544494720965	0.964542190305206	0.991169544740973	0.988037217545414	0.996017209588199	0.993325272067715	0.987615526802218	0.986936537376018	0.875299760191847	0.998553763829633	0.994983539739771	0.966397013067828	0.997272466264714	0.993449985964256	0.975995138255849	0.996473671670241	0.405714285714286	0.994979919678715	0.99314952638701	0.998495926467516	0.924078091106291	0.990677853242775	0.941176470588235	0.681927710843373	0.968933379357957	0.996153928334865	0.963235294117647	0.990850225225225	0.998377773442714	0.994866935165443	0.969451515852812	0.986274509803922	0.997290575651576	0.69857433808554	0.99288453176266	0.994944753376183	0.960193346602218	0.997273057811174	0.990041598386487	0.986622073578595	0.87182320441989	0.981619605753863	0.994013584558118	0.994992426818336	0.992795677406444	0.990196078431373	0.947385947385947	0.99118609921934	0.99171212757029	0.951871657754011	0.9522021167634	0.993403102984892	0.491891891891892	0.965669700910273	0.985527056364075	0.832935560859189	0.98903182125931	0.997978593826937	0.993482807256456	0.993102758896441	0.965711486651972	0.980354786688169	0.99479148581548	0.998405461295064	0.853472882968601	0.841269841269841
"SRR5928263"	0.706580656721767	0.712641343354323	0.623827909542195	0.793146853146853	0.895263354634294	0.985054488842761	0.886429819452534	0.671415808529647	0.636215930785166	0.981470043236566	0.723549488054608	0.397225118293368	0.526061173533084	0.492252487359321	0.867581940766783	0.649095200629426	0.648253012048193	0.796431924882629	0.685798756244265	0.832358208955224	0.727967683378928	0.93972121059902	0.608551419093255	0.622076276068672	0.373153096510531	0.724844024956007	0.91569197630587	0.816835871404399	0.987196237261563	0.354868113712756	0.944956232559917	0.451974905010162	0.970850748505487	0.889399887829501	0.827006786800842	0.621423819028609	0.464168848167539	0.78304853374936	0.743606775157755	0.889754432821426	0.89775591023641	0.489943830404059	0.955978890462093	0.563598074608905	0.770090698164944	0.395986574305506	0.810068904200934	0.634746676248653	0.732585011554969	0.595807225187592	0.88597842835131	0.70720215391519	0.682066984040434	0.435407765186699	0.853029394121176	0.694414218353283	0.608210051925149	0.958777540867093	0.207890919640267	0.536210489753387	0.629661016949153	0.732707973339916	0.703100883962397	0.880441008018328	0.742490613266583	0.846529524937102	0.380237262566001	0.328852616418627	0.643786176370446	0.565151603328872	0.769051580698835	0.722595078299776	0.763813104681554	0.753254211332312	0.720261607200673	0.822253821542837	0.487402695237298	0.39832799044566	0.990568509300498	0.753213064497111	0.825150834023424	0.645301804604854	0.876793343407772	0.674425118337395	0.44534795763994	0.3997863533182	0.919296316657504	0.922083963251541	0.772081632653061	0.864357662831905	0.559806527517539	0.810185809184558	0.403728828021673	0.844987232725491	0.889462163852408	0.638736102984201	0.378325207424515	0.947834187238006	0.790179087232813	0.549123410106566	0.850671665104655	0.906161950263384	0.924420595958443	0.442335429527491	0.984911550468262	0	0.397584135391771	0.455161215495245	0.666245463099879	0.787458178858848	0.734847507205231	0.475145496289177	0.58259743862407	0.421569083383714	0.536813070231275	0.417614725808513	0.704788236772653	0.99042814642349	0.708943387018058	0.355093626524652	0.587122635600651	0.716806352007058	0.649481270293815	0.681505350678283	0.748171846435101	0.422356495468278	0.513678564060243	0.705559018530062	0.82316726538215	0.610317525099992	0.665459666063166	0.370367030390477	0.555416048396302	0.722325599058216	0.864229206756468	0.602915428152612	0.652986671054797	0.869684992214636	0.733272850986618	0.807125890736342	0.940619077700569	0.564957492029756	0.651415194722281	0.763693302353773	0.856922162804516	0.952177625960717	0.253371695738177	0.974857408916308	0.722190890090568	0.636692124497003	0.374295306264648	0.820876149269876	0.813611177210457	0.874969474969475	0.649250788643533	0.615376513954713	0.898462331414827	0.933524928151943	0.467774188586371	0.918366074698626	0.326750151707398	0.65847563515202	0.68453655203826	0.71893088185223	0.363747954173486	0.135922330097087	0.958499806676118	0.415134435923496	0.745402875292544	0.703786031837086	0.461538461538462	0.8352115891497	0.996948515062272	0.354430379746835	0.620071324526596	0.820299120904213	0.933942442378709	0.797940519910708	0.930894638656825	0.890029206555249	0.633404888858112	0.807948899929028	0.847204818303084	0.981517636339971	0.739046213448944	0.615419180896136	0.956173387952792	0.727544910179641	0.70496315368907	0.819319114027892	0.929824561403509	0.54887073522345	0.742436796847668	0.543534343760077	0.66494750414441	0.920785472570421	0.960285070353901	0.933384056133232	0.327874407047662	0.754586149389976	0.909488686085761	0.94762993446121	0.649338105789444	0.782857142857143	0.936177158713749	0.652263198425601	0.438155355000261	0.806252228693688	0.167820990942994	0.802901659367832	0.729345944454201	0.708875950042224	0.988666414809218	0.842831319569974	0.646118331053352	0.428119825380099	0.869045429464778	0.460764587525151	0.625822547949478	0.982321591056805	0.417246542764027	0.542541990473803	0.849508746705008	0.518448693778616	0.910559504971541	0.458619829705369	0.761738624800116	0.965317919075145	0.474631865447693	0.819594017682541	0.893965788645188	0.850917163220002	0.849821215733016
"SRR5928264"	0.471160651096957	0.924272618573137	0.628773627161157	0.870826191292424	0.924482856333239	0.975201612903226	0.834545975365225	0.684672692029239	0.381786058464504	0.971599045346062	0.506352725864921	0.419319429198683	0.529654224868331	0.541563720411254	0.826765889959741	0.815364010331962	0.593370165745856	0.858714232627276	0.723201902120071	0.837875288683603	0.732118381643738	0.94180407371484	0.539552841878423	0.322337470951652	0.399521106775452	0.973723312739501	0.982658959537572	0.817677856482907	0.987655876054919	0.382217737414508	0.90607275202299	0.475780037924496	0.97164188729564	0.927173913043478	0.700337091712193	0.50239584476389	0.379646654408826	0.64462089667861	0.7664044123611	0.854402789886661	0.89974472035275	0.740704760222556	0.957536627762602	0.532766592095451	0.977679942664073	0.255459126539754	0.986652808927302	0.634930366996584	0.740717029449424	0.769998852289682	0.88944616369651	0.716273507989999	0.79673949299533	0.420441176470588	0.843491785749004	0.701759038274551	0.471761920865742	0.950040105419961	0.500799086757991	0.418021186258953	0.344847378032872	0.678391959798995	0.857472537616542	0.783143686450487	0.748106205524524	0.852453076309878	0.335216572504708	0.41450289250639	0.49903894790086	0.905656056789558	0.774623655913979	0.985267929415574	0.674099719836913	0.744526227522594	0.872711088504578	0.821870701513067	0.591726618705036	0.151537606520934	0.990907942922086	0.937264451788717	0.83085374227512	0.490798435009419	0.774969379801804	0.593142158497277	0.543504281373723	0.61698224464391	0.921748400852878	0.914678072940117	0.847544022242817	0.755072262367982	0.328570198846518	0.770968977403294	0.430871691114483	0.954270790659566	0.865789444388783	0.693467625899281	0.39311957247829	0.952214583568128	0.841610738255034	0.266351989211059	0.855603942241577	0.907907196969697	0.960636886333481	0.273697354977864	0.980433964630628	0.397584135391771	0	0.381501831501831	0.585005336179296	0.655353653332135	0.768060513343532	0.20690017881561	0.547868942228712	0.523866348448687	0.678319485812823	0.628397464063775	0.841595160195074	0.979790419161677	0.588254861048112	0.423325228473212	0.262322318626546	0.717930622658922	0.408669094326324	0.431752025804421	0.756113754564568	0.236758893280632	0.395187601957586	0.614323055735125	0.81119066560594	0.645820038289726	0.550131181295872	0.449621944786355	0.212669175043522	0.547373957472387	0.853304284676834	0.468040573176622	0.489272905119009	0.873986564744035	0.735471822476107	0.841240666283745	0.942682926829268	0.22130239228212	0.73272746049778	0.70397750100442	0.888735632183908	0.953784484791323	0.221593587930222	0.988508337088779	0.538977257788879	0.632964211202054	0.218765555002489	0.815529905561385	0.76484717265177	0.879174041297935	0.660945440598332	0.626584867075665	0.933087372128123	0.935810810810811	0.435990065477534	0.900726203990234	0.149359113621551	0.666295884315907	0.441996402877698	0.990027424582398	0.142685129440096	0.441506162135381	0.959970164097464	0.489377025567159	0.744142378969712	0.480853178124002	0.256524582367279	0.705125030948255	0.991709990164395	0.197227744049858	0.39843517876597	0.824192835028748	0.940452233437386	0.864239345187694	0.92436974789916	0.92332977071528	0.773511159872459	0.896486956521739	0.962220927194904	0.978664658634538	0.808288849687278	0.502942018383639	0.95092101547055	0.710075749714641	0.472096795405725	0.867091760486201	0.932261208576998	0.848082319925164	0.748983404769755	0.521790527228308	0.419390027726012	0.865671641791045	0.929104139617742	0.951296021132574	0.254710165064192	0.762305676855895	0.903186866248189	0.916530673919613	0.561078704877843	0.752077807250221	0.975664286391783	0.397861279005875	0.189575408656317	0.817199356173833	0.331285536893014	0.642561739335933	0.611199681147868	0.475684691011236	0.985834770047994	0.844386809929604	0.386408751108671	0.41676285512157	0.882426740747379	0.479574706211528	0.694590417310665	0.976184507395337	0.454201752878501	0.323677706376668	0.854478044259066	0.329610424145725	0.977708992903127	0.44988361430486	0.570087406927808	0.957561468507915	0.161078417955385	0.672933974639265	0.923596912163572	0.968340117593849	0.854755043227666
"SRR5928265"	0.414475977965274	0.821279818250663	0.704124847711319	0.802507381770657	0.942083213406249	0.881580592722271	0.96871945259042	0.429202544331499	0.493124152624443	0.989622249896222	0.579319743671528	0.515402591884427	0.503728813559322	0.683046023307019	0.739321079373656	0.804441217401827	0.515912940165323	0.5863448944943	0.785873330034636	0.908375186643138	0.571120689655172	0.957966764418377	0.823717390041253	0.388539865918961	0.312163767204639	0.716770054610042	0.779364959078509	0.771229845083781	0.993006493969885	0.472733355637337	0.740159901599016	0.632382892057026	0.959550764919892	0.935445855702501	0.6888916050439	0.495465836650406	0.532691169348329	0.560803680722637	0.824811172091507	0.971267264845247	0.910155186496052	0.797896188998103	0.97579275198188	0.473067501704589	0.814910674831134	0.481485119339947	0.544487784849107	0.628037276313533	0.819759160947818	0.594014838729705	0.807316283586921	0.829764944673607	0.631175752192739	0.408246679088778	0.956237393802335	0.810318053718295	0.442871549695589	0.938923045740153	0.361786894973298	0.396005579939437	0.346487578747177	0.434295589835499	0.691131939437635	0.766515080908229	0.514391683644152	0.710863986313088	0.493744628020246	0.374498567335244	0.487195275546475	0.519497069068049	0.841290490438403	0.678749728673757	0.589211037077055	0.738204319628726	0.500963214384001	0.889985133126098	0.528897629192614	0.263966229567092	0.994854570142214	0.840572874233523	0.884553065082366	0.415523487142942	0.623282188125417	0.574723027911179	0.648302332447594	0.641186671040915	0.862042189724343	0.955207915496724	0.644960799447536	0.771000282832092	0.424662208270779	0.702748138744982	0.339418752936439	0.699977841790383	0.818816929605956	0.423003113139153	0.548476454293629	0.968555562989229	0.895697349140802	0.336586299272866	0.724260293273496	0.932929348574577	0.890461701283239	0.21264561877427	0.990175838257279	0.455161215495245	0.381501831501831	0	0.542453046792488	0.518569028560134	0.514017428899547	0.299904336734694	0.371516364156067	0.506711650276362	0.478402284716989	0.491388320836174	0.684191622143402	0.992051100070972	0.359068032598421	0.608355091383812	0.349160134378499	0.572484180444989	0.459083288520545	0.531178562357125	0.872675534378929	0.353345252658323	0.364581290449108	0.362927040069143	0.736982793476796	0.546480386888769	0.36360370319193	0.599839523154516	0.411079938026046	0.520739018720176	0.919302488385413	0.214244129633223	0.317221859351187	0.897878705466413	0.843842656651512	0.899722579335544	0.9651113913409	0.303478869950969	0.772545535317637	0.653740108139077	0.93948829023961	0.92470458917285	0.378265775540318	0.975785953177257	0.566708673497343	0.667673716012085	0.312381468436738	0.83491412458344	0.741321921065145	0.918619836414874	0.853117614979095	0.760691308187208	0.929666666666667	0.958362345077287	0.446309591446723	0.805877286766453	0.233194478477497	0.789763828854225	0.445150808787172	0.703208703816204	0.411787090329639	0.427208496467306	0.977192236860745	0.648003724828309	0.830158816787644	0.322121981839946	0.264031447914392	0.728319460232481	0.9944415494181	0.447077409162717	0.398126998629511	0.871940732901177	0.964731220097423	0.80381309888373	0.839148116438356	0.955949194258304	0.534803212167646	0.850946256540662	0.904686856385551	0.990742059535679	0.643464794964101	0.537145141943223	0.961450330233185	0.903379797594042	0.491362298770988	0.881447458258333	0.958689259207394	0.762109281794321	0.539889233203666	0.725523636945051	0.457809439002671	0.790893730227207	0.970913173270737	0.956674730591599	0.425021814102298	0.68909102394037	0.949575149742304	0.777142273516495	0.558672794206107	0.921537045559135	0.841577464788732	0.478491911344298	0.334299592604199	0.912401841321419	0.353543859649123	0.616390322095877	0.517201090484227	0.497678286783561	0.994334483384783	0.844694724362774	0.344358172834527	0.383195165649388	0.751059014681135	0.727077875684687	0.700759941703102	0.992171932820951	0.600045167118338	0.253193430656934	0.927507650459027	0.215280930265042	0.941608725738953	0.428081793888695	0.457653136531365	0.985181058495822	0.420050270688322	0.566680729386397	0.872564995185542	0.884971175760826	0.90941758763306
"SRR5928266"	0.359460313162763	0.852371627502176	0.830398150682848	0.884073941430893	0.899178797104045	0.952898779793893	0.846613393244658	0.308601800629136	0.284353683126689	0.966970160164817	0.227202904622259	0.745329000812348	0.785667097515439	0.727737077143107	0.527337081363234	0.899710883825038	0.299443830504176	0.860850608752879	0.860978370221328	0.953776256008428	0.810217305930096	0.975635805353448	0.801893397461265	0.504027237848413	0.440744589526951	0.798382655575201	0.888401730386999	0.903799078048005	0.996695106734563	0.694983818770227	0.848961794019934	0.78652899507744	0.896740396040786	0.938668564404477	0.289437500965564	0.265447577110472	0.72965549484265	0.697915013804703	0.902770026143407	0.907322847962117	0.951536331267308	0.913793625329176	0.988511152915883	0.157551729756151	0.903814999523522	0.666462974279207	0.829028628578572	0.836648456128701	0.910441999613974	0.740873090506342	0.926459707254303	0.915569501504222	0.76831893458856	0.450177863188453	0.905127964751102	0.870772398340751	0.679343597481904	0.944548470812391	0.67487383391956	0.445759587839488	0.476210279116417	0.309507430929946	0.776671277086215	0.41849982663636	0.869418969036598	0.880776053839439	0.712973593570609	0.733515582285402	0.15232922579766	0.794752692562912	0.908621912684594	0.801808148409064	0.198622308243291	0.877153511880914	0.849367020992468	0.944740127472239	0.781064042891651	0.567690197319827	0.997570276381062	0.840866507533174	0.943846052804413	0.266353055679468	0.385185185185185	0.175903781498042	0.817160399079048	0.748167779971334	0.936193477841384	0.94836263808092	0.796929432438265	0.36442067556318	0.509522114443357	0.318040414423675	0.529908886834808	0.865492841862761	0.54711635871368	0.837038553045614	0.757850994360344	0.95285578840684	0.931884908984146	0.668071366024518	0.915869321610206	0.962535640872621	0.943559399180701	0.64812366520899	0.9939367399872	0.666245463099879	0.585005336179296	0.542453046792488	0	0.62491130067185	0.834018476771427	0.489589471616578	0.715412120656459	0.538917750908004	0.823749724608945	0.667578695709922	0.871495265476222	0.991052808610831	0.292006644396984	0.759579085045034	0.559172922428553	0.83939205182509	0.495989672613379	0.260225729803123	0.924945530226659	0.646663414105275	0.458450490980664	0.603441956259927	0.460564026137797	0.821489051094891	0.229020742884708	0.788986943907157	0.513170213304319	0.573202019366052	0.928683060632156	0.387473688732334	0.368165852168601	0.950507446948728	0.920822922412954	0.94595483086229	0.978805910276125	0.597463230333288	0.885339363633468	0.222508182504826	0.954691918195568	0.963306398198437	0.636988780311256	0.98502778685845	0.180929001572629	0.829763576779026	0.621182448525909	0.909614646012034	0.412517165019237	0.960780416708072	0.860125066110817	0.879532609385915	0.933709869203329	0.980067995466969	0.750178566326676	0.645481879623224	0.49558889498081	0.873050026896181	0.364153433134641	0.859543070495155	0.630908545399995	0.630754602361269	0.9891793803347	0.830235817439522	0.881459235049907	0.509610951875088	0.536110029843	0.278304978484512	0.993025387589175	0.557517296104347	0.413524863987783	0.925092658820469	0.921011989672612	0.886975422170206	0.935970636215334	0.905866513330435	0.698787366600499	0.88683532378287	0.89031436685927	0.994272623138603	0.83473830760522	0.644323205719123	0.924052499631323	0.888552199291889	0.331701291409321	0.939844414349154	0.980282066706771	0.907850882607086	0.300440320805158	0.776182309682295	0.412055358572572	0.589815923847948	0.866467273357285	0.949804895352962	0.643236708892639	0.343295679043615	0.973264884325622	0.855193051602073	0.407143231761682	0.801962209302326	0.935716903104225	0.304608467590858	0.476438010104936	0.946402735762199	0.634364446845873	0.364287513947378	0.577289922079602	0.33026203424873	0.973364215402432	0.918548139034143	0.587407195258972	0.298346750118383	0.915736318559304	0.832778394376619	0.76923646049127	0.993600969958238	0.801691053010314	0.477922944878886	0.951227549843467	0.473586738035549	0.926378642869864	0.314412399137173	0.249358780167626	0.979994045846978	0.639892094252367	0.2054334030803	0.868043191086095	0.940702925584135	0.94899470203034
"SRR5928267"	0.64215485855577	0.953342920404483	0.83636454732201	0.899077065066913	0.865241319424072	0.950407239819005	0.789569357281974	0.532986838796211	0.569540990327811	0.977164400161573	0.587671424573188	0.76607482714592	0.750668960244648	0.796716866011331	0.445956172953701	0.935880432564783	0.715199228791774	0.413563280337735	0.886843934206801	0.962474943204597	0.638079028069197	0.980271869848391	0.836859520705906	0.653174705806285	0.654628023466584	0.927158056906264	0.652739680646657	0.90373025768911	0.997329263639832	0.739102440280729	0.694679444212967	0.826597616274748	0.965175164486598	0.955842445000659	0.764191166225442	0.691268228331016	0.775785188057387	0.482265960635428	0.922208158893973	0.927655871492744	0.960987878950044	0.931783023104945	0.990708794044935	0.63567758509955	0.967187581122475	0.721023162883628	0.815162853984182	0.828139002290152	0.926980879691557	0.826429117936387	0.921943031002466	0.931232544659324	0.63090598647081	0.635778750781878	0.92766763997746	0.893580912448837	0.627937072835362	0.957259484552585	0.749281469475959	0.648947611000154	0.607220367278798	0.539841840402588	0.878265008627358	0.809072922555116	0.771710022953328	0.848568877191333	0.766774407995782	0.725361637743289	0.621503167265879	0.832118209549359	0.925896728419393	0.914471283660512	0.670180847257012	0.877025931928687	0.771867904592766	0.955921982977134	0.808915021836192	0.655832165342944	0.998036756285107	0.956827964001565	0.954391486410797	0.634663496513423	0.706852530826103	0.696677633103193	0.862580775444265	0.851833340905993	0.944093352563262	0.963654719838465	0.692581519849823	0.708397530206318	0.504972205658889	0.796332201296696	0.689552011280703	0.607644777395998	0.860419618160966	0.675178842401908	0.801330681790283	0.967311576485596	0.952301366228943	0.681771251577378	0.879887200076474	0.969626105421606	0.954072859070346	0.616759752442154	0.99569810498802	0.787458178858848	0.655353653332135	0.518569028560134	0.62491130067185	0	0.472258878880028	0.576210513094266	0.463182616590025	0.611973962764379	0.727010774242045	0.803696907308777	0.866797170440895	0.992766038454217	0.544513457556936	0.809104763777592	0.641736657334578	0.778022723418688	0.536191844402696	0.637336877272643	0.938928873835732	0.667827472402413	0.509113092444862	0.293623900270464	0.720346948092054	0.777481775689618	0.611864234023035	0.834134914899449	0.573729650788196	0.695013815397396	0.948741990936084	0.546110934905502	0.403920908708456	0.959827756826874	0.93681652490887	0.956113187399893	0.982843999458801	0.661738026124819	0.914355585618398	0.68342777105749	0.966306234147644	0.970244649139297	0.709467882684863	0.990380271584598	0.581771792575571	0.834631341436786	0.692595980101278	0.928744939271255	0.79174727450668	0.968197690034918	0.889955083707636	0.901544050862852	0.952262727071606	0.983856599087547	0.744208172779601	0.703118149063666	0.614433820255687	0.896698064382569	0.647141876654574	0.927527704226733	0.692980047592898	0.793951271658278	0.9912497622218	0.863432255475002	0.906984684421032	0.307313988618	0.638450061435843	0.671186045608174	0.995561225381403	0.606612058773856	0.653516925779893	0.93946929812958	0.887855960985805	0.892981107461504	0.923227537528101	0.86834984172368	0.539691309001761	0.931323904474843	0.968618660689269	0.996133213517414	0.753411413734048	0.680111635324606	0.905045991947409	0.912117107730777	0.683706318116588	0.951587956279645	0.9840380921462	0.934845988084675	0.598555471571345	0.820866711707364	0.66884703286311	0.486236888275038	0.825031515660859	0.963639922679782	0.699409600410713	0.793988721585954	0.979859067469424	0.72974371412402	0.650477880514305	0.830126045176588	0.872498927415266	0.599801579730606	0.591570038789438	0.956478786746055	0.76670601053205	0.71888127525676	0.539006371645452	0.687964454102718	0.981320694599331	0.933756415766984	0.555157155935307	0.622671365892253	0.892468807937065	0.865491298730907	0.778348743965306	0.995807584460839	0.839081028891145	0.588118811881188	0.960412988819344	0.52359795783156	0.978210020928229	0.628710010681329	0.647110828205672	0.985823632202013	0.703244252807305	0.692472492998913	0.820512486144618	0.973031197638235	0.95858936681806
"SRR5928268"	0.769605583722921	0.911305872042068	0.729409900153204	0.71571741756521	0.94230110540246	0.771344566323646	0.949803734982753	0.567539784521103	0.826936026936027	0.99108138238573	0.869979822548993	0.624561403508772	0.573393396271625	0.748830798011126	0.693708964291914	0.888577858279818	0.837822113403311	0.145172453570193	0.806494960806271	0.909046633386095	0.519167161394284	0.962782565255402	0.839813786171507	0.815892006769255	0.793587967544033	0.812095557826108	0.5129598355239	0.793111326897812	0.992868513212353	0.728011248242462	0.652285747690869	0.716336224700537	0.986165105686064	0.94188376753507	0.882869577204072	0.831647913402649	0.719358816276202	0.499164527040796	0.756854939039562	0.883604273107292	0.9190673828125	0.904342815233904	0.978381795195954	0.822237291419438	0.872925340785947	0.67289380611227	0.631128344914961	0.670541625397487	0.826234099661571	0.639050287568205	0.826340666394351	0.84580017683466	0.55761294721355	0.819252988617514	0.919902509278236	0.712144242360711	0.518355875636747	0.945431395137331	0.621371509926442	0.720039893189203	0.749359474211875	0.565906797635963	0.68272628431639	0.922344070209471	0.54461243100552	0.746626478089497	0.763364849341698	0.604453870625663	0.804655140161941	0.696282793056987	0.85655689675378	0.781411530815109	0.819892004877199	0.741499540515704	0.486166680854686	0.899454214675561	0.593959395939594	0.742737896494157	0.995409627032196	0.919082077319794	0.896388754241396	0.756177551597399	0.79131252838513	0.859761393244046	0.68561765179578	0.798775457032437	0.825382013297562	0.95975975975976	0.58846168951027	0.926439526127284	0.826064516129032	0.908545327243023	0.802731025722452	0.428730084148477	0.942865925508479	0.349747424525675	0.682200384966062	0.972113708756536	0.899317610439363	0.658523632501328	0.652841045312875	0.940298507462687	0.866983938132064	0.577529152221872	0.990215388525319	0.734847507205231	0.768060513343532	0.514017428899547	0.834018476771427	0.472258878880028	0	0.73965646004481	0.24588948787062	0.702510658455708	0.525183065085678	0.653120648183314	0.681034842478615	0.992903307565581	0.592065629974287	0.711572640024374	0.804055460715327	0.504410585404972	0.710974328178952	0.841930818368085	0.885853716598227	0.63549202475377	0.754320758223379	0.277932864228861	0.889780442641742	0.580139887695793	0.701507511154526	0.704806687565308	0.816290619012239	0.814215914378781	0.924274633725941	0.606930389451089	0.549953168904152	0.908414634146341	0.857015827849902	0.91038795458685	0.969184517098835	0.773401999394123	0.823141727319617	0.86810551558753	0.924693307421353	0.927375677006401	0.7503840866823	0.945919961543084	0.842907262920878	0.66917144552106	0.6698548535951	0.820305272895467	0.919503625626075	0.927344375346346	0.837537785105798	0.783768380257609	0.936014625228519	0.949545284664258	0.602146962428157	0.791318375128318	0.761861104744442	0.839478901161144	0.803839232153569	0.80362644578009	0.70627338762932	0.722243131351148	0.979633143580013	0.761258874642365	0.844816387709218	0.404946721197452	0.754097693903282	0.906320019916776	0.980018766904013	0.796959702793889	0.78447782546495	0.883164782867341	0.9816860670194	0.703072294648555	0.704612365063788	0.977090053177578	0.339560826361249	0.88510004064857	0.962488484068904	0.990339392398627	0.708956530195468	0.744739459790344	0.939186890870639	0.912313968855944	0.837524937044184	0.76071448632253	0.959308876925003	0.87310359774599	0.644515715202053	0.74734783671474	0.801995498370679	0.760437692552852	0.95910480616363	0.96066398390342	0.75472650335805	0.896733111849391	0.951401869158878	0.733698844722929	0.778327514854461	0.92881107150346	0.803915799281572	0.819188544152745	0.792432035268185	0.921768707482993	0.730524125373911	0.868037868230093	0.716301398455437	0.846873977086743	0.900639819345126	0.709190819954746	0.561555831186592	0.804003119313751	0.654214002642008	0.802466464733881	0.724748230132615	0.991107723577236	0.677901463615749	0.70374339191313	0.934378239921937	0.632496950113753	0.976858292085881	0.829346622369878	0.758315292265302	0.819163018022605	0.760679177837355	0.804544839713242	0.86753088193048	0.901745936183022	0.91703667660118
"SRR5928269"	0.369043935643564	0.78953119877609	0.63139268614253	0.80373464924578	0.927987674169346	0.912970838396112	0.887455924262184	0.601146156684829	0.351591361182154	0.914516683866529	0.465651748207574	0.46769153855768	0.558749770628173	0.57062361506806	0.792752769897768	0.75666009780308	0.526747066670296	0.823728363949864	0.668565432468895	0.882096069868996	0.7331988932139	0.936499652052888	0.676468543621828	0.266574122828012	0.326434108527132	0.883005924540069	0.948837023099404	0.786896604819463	0.991239831947797	0.438679692687091	0.827911362564828	0.53037037037037	0.964046392551404	0.788399742930591	0.650822471521518	0.452120181776572	0.413467030526115	0.659260256755544	0.781344289657829	0.738302374794263	0.877127928535311	0.797954841809073	0.969739869049726	0.425611182117314	0.886131386861314	0.317746350364964	0.918342700543453	0.654415274463007	0.779397781299525	0.747643515840338	0.838497503764165	0.790310918293565	0.781786941580756	0.374080399369417	0.699150350942002	0.707162969576265	0.521359669269637	0.859039665970772	0.510785824345146	0.33295689817429	0.176013920492571	0.589946188951706	0.812555189853095	0.740055550879556	0.736838879696023	0.685340529125359	0.339037315080592	0.470244010157889	0.412029298240282	0.849971036879707	0.775262990117947	0.891295987693885	0.601408241606753	0.739503612044918	0.810602866779089	0.862011359839626	0.576744186046512	0.182285773068614	0.993552431270708	0.81488167845816	0.857333555815118	0.409697912615065	0.71309552980712	0.539045774288918	0.598695867885747	0.614283399060018	0.862527716186253	0.834981866139136	0.825590415445613	0.720336753485925	0.305112906880145	0.712627100310089	0.380097879282219	0.924593419062027	0.8280993156204	0.698491974979392	0.464135575407252	0.836647141324973	0.836560551361995	0.344064608916916	0.835955193732019	0.903385772913817	0.864627399934917	0.345729895523819	0.985919258533108	0.475145496289177	0.20690017881561	0.299904336734694	0.489589471616578	0.576210513094266	0.73965646004481	0	0.550194738097131	0.540022367790382	0.685146303328122	0.612388549976537	0.79061037692189	0.976384943181818	0.510642398876559	0.473871499176277	0.212575003846351	0.716738197424893	0.340118803626637	0.396581792814789	0.812128612128612	0.306056001736488	0.344209161624892	0.523733484430937	0.741770096276534	0.634059807399899	0.448664528313199	0.529886472438791	0.25632866302541	0.453023504988951	0.731822767129666	0.352199914566425	0.410932248363701	0.873590304662515	0.80633147113594	0.862461306784908	0.944619147449336	0.19758997256442	0.72855927615807	0.638681451308743	0.892701707398728	0.905541346973572	0.321725366046696	0.970141867370505	0.458783703527735	0.6515595162317	0.277432712215321	0.791986226326499	0.714400243718633	0.899001961955131	0.678292023104482	0.708781086889776	0.762224858310268	0.948162274618585	0.489446628364076	0.849479000773536	0.168421052631579	0.69612544721017	0.285860012554928	0.893069825273215	0.254602406990163	0.500902294405775	0.971484236627701	0.606157704095848	0.651287345937923	0.404486873508353	0.178534057501619	0.666872921339624	0.991991423886997	0.343213942637574	0.300059721866735	0.813862674910511	0.953011739530117	0.796785304247991	0.883116883116883	0.940761209001268	0.764368347987043	0.729330987913522	0.915451510063949	0.987339514978602	0.745570079109538	0.50191703421834	0.930918938768016	0.758478851377571	0.403660923289459	0.856228829506963	0.948498603351955	0.784904577414263	0.677500777981398	0.434397941896216	0.364806526991168	0.829580036518564	0.863227651442242	0.799765655513605	0.328562685372628	0.712783893682436	0.935310440513354	0.85172546645385	0.48878275461469	0.796812749003984	0.955612662072188	0.301222730144572	0.180336534226059	0.863552653607902	0.422826028357324	0.503504043126685	0.553834808259587	0.41180086047941	0.897689101137237	0.813443463400741	0.396248839368617	0.330410230858661	0.831609634205595	0.60486757337151	0.699589864599135	0.986281845715304	0.549240897487572	0.240224891387682	0.875410388079805	0.252954166828097	0.949033611063878	0.398962091006898	0.474379207059809	0.961914837344618	0.2463329974247	0.58995983935743	0.908280901950057	0.898114455838571	0.869999161284912
"SRR5928270"	0.638336347197107	0.940665974908028	0.62266766795679	0.799064293638161	0.951127579377755	0.88772715957182	0.92204380799051	0.487981701962546	0.680471467216282	0.989675110132159	0.713318480368045	0.527457411914083	0.465011169411398	0.642685209949184	0.721704822717126	0.947593518462743	0.76353039134055	0.356464395910218	0.792390099741411	0.927471636952998	0.503315329556931	0.949291469852737	0.739311541799248	0.659030725904754	0.673658536585366	0.800686559281753	0.654092095803852	0.768896721001951	0.994462980052531	0.571583423663804	0.597103761428484	0.675380281690141	0.980717130492116	0.944227260880896	0.833736753249395	0.758055364768418	0.534544674920941	0.444748819959541	0.893922173513016	0.880976295701085	0.913314370851957	0.914257913113159	0.975918884664132	0.688906813197893	0.866415331448319	0.465257388921511	0.609562405337918	0.66512951892969	0.841237113402062	0.716480317155512	0.815838649397513	0.829934189092331	0.513119964520659	0.665167326376394	0.87064192272589	0.817307141629918	0.405594666070697	0.956033613445378	0.529744803109684	0.694688613609367	0.614743412475803	0.493513409880067	0.762565614438772	0.868325174544579	0.567466305875006	0.760064170050634	0.614484202512372	0.488721804511278	0.656620953551378	0.68724593495935	0.852667011910927	0.764782185709653	0.707058800023976	0.765061311533677	0.509690985554946	0.892415277030662	0.578454842219804	0.573001521797511	0.99800952584062	0.946227826458645	0.90689238210399	0.663012562218535	0.73011959889396	0.735000949307006	0.672055970368628	0.745457942179254	0.876352395672334	0.955428419372006	0.535612882290906	0.843367443028439	0.66183377578109	0.839398300438597	0.686663095875736	0.595566764003186	0.902476635027142	0.41555073757599	0.6217170602516	0.966313827308435	0.892629904559915	0.469730193536085	0.802983833238031	0.92340367223897	0.891521853607162	0.425565934528318	0.990085687982437	0.58259743862407	0.547868942228712	0.371516364156067	0.715412120656459	0.463182616590025	0.24588948787062	0.550194738097131	0	0.548897479954181	0.531817282974095	0.565107115358485	0.748780596948136	0.992092629200791	0.516944182369891	0.568907330567082	0.637662395642663	0.613740892995238	0.63947360116136	0.685270826734241	0.859334869937438	0.438953488372093	0.578257467066649	0.370000239652982	0.831646279878801	0.519267822736031	0.60026476185223	0.615797283415135	0.585556251304529	0.71696270524324	0.919554063469944	0.484576664945792	0.406540279211255	0.920308483290488	0.873319782309357	0.903992459435804	0.963479230554781	0.597003117874261	0.847893373760344	0.775675868974396	0.920932112068966	0.924265208475735	0.572763453884755	0.975905218317359	0.693186789151356	0.657066093498119	0.546354635463546	0.836331164689374	0.871512402898862	0.926280516993777	0.764131024914038	0.762682069311904	0.926966913798827	0.969936270435024	0.463648057627991	0.804885650257491	0.545358306188925	0.826775581467856	0.684866845145836	0.790550574775865	0.523439351566573	0.601794124243104	0.977311161217587	0.756142790913305	0.830624558351905	0.239679533867444	0.592494231355305	0.815914750256335	0.994048994684539	0.599854610072291	0.644901677928783	0.849394418114797	0.972883607433184	0.78986220472441	0.860249440358171	0.966090747618279	0.350530935862948	0.847683087267943	0.97510328915598	0.993482572966846	0.676727513705645	0.687302136263269	0.954646150161657	0.808425720620843	0.714354777443972	0.926845844918134	0.968375592086932	0.903195153818743	0.591090184715683	0.681053246270638	0.712174499982237	0.75515996335483	0.925790103649375	0.958383528638703	0.568783397539456	0.852298179753305	0.968957871396896	0.692644885060401	0.726528161402666	0.821514491923473	0.843875470612515	0.638541282249136	0.607921256151863	0.91768826619965	0.562590330551541	0.77845	0.668236412339065	0.719964053643025	0.991307182440509	0.870632672332389	0.471785414920369	0.642841993637328	0.75582134396487	0.75850622406639	0.715933295236116	0.994478267025343	0.70403688294164	0.586701038744408	0.899857906488937	0.469471631082164	0.984568951325248	0.676366587444206	0.647176647323927	0.968042609853529	0.601098160100183	0.717033224145999	0.885313805983949	0.885538954108858	0.912163529649868
"SRR5928271"	0.678379322389102	0.789428734105143	0.619901076520221	0.754840588149658	0.823096373587684	0.879688872161586	0.610001277846403	0.667615323191581	0.553773523895751	0.988473823080128	0.581820821838246	0.482850447379634	0.54410918788893	0.497657385965857	0.798958300845211	0.862822458270106	0.575973878046928	0.755617636341552	0.769545793000745	0.904372701266857	0.759313077939234	0.948843728100911	0.62130660294889	0.707585041200084	0.460908518233359	0.568398107289064	0.803193506789047	0.766034384317706	0.992980445526825	0.561022632020117	0.764013798201306	0.595097594189741	0.965549759518091	0.934174221521482	0.841915288455656	0.751686100536555	0.571636716852841	0.62138178744982	0.81832052749169	0.87900535732336	0.900409836065574	0.834419140962813	0.975703324808184	0.485523554251903	0.814301095699538	0.502708025603151	0.538164012673332	0.616147714891909	0.819150318305833	0.512266409626566	0.806665367374781	0.828526378030353	0.61748471939248	0.417976039973512	0.86866147525906	0.754023651571964	0.503910781782119	0.937622889687436	0.409650836802311	0.686628719451924	0.643943304085441	0.594292671465493	0.594914764518925	0.886778494346966	0.689906238541721	0.761969628172141	0.602680708472954	0.47692454998085	0.595537741402024	0.559982971477224	0.815950920245399	0.563343491510666	0.683645468202303	0.712921515965383	0.678436781609195	0.888512138885121	0.527555604251123	0.562387468491177	0.994835377663008	0.776096953027633	0.884146341463415	0.662047225361328	0.839620751819457	0.559009759581052	0.647219096132204	0.607892882311487	0.861576418646929	0.953978263786395	0.642918140783213	0.757446139330083	0.427331145747881	0.735929398028914	0.437235258522154	0.737077953769023	0.838958383324118	0.667820660768475	0.546727414157129	0.963209130580732	0.877556476406897	0.542202186840591	0.77845220030349	0.921907394609537	0.88477366255144	0.528510998307953	0.988853161843516	0.421569083383714	0.523866348448687	0.506711650276362	0.538917750908004	0.611973962764379	0.702510658455708	0.540022367790382	0.548897479954181	0	0.65809451886005	0.273356716621874	0.717654470995905	0.990881892007409	0.720549487094216	0.56498969301911	0.687873209715799	0.682363048725606	0.492728367288742	0.670270957893398	0.846736171060495	0.4532591264975	0.297557461855805	0.688517102954256	0.751955407713746	0.601142364478931	0.658041125840644	0.598643366291101	0.466196651139368	0.752389705882353	0.917885192516442	0.587248104710685	0.551128311348523	0.897516375545852	0.841851239669421	0.88863991308481	0.955421178455913	0.650423629640032	0.770773638968481	0.665316655317014	0.917130824616221	0.923607280750138	0.562505437146586	0.975701436434421	0.566858710562414	0.632979874486042	0.535530008147008	0.824588477366255	0.868224313412444	0.918327929916534	0.761351893501915	0.759903809644349	0.925562736795186	0.958211041229909	0.486871407115853	0.861537775929172	0.477449455676516	0.749104393187103	0.711980751539169	0.671226806978676	0.511897382099089	0.38905679101448	0.977107919806626	0.674138937536486	0.828580811121449	0.520161408228311	0.594449065359191	0.712754633877776	0.993563351696144	0.416034097828293	0.684848947207812	0.848134873224479	0.857198651834922	0.7484401307319	0.829577162481219	0.822265379151607	0.524624172326579	0.843604451635044	0.842574168683338	0.989849892780558	0.774234462764994	0.648880228492112	0.898239568507004	0.776869531898589	0.752436444351958	0.881063578055919	0.958538299367533	0.820248922929631	0.680018476969777	0.639677195232751	0.727509545730293	0.85206632377801	0.755346056564728	0.955668284075871	0.558942327711847	0.735364774307751	0.948273451698588	0.774596031908366	0.675588426606278	0.604546503577198	0.909274269320872	0.625282167042889	0.585806249018684	0.889266304347826	0.445950382216386	0.805738074936049	0.581120304986354	0.760119419565368	0.990685150820507	0.844214532048995	0.532980908448096	0.553331913987652	0.764158081601769	0.674629718107979	0.642760346085687	0.989142857142857	0.624122310305776	0.582965107420387	0.898996792465707	0.565016617106874	0.89016254712108	0.41168256923435	0.717825148567543	0.967817633255112	0.616980034890483	0.775801379828226	0.743549822064057	0.884568814745056	0.894536299925155
"SRR5928272"	0.774664151814927	0.948439620081411	0.588550983899821	0.705279572287815	0.822110804712961	0.756827928673538	0.914337846922117	0.564018185754492	0.794871794871795	0.987235128925198	0.854455071734206	0.557953488372093	0.480573093734823	0.646689282573188	0.759370523209818	0.791521990740741	0.852995441719123	0.595389848419801	0.753286297809135	0.870833679660876	0.62154831770675	0.93717187365522	0.718500137854977	0.83087465499191	0.702272113567103	0.844287659363783	0.816856692158703	0.719951189749848	0.990097259062776	0.310104201046725	0.714458194989436	0.505643491618246	0.973177987109569	0.953702967146607	0.904281464234898	0.763855421686747	0.713098236775819	0.68034199512075	0.679108280254777	0.838342573679603	0.878388522812578	0.539812168231931	0.970065645514223	0.75016261925412	0.932866494139138	0.614247692394813	0.659985220764825	0.533134974303489	0.766303068351252	0.619993222636394	0.766441688902841	0.790612569610183	0.587175441672023	0.563769585554938	0.827353931761605	0.620130754562789	0.493477357706689	0.925276905273599	0.41668661145948	0.60431654676259	0.752129925452609	0.733595978807227	0.718177097895115	0.938281145007391	0.369099756690998	0.672684915550379	0.66928011404134	0.431046773043812	0.80251922727548	0.384039541244781	0.777444558440534	0.803243243243243	0.822354782755849	0.660096426545661	0.459657573694958	0.865398925175692	0.55547010190348	0.725734730385893	0.99362267493357	0.956736831894461	0.858782723594021	0.692849071832123	0.81074803080846	0.868187708021037	0.718100056211355	0.665128260169582	0.765194886675555	0.945328437372501	0.765575637746878	0.923333169234809	0.738395038526593	0.935996834019895	0.601476287137848	0.734414405920758	0.961394849785408	0.290176419550757	0.623509480680263	0.965697484482195	0.90041426366664	0.639250590626889	0.587849331713244	0.905406548777392	0.837615787354007	0.428653104006861	0.987658674188999	0.536813070231275	0.678319485812823	0.478402284716989	0.823749724608945	0.727010774242045	0.525183065085678	0.685146303328122	0.531817282974095	0.65809451886005	0	0.681380167858253	0.586305569749617	0.99016422235883	0.621844127332602	0.700875931494313	0.817245948425237	0.486967694566813	0.705569007263922	0.831070051748689	0.813990973565442	0.557651878604927	0.745796134953928	0.642105263157895	0.848702118540998	0.447287357767021	0.681560241323696	0.742692438114615	0.782793464916423	0.868151655607056	0.902382782475019	0.593549530391636	0.570752915601774	0.874885464389838	0.808882475549142	0.887214309373965	0.945207847204217	0.780782385634887	0.779377968438793	0.875449191924893	0.934719575842929	0.898928541297562	0.520330399724667	0.988078713154242	0.842894760200006	0.572538369228826	0.61898883917091	0.788543523757848	0.78902224355897	0.900050650008442	0.783333333333333	0.718652573948749	0.94456429365235	0.93052577408011	0.566094369071917	0.913520475811645	0.689298994628839	0.69894419306184	0.814220452149467	0.834458582186445	0.612227074235808	0.602930628138129	0.971791502409111	0.566820913046481	0.800512163892446	0.609166983643971	0.79675118858954	0.904512046914485	0.993529947548604	0.605986171761281	0.827286229577764	0.81425694724124	0.939199759326113	0.689106766231545	0.719111667187989	0.842484894259819	0.518040445018133	0.894736842105263	0.892385290021455	0.987476849810389	0.6809442790302	0.510628518901528	0.945352685361398	0.841174661746617	0.852112138110152	0.791467780429594	0.943863891527766	0.650380485029514	0.703717760717674	0.625155666251557	0.831704240895475	0.890181556912704	0.939983557138942	0.9675815305134	0.393091181426699	0.786938519654905	0.937880737880738	0.758865637256246	0.580369550671676	0.865812955520741	0.868371948375058	0.800813910469848	0.672727272727273	0.868257519264231	0.666988003427592	0.882760658732504	0.669493278179938	0.864500095584018	0.938385953608247	0.722312416178443	0.546435965690624	0.654624851131401	0.628905712319339	0.600227063080962	0.502981439489376	0.988016565336153	0.583050169898061	0.622982077030634	0.875354107648725	0.490167347883088	0.9335959609681	0.705721040189125	0.760426023354292	0.876041188430511	0.748568251320545	0.811425568651002	0.84538313093312	0.944330740892345	0.868504067740329
"SRR5928273"	0.645281693233215	0.760299625468165	0.547492937853107	0.780610169491525	0.974465379929012	0.80505701536936	0.987173666288309	0.681695514610087	0.761617934500778	0.982445874780573	0.797326614878578	0.369455840235312	0.407507914970602	0.607300188797986	0.906788292078112	0.901488039178753	0.597800891530461	0.720258541089566	0.690223218637294	0.879660056657224	0.786568258221065	0.9272554380126	0.756857193417094	0.675426774483378	0.429678214552978	0.363341568869673	0.787434666666667	0.632747829598223	0.987907206317868	0.587513192245737	0.889594528578407	0.586640605082009	0.97184709508104	0.905178857447944	0.861926817971283	0.783813263525305	0.46488874861922	0.797410363368939	0.879782295501841	0.95836025558188	0.863827849254241	0.895891364902507	0.958389098430466	0.567527456218462	0.690293999194523	0.502663806822113	0.436192128374715	0.534622690381627	0.738282478766908	0.45301094890511	0.696937919463087	0.721272960273387	0.66858496249974	0.505280467750777	0.930539609644087	0.80223035372016	0.598542944785276	0.92285200179937	0.351201583262652	0.714845413508219	0.612105535437144	0.60703125	0.504557738995007	0.894215404282518	0.672359075109566	0.734746490976797	0.614049091997605	0.442884704943118	0.702816901408451	0.491294731469404	0.793766508188061	0.354421279654925	0.758010347644549	0.655166085520279	0.65733341722771	0.813477331533356	0.3677502621602	0.571000672412739	0.992577931716972	0.742821042958879	0.840727844546782	0.693183045842486	0.843370150413498	0.627804054988521	0.491202612007981	0.644801659320716	0.795495023572551	0.925958669466239	0.628482400461627	0.897562918954497	0.749818368306338	0.744965161782953	0.439993302356733	0.733867061013233	0.850945618596795	0.683922462941847	0.447656700436537	0.946890905067493	0.831521142229544	0.442480826942314	0.789497510185604	0.885754092650644	0.82517102834184	0.526963954338413	0.980093389039076	0.417614725808513	0.628397464063775	0.491388320836174	0.667578695709922	0.803696907308777	0.653120648183314	0.612388549976537	0.565107115358485	0.273356716621874	0.681380167858253	0	0.760083109264239	0.98630974208532	0.743756394054282	0.43863711544823	0.645955165692008	0.633918002797805	0.714674758792406	0.765896744440536	0.80504238209085	0.441120886282177	0.54636418877861	0.705740823634736	0.866541556894872	0.491851035351547	0.67538644470868	0.434613051390935	0.676941909637213	0.735429190157936	0.864749082007344	0.587988324203287	0.728360629155181	0.86248437322423	0.783340526542944	0.850507328072153	0.948595337716677	0.591899909712369	0.752233956133225	0.786485133647012	0.881782289904117	0.872094367988898	0.599719838907372	0.944032739741179	0.767659268460105	0.527995565059001	0.511978813820287	0.731820526044353	0.901389919708522	0.871527777777778	0.756654710213328	0.61850175967823	0.894466958895046	0.944871643203596	0.373327386262266	0.875010677206687	0.561070140496313	0.780783767654665	0.703369783530462	0.502377438924414	0.565568347227736	0.317925453653752	0.960774759410403	0.656169608799787	0.748993072337683	0.703478935854915	0.552808194984105	0.874406267349331	0.987916040931792	0.690169347108318	0.652045778279876	0.786947551308503	0.995827670133072	0.776522284996861	0.79356757179748	0.994452707320014	0.643597436247102	0.789683631361761	0.848421727287294	0.981556621172999	0.792714657415438	0.755869138771119	0.965165748670015	0.870842685166293	0.741034122562674	0.880807684767693	0.941956288068793	0.84633809304468	0.706130499096039	0.646958145324413	0.731751330867094	0.916169142423236	0.961122461242639	0.935825392947308	0.626610860226897	0.76441696420796	0.936560539708841	0.904976695233799	0.795355099293167	0.881655773420479	0.919449476786632	0.719442578912021	0.68948468321525	0.895295046823875	0.395060131902237	0.807096451774113	0.791411347341785	0.748572922567432	0.992324054378988	0.794544293403887	0.648687190671923	0.625490341203464	0.638643588837866	0.722421236336916	0.730893433799785	0.984035367800565	0.551300516817758	0.582250551605786	0.877671668940427	0.625923970432946	0.907320396560635	0.53034818892668	0.701995279982836	0.96511917614816	0.606333310778808	0.77343091111897	0.916540180891985	0.793539793539794	0.872171945701357
"SRR5928274"	0.897226682869667	0.857170530122038	0.704553294239393	0.109202290584632	0.90519711056822	0.621365787694388	0.90507602862254	0.836030703782484	0.91277578245254	0.992738000680812	0.964085141787423	0.71456737696216	0.69026156346978	0.683050847457627	0.830353200883002	0.708800293955539	0.905831711775458	0.681161540430823	0.846299990500617	0.934235125921038	0.637518515728955	0.949084206888607	0.884356093344857	0.996238105775614	0.834152708288014	0.720877458396369	0.707825127802643	0.797719677609593	0.989010989010989	0.745060478353675	0.836749879087764	0.674615704196095	0.992039772042349	0.938544586317866	0.978042717731541	0.90998127610543	0.917323443053624	0.662825519273616	0.362795800031343	0.759526660562091	0.891061761131367	0.748894181694454	0.993166018616708	0.827021614936097	0.795490196078431	0.759119625025474	0.749706102383243	0.635274261603376	0.905558388577256	0.409453560138492	0.784169726642187	0.990033222591362	0.833805086671763	0.829985886440126	0.780783582089552	0.525796015664907	0.440848003028582	0.905240174672489	0.630925193560965	0.754526315789474	0.892846208796816	0.862957213544193	0.412100095026924	0.996677858278848	0.573692786253888	0.6845137717819	0.83765766943337	0.61801424929734	0.860608880616857	0.6037092899838	0.822665159765745	0.65934151872996	0.86647419704078	0.686369335482715	0.416620258647361	0.976629900622475	0.633793920252665	0.814759126721597	0.991379310344828	0.87816742081448	0.933049830988987	0.794343189356921	0.936339034223752	0.921473874962247	0.873029927395077	0.689347604485219	0.742178742484459	0.993774820221101	0.890074094464708	0.981345149221565	0.857607639329024	0.974664311625169	0.842944074181397	0.602927397503102	0.984777647293435	0.468104222821204	0.815295350149085	0.962604771115409	0.882641630214446	0.798204809015266	0.261203963910664	0.936944037833577	0.768070064366361	0.664949310287519	0.989293361884368	0.704788236772653	0.841595160195074	0.684191622143402	0.871495265476222	0.866797170440895	0.681034842478615	0.79061037692189	0.748780596948136	0.717654470995905	0.586305569749617	0.760083109264239	0	0.988637708604569	0.825443257118978	0.853721682847896	0.994006233517142	0.311658003606662	0.530417372555059	0.950725198220847	0.923548046462513	0.684877986293473	0.809161223099427	0.713873153393313	0.903543377900354	0.626493947104634	0.781691985332635	0.912763614804777	0.943530701754386	0.954530331595874	0.993447180301827	0.763104798828975	0.781950294183841	0.912209109959193	0.941065436241611	0.927117531188444	0.94509440518939	0.96094839609484	0.777975484381178	0.914524127218051	0.910215701302967	0.901065619742008	0.754726739842538	0.961112901493179	0.92469459836039	0.736176812718108	0.729294153286883	0.854461507578039	0.953519613111231	0.963179164795689	0.855091143435831	0.979046313521982	0.941095557893033	0.942667125329664	0.727259475218659	0.958945190511984	0.764393738392146	0.7455919395466	0.943898028492039	0.69420824643029	0.758939019633338	0.748130277442702	0.993157956824348	0.758599774716229	0.989118435577985	0.830548759175114	0.891039758896488	0.972188707797387	0.99314902598526	0.819594665546571	0.929509865709992	0.87886461960536	0.945547826634352	0.149880178021226	0.300068981375029	0.930750469793291	0.438108108108108	0.870340356564019	0.925372539644593	0.985001785501726	0.853364184928089	0.564849093304888	0.949148169287183	0.799602780536246	0.983393563930477	0.641069723018147	0.966670524244879	0.631933830801043	0.870899740127574	0.806584362139918	0.965053044486048	0.953646459577933	0.937827849308536	0.969873276480434	0.76131553239987	0.934781478078463	0.961684065618906	0.867434298839603	0.748608017817372	0.856425104317466	0.801573403022874	0.916403785488959	0.820686880876955	0.90712955864637	0.759120376255243	0.974391133148607	0.621213988219928	0.997501830555197	0.839864803142413	0.587140439932318	0.455495644960597	0.805056797361671	0.554347826086957	0.761183325862842	0.544581032852393	0.983830697895613	0.770358710960152	0.744277210472826	0.920785525154457	0.702643938076187	0.955831381733021	0.836801333935457	0.877523553162853	0.474368348362986	0.931149066259055	0.908062120189061	0.66164216446457	0.82127843052711	0.906675450153711
"SRR5928275"	0.992461973347691	0.978915662650602	0.967184295341342	0.99151426481346	0.997700866280741	0.982488479262673	0.998351365275631	0.996806296159001	0.986592048501807	0.638095238095238	0.996418719450225	0.97761790567546	0.953279760792375	0.97665207421305	0.99864105706347	0.915649278579356	0.997124538566155	0.994154488517745	0.886518771331058	0.918681318681319	0.996461071789687	0.775100401606426	0.970475346914674	0.992519963610634	0.99500067558438	0.955132023029581	0.993172484599589	0.926670015067805	0.608465608465608	0.98513084853291	0.985772357723577	0.970924195223261	0.999843538234815	0.842758620689655	0.997901602155111	0.996222369697279	0.944105904601807	0.996662494785148	0.975540511028609	0.955769870302627	0.870967741935484	0.979289112790372	0.756578947368421	0.989679922405432	0.94447198810114	0.982869379014989	0.987655493305479	0.969457322061631	0.93094944512947	0.993909402360107	0.930906847624923	0.948930296756384	0.997215177283803	0.991773778920308	0.895151754040205	0.968565815324165	0.99135068345046	0.727737973387922	0.978505629477994	0.988437078435151	0.976697328077092	0.992131941292177	0.991951710261569	0.998471295473795	0.978943410415492	0.956025789386675	0.967968530486092	0.984260820685779	0.993791371832915	0.992385264457707	0.927741935483871	0.974370112945265	0.996902055154482	0.941669460274891	0.985961393833041	0.860369609856263	0.975011155734047	0.991236380862151	0.834319526627219	0.983784352953564	0.88663967611336	0.994358819381485	0.997052193514826	0.997379417805794	0.963998714239794	0.96459470251564	0.931288343558282	0.798941798941799	0.996837051680316	0.997270063029427	0.992379230173082	0.998335956824826	0.995367472142231	0.996422411039417	0.998854761875754	0.988363636363636	0.973497397065783	0.76313446126447	0.808403361344538	0.984180790960452	0.98539052256977	0.822349570200573	0.913446676970634	0.985407377381435	0.479820627802691	0.99042814642349	0.979790419161677	0.992051100070972	0.991052808610831	0.992766038454217	0.992903307565581	0.976384943181818	0.992092629200791	0.990881892007409	0.99016422235883	0.98630974208532	0.988637708604569	0	0.995576444567321	0.936317931529806	0.99129514174803	0.989504263892794	0.993703974366181	0.987211407876867	0.912975912975913	0.98492597577389	0.984138342277877	0.992885119839017	0.99646333031963	0.976598412035102	0.994991279459774	0.979580573951435	0.992641940936661	0.994064023743905	0.879301217575437	0.993447993447993	0.988394415357766	0.873303167420814	0.915742793791574	0.901570680628272	0.751111111111111	0.985245685680411	0.933781686497672	0.997335236735665	0.84	0.846994535519126	0.991972228249078	0.966252220248668	0.99506129288297	0.966044142614601	0.986541696707522	0.937078651685393	0.995561525433627	0.84551724137931	0.900709219858156	0.944827586206897	0.936302681992337	0.79182156133829	0.979772439949431	0.997799179242785	0.991558806978053	0.947639083683964	0.981642512077295	0.988792902171375	0.984442283650507	0.986661903060617	0.748299319727891	0.966646813579512	0.940875750166704	0.986978019288197	0.99184213427406	0.997249373741343	0.992663384496573	0.990426217435331	0.990999678559949	0.913446676970634	0.998843909752705	0.994082840236686	0.976973684210526	0.997992303831354	0.994770509408414	0.959849056603774	0.994573108323614	0.660550458715596	0.992590322850219	0.995272466337428	0.99777811189629	0.940646528881823	0.99256357479583	0.95102754700481	0.764192139737991	0.969387755102041	0.994321578003586	0.946142943915772	0.99480738193811	0.998583743842364	0.990145453112066	0.94775435380385	0.989065703407205	0.99850505050505	0.820224719101124	0.989502762430939	0.995962072322169	0.968539325842697	0.9959728088901	0.983279904456597	0.983424470266576	0.921940928270042	0.990199973513442	0.98980921002222	0.996542569611656	0.99507782359984	0.983371015972577	0.963230466185161	0.992967916117285	0.986078400586173	0.967145790554415	0.962314939434724	0.995447154471545	0.719298245614035	0.97119341563786	0.986378205128205	0.872871736662883	0.992439073786539	0.997047282334201	0.995340710541642	0.99441424367862	0.972855065438681	0.966783216783217	0.995353997642327	0.998257839721254	0.897623400365631	0.878918918918919
"SRR5928276"	0.262258525218611	0.956238217387273	0.826248858287079	0.905356246864024	0.936041861537002	0.924328692649598	0.965590655388687	0.170220551545191	0.330964058094629	0.994159560798972	0.26559629013912	0.699703895931064	0.686817524009999	0.846566164154104	0.535219130920257	0.879377431906615	0.327242655745452	0.660688032931491	0.887140927838814	0.947540731040327	0.597784871519021	0.976204453837423	0.893108298171589	0.441423911177245	0.472036130974784	0.900897308075773	0.814037773577242	0.865626386629197	0.995879882735124	0.621297060413762	0.736496834213353	0.774987026466009	0.920600306819916	0.978040221861676	0.381080274544912	0.147932440302854	0.70870790285791	0.5998362082203	0.89079373650108	0.986545208742395	0.948381621079434	0.85949835813596	0.986512600070986	0.236326434248839	0.950498707055781	0.675667120382387	0.754383992805755	0.767548746518106	0.895407685098407	0.750978315915473	0.88843068156257	0.901441400649008	0.688437437759495	0.537559265667483	0.97883291047481	0.884190662566396	0.607178569548971	0.965270841336919	0.617551618183385	0.346971935007386	0.429253043764396	0.180625839099453	0.851625651158613	0.504818949087939	0.693533517713684	0.819304224808694	0.666531969786454	0.573440268581554	0.191830997913029	0.736562077593397	0.90752922602714	0.879960886131436	0.3484298924942	0.8262234270224	0.741818291907602	0.936296922426711	0.746063991874048	0.546347434098576	0.997145349298232	0.960694645441389	0.934334318958565	0.131583049413232	0.378021885403644	0.310990598787788	0.82076409600909	0.828594239390776	0.919874077127759	0.9744147859625	0.711691447662207	0.516261302774105	0.559858894343439	0.480891215856623	0.569892997294465	0.751273088592771	0.662397789642684	0.55770228963608	0.721233648690187	0.98609413202934	0.957931638913234	0.567609622506458	0.818833903658858	0.961943225505806	0.948305309902456	0.4492712121646	0.993590758031334	0.708943387018058	0.588254861048112	0.359068032598421	0.292006644396984	0.544513457556936	0.592065629974287	0.510642398876559	0.516944182369891	0.720549487094216	0.621844127332602	0.743756394054282	0.825443257118978	0.995576444567321	0	0.783167978104687	0.501281516361686	0.705016235583921	0.558423976471687	0.255985956699824	0.92672741078208	0.582858726102885	0.602611003514812	0.413146250141825	0.572074003889692	0.728141023492744	0.09258868688573	0.781706594134672	0.599829108516092	0.539263677967259	0.95078316383342	0.242081286924336	0.201384111896275	0.942090449936384	0.908202681208816	0.952860658258997	0.980237619103635	0.543070702119838	0.893277995997925	0.430675431927612	0.967849863477291	0.95702928058949	0.59394240028012	0.976622483670117	0.228844985439232	0.777187972450865	0.543970037453184	0.886408526813998	0.488393394572244	0.954069361471022	0.913024664647339	0.859912121995348	0.972629922337405	0.976397952405142	0.647597254004577	0.671182932763146	0.535601287974241	0.875625183877611	0.316238019371317	0.897191164439596	0.62222497829592	0.681136023916293	0.987296326981497	0.78642075252543	0.894558743909042	0.371855760773967	0.528718790294221	0.442733119459944	0.985492997749667	0.602572669562312	0.368429474357949	0.925456408699283	0.956971596279162	0.901445591739476	0.890229635324397	0.946959277641572	0.638390359371638	0.94481974872151	0.94661974771121	0.993510347829528	0.695038718991994	0.631421303134745	0.963639126620663	0.962360801781737	0.258712668893653	0.945574250182882	0.976637528909098	0.859607759082628	0.299470075246533	0.829554547879435	0.336657846529615	0.616271950233891	0.968029828249574	0.982935037563314	0.590265185856754	0.4697195283892	0.969515769726814	0.785287639156232	0.40492517522258	0.967637088036906	0.858315770987004	0.334358673892876	0.434611094485404	0.951540325372101	0.653355416513311	0.327260287361939	0.533239333646666	0.256566966847108	0.996285213084305	0.905548240150895	0.523718887262079	0.334375	0.845688988827208	0.83621766280107	0.763720218315107	0.993987579605237	0.755018831415639	0.343830762262542	0.958432945168505	0.302663924145889	0.964994622078811	0.405830431259172	0.117727917701313	0.974502210493848	0.623899489300373	0.256517302161611	0.914460472460258	0.97062760546143	0.948109939179306
"SRR5928362"	0.662954872395972	0.909585376727597	0.466957946477335	0.835287548855388	0.97028028503563	0.948363755961191	0.942567567567568	0.819291944586968	0.670258723000237	0.901783748073112	0.723691706681859	0.212338754907459	0.302958324335997	0.485989894350023	0.918056713928274	0.823707287571817	0.771571206908183	0.82133414242989	0.466666666666667	0.777224642190417	0.821536038696251	0.834429575867544	0.523979172375993	0.561576354679803	0.638433174798269	0.858962896736701	0.966690769984372	0.652660115215181	0.980975609756098	0.49953568112008	0.932941124430486	0.405899781012495	0.9857655126135	0.78511471740347	0.84393506228303	0.742893617021277	0.236216839677047	0.81120392858096	0.810600706713781	0.839395465994962	0.799539652646997	0.799839657936932	0.918861209964413	0.727548339284511	0.81140350877193	0.291989664082687	0.92078659465448	0.560833993138031	0.567323332730887	0.75982062780269	0.782718727404194	0.513059701492537	0.823426771510798	0.674928299302256	0.755272952853598	0.684773882793685	0.580427046263345	0.861292962356792	0.477377384694101	0.67173221069925	0.564661359780765	0.804794891221994	0.794693442530992	0.882564318207883	0.750162513542795	0.829919678714859	0.425333212439931	0.42504761041081	0.697242020452433	0.923105143444127	0.666361472257828	0.872930123311803	0.805511182108626	0.695967507977952	0.816805450416351	0.667553735926305	0.396878351006791	0.433589639821934	0.993137254901961	0.924373508353222	0.717085119412125	0.714790658531454	0.872439906487901	0.766462409406202	0.232697237254343	0.624824929971989	0.85453889189677	0.808523290386521	0.819485770962081	0.871838299614733	0.647641144624903	0.859986358281143	0.660045260246417	0.967913223727177	0.921153622514246	0.706708037825059	0.231903649993855	0.840683353198252	0.647912174083513	0.423710308434173	0.944216216216216	0.769581254068128	0.835158501440922	0.522752013934248	0.961780358006773	0.355093626524652	0.423325228473212	0.608355091383812	0.759579085045034	0.809104763777592	0.711572640024374	0.473871499176277	0.568907330567082	0.56498969301911	0.700875931494313	0.43863711544823	0.853721682847896	0.936317931529806	0.783167978104687	0	0.512085078955849	0.695652173913043	0.674009216589862	0.678357966918408	0.58907272027703	0.358610351820827	0.615782602388666	0.774354127284184	0.897779406746458	0.44923536851788	0.731196711327649	0.107100199071002	0.51245704467354	0.690767812458844	0.73	0.664079980956915	0.725317729492006	0.781438998957247	0.63145896656535	0.702836004932182	0.879844072460445	0.45000869414015	0.589322381930185	0.83039115387127	0.74243982719605	0.854404479862158	0.429202528753142	0.92813182449871	0.711233968934522	0.493215818160733	0.423526526608354	0.687576875768758	0.88020984081042	0.767471958584987	0.474658573596358	0.363743477529036	0.800173117348831	0.90244998876152	0.326206604572396	0.940869565217391	0.483702737940026	0.611570247933884	0.639802184663877	0.87551867219917	0.345814581458146	0.422651933701657	0.923424494649227	0.421103315449168	0.594292508917955	0.697181362478429	0.479279001694654	0.844585359295525	0.989686954403346	0.53837823202924	0.566615713848976	0.643035542747358	0.986165007592374	0.830639698054776	0.933675213675214	0.981814207650273	0.813408085912824	0.743925588458618	0.97500217751067	0.977718575926374	0.817734237628737	0.740815882907036	0.961222690469065	0.660917557778544	0.672570103310141	0.808970635688932	0.896086060883497	0.848489271639177	0.855698945916658	0.429152542372881	0.667327386851668	0.925447208216988	0.95266393442623	0.87238670694864	0.500211954217889	0.873359420344124	0.894263217097863	0.940583227923832	0.762512639029323	0.724534868156873	0.980560875904062	0.617053481331988	0.549151456932437	0.748507923441037	0.408305705810504	0.779162362976044	0.80515080567415	0.681076801266825	0.969583475201453	0.78323990225672	0.643411634237322	0.648622816925884	0.77568306010929	0.459247421182624	0.737083932517274	0.976805991785455	0.348634440312861	0.60929778537002	0.691151919866444	0.622196111941893	0.985676954935411	0.692841117683051	0.735748268091144	0.928331466965286	0.39508120649652	0.806185692913626	0.959583588487446	0.764235764235764	0.732009925558313
"SRR5928363"	0.277096955787468	0.998198082244675	0.767857142857143	0.995885865958859	0.989920806335493	0.995963479096588	0.996767001114827	0.613846295954184	0.340816889203986	0.983079526226734	0.421620873416845	0.54180829367777	0.609892536434565	0.787599754450583	0.815381900013237	0.980618028890108	0.507388872534589	0.885088519802884	0.793931373475754	0.884527063969382	0.775543464634055	0.958777052559258	0.764068146618482	0.0785525154457193	0.27386378434692	0.988999397227245	0.996991206695625	0.83512614903188	0.988366571699905	0.522458112754462	0.99145965615833	0.700339207412923	0.965219848959048	0.950438822922044	0.615264367816092	0.399008050603795	0.409573649376635	0.725025722010863	0.932885906040268	0.991859077830023	0.937163572448643	0.909214092140921	0.959948471718	0.50790943840047	0.988685134607881	0.400257226020443	0.993605456676969	0.774659721055285	0.783098305772547	0.835411658653846	0.904017857142857	0.730689797604296	0.864693620622046	0.395484919631569	0.988860007426662	0.884217664010849	0.59054003021148	0.986322188449848	0.609663982227159	0.297453995462566	0.148295165394402	0.594573643410853	0.878741366078281	0.704530207266693	0.869263685996754	0.928871464575749	0.4614733276884	0.532538596834082	0.444724618447246	0.995878126218459	0.877976494634645	0.99579406495833	0.622961160674056	0.875913710108754	0.971010917165238	0.837115864914757	0.678540536290006	0.182085256909887	0.993336506425512	0.998420933904805	0.871842133795945	0.404179572074478	0.692335987934745	0.541140021385683	0.593865679534638	0.842900685801372	0.944247339077547	0.928487565375173	0.85349982815901	0.712194029593647	0.346346810573802	0.68299022863106	0.393283489611302	0.996054728003844	0.814845981796842	0.833146696528555	0.518979215151272	0.969865355845266	0.91342175066313	0.291152464903689	0.993959039339915	0.929474980409717	0.976492811417777	0.392586864055681	0.986285173799953	0.587122635600651	0.262322318626546	0.349160134378499	0.559172922428553	0.641736657334578	0.804055460715327	0.212575003846351	0.637662395642663	0.687873209715799	0.817245948425237	0.645955165692008	0.994006233517142	0.99129514174803	0.501281516361686	0.512085078955849	0	0.778800380831482	0.371964340608669	0.35399698923071	0.823146397815585	0.376061283115225	0.43371325734853	0.535936113575865	0.799441561709828	0.740726518700561	0.453000392208132	0.490850830592799	0.231795320358627	0.38405342582002	0.874555511655472	0.339334359824707	0.462814957470711	0.913148371531966	0.799541093032958	0.88487486398259	0.970063327576281	0.0927587514217111	0.859952793076318	0.667044663284592	0.947305389221557	0.956730233076837	0.372027731622071	1	0.459515414227024	0.732293195334827	0.340097843812285	0.862406390414378	0.719213475605664	0.894419642857143	0.828843687007513	0.644227959084267	0.946499073402627	0.954861506896159	0.483589892535579	0.870363054709951	0.239138487590623	0.858685174474648	0.263894389438944	0.999360920274804	0.334456394972139	0.56012506012506	0.962246453277055	0.676528939877512	0.760797863986179	0.416090991556765	0.101467699063908	0.658121054889384	0.997236901184679	0.407058330715258	0.190676531747183	0.870920348410116	0.998930716734283	0.997134474994883	0.987479960302313	0.997763310300755	0.898219344394982	0.913728129205922	0.996775991084222	0.98627706139832	0.850364798114832	0.586794462193823	0.975412846904723	0.944674965421853	0.281593406593407	0.939555217639232	0.94846428160589	0.991946308724832	0.696181847891211	0.722331865796265	0.256337276527617	0.84162763189023	0.997083680514224	0.960155567902214	0.429050763069596	0.710297046851996	0.945717869768503	0.986537602382725	0.534749249416213	0.938618058499364	0.997765393210026	0.306825712392313	0.160639951853152	0.903952956550147	0.451032560496643	0.512828727029152	0.588077481601812	0.28256478576647	0.993620705367721	0.889016931123127	0.454184256270176	0.387901397117987	0.899347303332188	0.735343981440171	0.809167047358002	0.989601796053409	0.602078693392725	0.192083031619599	0.906757349714787	0.273863241929885	0.998080793895988	0.419674746003676	0.409601923212897	0.991910039640806	0.255844757930989	0.549747822099954	0.998471548073944	0.980919712723765	0.908951965065502
"SRR5928364"	0.743894232672287	0.942966853012592	0.642205818497612	0.341299303944316	0.940188433498537	0.685566600397614	0.960616608652412	0.769802524519506	0.81095105047353	0.986588128681468	0.865456418179477	0.53546628593679	0.468266057374968	0.699250098671227	0.773114132425503	0.906469331705829	0.855118981737687	0.574902756637916	0.758098674405836	0.867609368095449	0.49882291394193	0.944969274511602	0.78016241299304	0.795349295497093	0.792517951362717	0.833182230281052	0.66506634255039	0.707486285898677	0.989427978100812	0.671692773142048	0.806879488677365	0.593042014449043	0.9891344825018	0.950906790383804	0.889686884169039	0.826365273054611	0.659588499076761	0.52137024315902	0.492258408969568	0.857116754978988	0.882018983411692	0.855773358134211	0.968064245027547	0.825538971807628	0.924166800837224	0.624269609868382	0.737008024455483	0.536384309266629	0.752390454810011	0.330346599986108	0.752536171628139	0.778977560317193	0.79313750666693	0.825958800870876	0.899088239839283	0.584765177548683	0.274214267363193	0.920576348620629	0.600099132589839	0.673571538580009	0.715582034830431	0.758066743383199	0.328974959911188	0.927871862885125	0.437674891885017	0.658441716299988	0.707127774924385	0.501626619485189	0.811389662643144	0.681061471947523	0.794897532413216	0.789859417682724	0.828729756432836	0.667015237526143	0.477669586030572	0.854292995869584	0.495533015382549	0.727518701257361	0.993190845470021	0.952165611496332	0.84990783814623	0.73475660134175	0.830742293203162	0.875734285640349	0.65833086712045	0.795959370465454	0.751225592023265	0.941936042984661	0.789981447124304	0.928897597263504	0.800224033373247	0.924300683371298	0.803631676712536	0.591234926038695	0.954154232083387	0.396305541687469	0.586221037523067	0.96911866759195	0.910823630875377	0.588676008006863	0.404471544715447	0.912456092947852	0.834686725361142	0.481872441177921	0.985133609333835	0.716806352007058	0.717930622658922	0.572484180444989	0.83939205182509	0.778022723418688	0.504410585404972	0.716738197424893	0.613740892995238	0.682363048725606	0.486967694566813	0.633918002797805	0.311658003606662	0.989504263892794	0.705016235583921	0.695652173913043	0.778800380831482	0	0.412570050365326	0.840510025999929	0.835614095107766	0.554583683767872	0.755510579576817	0.625307318093843	0.895207727437308	0.468501086169442	0.686321186595862	0.68636396036781	0.796989541589287	0.84217538345916	0.892467870505938	0.617295174369977	0.68576144036009	0.866950128443618	0.794522878040483	0.892781690140845	0.954306771073238	0.73838630806846	0.782298589722808	0.881109945646992	0.952796125055042	0.893687707641196	0.737756714060032	0.982135114040413	0.852734032584711	0.588675001653767	0.655470710738506	0.783832581042265	0.91640496001554	0.893620844564241	0.847294405380618	0.694893445918778	0.945682737809478	0.925980078589052	0.507464559026471	0.922723567635923	0.75335833293777	0.749521683673469	0.784615384615385	0.822576252723312	0.644512610770279	0.705350494628231	0.969903729320497	0.650221608660902	0.791331186258722	0.675337311883757	0.758163894023413	0.910725113940888	0.99196735533207	0.75851043821704	0.794564313536697	0.831780494059321	0.98284775865215	0.370892018779343	0.405069094243238	0.978102748640992	0.407139714662812	0.897827363476218	0.977564958602007	0.985314882801469	0.772546648237733	0.486801970905678	0.936214197336366	0.91750732183534	0.825492813948009	0.69429561928774	0.940163858970818	0.853278381416261	0.816031721078097	0.66762252346194	0.799805321219987	0.911224442486902	0.96651199194946	0.966145304353714	0.704668733049206	0.913062348718805	0.928695493189505	0.834997901804448	0.730271092234282	0.934264232008593	0.776917442712148	0.812343239340275	0.764982586277082	0.889720778648815	0.711071508130987	0.863916509162626	0.522138367718872	0.836864656629585	0.856360922209322	0.56687235149803	0.306471213732341	0.8048929249119	0.559432459823368	0.703969499887867	0.480359948578774	0.986457255713345	0.578395018540544	0.651474765129998	0.904306220095694	0.580141169006265	0.98667001437995	0.83437066658067	0.734961912266877	0.570160346844677	0.713243384098674	0.792544653094504	0.710032618365128	0.935646577963301	0.879258605472198
"SRR5928365"	0.449368456811093	0.961735207636847	0.72984333205961	0.517530174891206	0.847909778522578	0.814045599959376	0.734464521815778	0.640629753574688	0.33465986100297	0.991736902991241	0.402136908814749	0.60358680694278	0.668182215615983	0.6415770609319	0.64666800080048	0.937407297537823	0.596930047621249	0.763160046888204	0.83278804046912	0.915694678023111	0.564011307477985	0.959491704122968	0.690004782400765	0.405018967026554	0.460170146945089	0.926329787234043	0.786732291131845	0.833555396125858	0.993676603432701	0.567273912571077	0.819597448852812	0.679812865497076	0.964386052903063	0.96932483002161	0.674206258998257	0.53114895451606	0.61026837806301	0.403692175172765	0.628540403583386	0.823426944810299	0.920722092327769	0.883295411452408	0.980815616761093	0.499699755184997	0.954861821903787	0.481068949752712	0.941541313181721	0.73657385559226	0.844450248106555	0.530463354867454	0.866694525699958	0.861269238878347	0.813096413293847	0.460038406404674	0.864506480558325	0.674855354263492	0.307626673667629	0.951135135135135	0.648334737844869	0.373526745240254	0.368995784090124	0.628183831672204	0.539425554247909	0.750765963901107	0.763155590578758	0.853045986763957	0.621687431516578	0.604448232476967	0.444354266003855	0.902426489482765	0.852147014103707	0.929045961946943	0.593039719800283	0.800351116746318	0.724716677777342	0.911985727415257	0.706066802999318	0.425424577348173	0.99593036400633	0.966987416728349	0.907622494732861	0.481980897343286	0.719254151023422	0.574091475273705	0.755355238926044	0.785908292059434	0.843679841278129	0.964088545854103	0.848978897852002	0.660296104898947	0.300936165055897	0.736808994563902	0.528614502791295	0.741219357349116	0.835786429991366	0.661116841019596	0.633730286449952	0.977475061675426	0.934484048522418	0.497134495793196	0.669232788032543	0.938642226002964	0.892862836796514	0.497280128509364	0.992110898230587	0.649481270293815	0.408669094326324	0.459083288520545	0.495989672613379	0.536191844402696	0.710974328178952	0.340118803626637	0.63947360116136	0.492728367288742	0.705569007263922	0.714674758792406	0.530417372555059	0.993703974366181	0.558423976471687	0.674009216589862	0.371964340608669	0.412570050365326	0	0.439011223185112	0.877299308878256	0.474932873802749	0.3334499752136	0.498897512788852	0.726079689437645	0.737056793222466	0.525674455922174	0.703976923440677	0.281073241479333	0.540765573905636	0.934576550587266	0.452176676199555	0.395643250995228	0.918400608464171	0.873702055520237	0.92629072410434	0.964724865075391	0.406068328422394	0.85680509868421	0.585344147230198	0.957343149461376	0.934374144070118	0.52342844321454	0.9921711619926	0.415089176886147	0.732853609174725	0.48786999419617	0.858674817385899	0.743540614294838	0.9351161771153	0.83041283041283	0.80596327929218	0.960919858057975	0.955151984939926	0.611621856027754	0.866678228446314	0.374844775589853	0.803682229681619	0.452847280792178	0.930110978629735	0.448345603106545	0.661033950617284	0.981927372733906	0.746659642737417	0.858505131232404	0.349828722002635	0.39527713017974	0.602445012963376	0.99461311158181	0.35003170577045	0.438448960523242	0.877451240899187	0.894816278367773	0.54320317394028	0.625318265064546	0.870590613523803	0.485875706214689	0.922643697200596	0.979575382961569	0.991995941604194	0.827411927670248	0.304071432037657	0.8926122660138	0.84585265327151	0.48962681070464	0.804139323573953	0.963850731327512	0.899428236328984	0.706184846272158	0.705369067758882	0.464090136589665	0.788975583448588	0.821971463209923	0.9770640105999	0.49945977094288	0.740387628127658	0.959904746081852	0.820637846161025	0.42023862129916	0.695963572546602	0.848684997726566	0.393455372098588	0.332603414650837	0.913919116452818	0.611150993060541	0.607518624641834	0.292585692249134	0.49927818902233	0.886341807005187	0.718119500218776	0.185112107623318	0.451542451542452	0.776514427670552	0.748426445474506	0.479239370415213	0.992338459805081	0.683713978795946	0.369396393693964	0.918713323190611	0.366712023750619	0.987017099430019	0.45309098539093	0.524351945494225	0.699847568016998	0.500881617255095	0.61570149897552	0.669999826698785	0.963474243970565	0.914137033824805
"SRR5928366"	0.157946937763452	0.973128288142452	0.799606129016764	0.947939441442185	0.93529945553539	0.98334695545566	0.862269927335768	0.400247737017627	0.115219907407407	0.984808161454868	0.0965877748299141	0.692458723784025	0.726413850683306	0.722199702742873	0.6524448273444	0.95782982744045	0.263809369277485	0.899141278783569	0.859848101265823	0.92847783358812	0.811187670730216	0.971626452189455	0.704708315298418	0.284955492875197	0.432066567312469	0.973622064786348	0.985416740588298	0.906995927205238	0.994430235862461	0.646177347784971	0.893246911528447	0.774673064258162	0.935199290324554	0.962558336868901	0.395872491503864	0.141829977023922	0.647011053462666	0.707283572717997	0.927768933363657	0.911699402220325	0.951187479479041	0.922970589637256	0.98068887634105	0.196452143303768	0.976934562117078	0.559889742733044	0.98303325339156	0.835239405874816	0.875236493588396	0.867802765749406	0.944079466021969	0.861575178997613	0.85322088018881	0.444052528760582	0.91606077320363	0.877724259621346	0.602503706143963	0.973562530598923	0.717912864292022	0.303126800715737	0.332153637972312	0.367267249410319	0.90562543898857	0.519912479297403	0.899405940594059	0.941334470262204	0.649323112053499	0.697740804175842	0.117498918877668	0.986875092169297	0.904199198143068	0.981281235801908	0.352639145615116	0.883270390897052	0.921919319256224	0.913928182807399	0.799798976608187	0.455551257253385	0.995903271692745	0.975318737687247	0.922909644449277	0.135050993022008	0.505586855937805	0.252782402944527	0.763903104742409	0.807696938079377	0.959970582055054	0.957173678532902	0.873674644047258	0.486879685826491	0.424505928853755	0.495410175189088	0.553744757339724	0.985711939563147	0.685198773684475	0.850763937701158	0.71200073964497	0.973662906794754	0.920843192084319	0.554520950747366	0.968960211035392	0.955479452054795	0.979465240641711	0.578206350370316	0.989789551307505	0.681505350678283	0.431752025804421	0.531178562357125	0.260225729803123	0.637336877272643	0.841930818368085	0.396581792814789	0.685270826734241	0.670270957893398	0.831070051748689	0.765896744440536	0.950725198220847	0.987211407876867	0.255985956699824	0.678357966918408	0.35399698923071	0.840510025999929	0.439011223185112	0	0.880597014925373	0.56305363182477	0.482560861423221	0.58894661213662	0.624543825174372	0.798666186012978	0.207483591922951	0.702995720399429	0.373120198084696	0.457131829960853	0.92485099766779	0.294434782608696	0.299161831076725	0.943794423182067	0.881656804733728	0.924731768422199	0.972110215053763	0.42449093891267	0.913335746419153	0.415606703008278	0.936260623229462	0.976844194508766	0.553485576923077	0.982085042089359	0.141253367927353	0.789583144949815	0.554337686567164	0.896382779109767	0.536459469283897	0.941977828029342	0.810704505850137	0.81066062975921	0.960059308683162	0.968791796700847	0.676241119295646	0.769017140377522	0.399315946985891	0.879764645689435	0.178016052169551	0.983862787588178	0.524568177199756	0.699337286362051	0.98180790960452	0.789057984973993	0.854005934718101	0.45021542040018	0.40484193828606	0.400867111692244	0.98777672856993	0.479076019668188	0.216147403685092	0.913475935828877	0.948161891019034	0.942168876951486	0.96281993713516	0.93582580808507	0.83468562450094	0.935416753360243	0.986569952372137	0.990354062641852	0.866016321170622	0.598754166970825	0.949140923543654	0.856735603586793	0.0867034219361198	0.955720306707967	0.96730855351545	0.983682296274452	0.503315175097276	0.747147012754531	0.197018037085005	0.699388746669453	0.913080070134424	0.97124483233808	0.561720134543745	0.525423728813559	0.95752508361204	0.903335984653535	0.31723633785969	0.812267480683011	0.990054758738033	0.10136575116314	0.299965647543799	0.922741636700447	0.642905797972513	0.277696055897766	0.562088353413655	0.0813193588162762	0.989073496802391	0.925875220027381	0.502355023550236	0.226248185577739	0.925918808551525	0.789576994798312	0.769271056515736	0.989225360099807	0.762374377758993	0.343371478284146	0.929786186908733	0.348148607964245	0.991418576878772	0.274611944225204	0.165923592385936	0.965911201932008	0.516522455706634	0.324122124199965	0.939672837147918	0.981081081081081	0.930391140690633
"SRR5928367"	0.890043453617986	0.979339339339339	0.518267929634641	0.912678207739308	0.975912335377501	0.922281416483861	0.946112250606004	0.946855084510945	0.877964236588721	0.909145972138098	0.906013650617967	0.616929460580913	0.664783427495292	0.603300103128223	0.972338742539371	0.904403866809882	0.931753625355061	0.904960110995491	0.358098068350669	0.354738477472812	0.94067770669442	0.615536537195523	0.5	0.84863478101521	0.884977564305125	0.958732254869594	0.989845176458818	0.400398406374502	0.91900826446281	0.792240525699883	0.963787594461632	0.526369792735481	0.996113760074265	0.764467826790773	0.94802403130684	0.911984473556526	0.697923875432526	0.93325428728419	0.735	0.915280739161336	0.49708840656432	0.662168045276448	0.74188679245283	0.913867741453948	0.927583936800527	0.694668606958592	0.980263157894737	0.507679180887372	0.274309496783958	0.900566718186502	0.568508705526117	0.328744939271255	0.944033560464609	0.892335498998583	0.831365935919056	0.56588132635253	0.83478883321403	0.812812812812813	0.821517931609675	0.884374246443212	0.841749758764876	0.943051723125697	0.871594028251992	0.964149874565024	0.651419558359621	0.821216407355021	0.777122496621207	0.7625660562861	0.899328273575853	0.970015830151783	0.294437961882536	0.971911111111111	0.937913595523753	0.496503496503497	0.878430936770752	0.195989974937343	0.651462838451754	0.783201267828843	0.939495798319328	0.983647081194143	0.288203086112494	0.889437125748503	0.961829632928303	0.924672750264876	0.539206195546951	0.730958518865714	0.698981516408902	0.689095127610209	0.948615190359858	0.958614449536773	0.864768252044835	0.96359719504957	0.893262724330686	0.987502706715748	0.979590854392298	0.783204959609243	0.631789594053745	0.80410447761194	0.456354590682949	0.783483520553018	0.920125786163522	0.493891797556719	0.801295896328294	0.803838736339425	0.887459807073955	0.748171846435101	0.756113754564568	0.872675534378929	0.924945530226659	0.938928873835732	0.885853716598227	0.812128612128612	0.859334869937438	0.846736171060495	0.813990973565442	0.80504238209085	0.923548046462513	0.912975912975913	0.92672741078208	0.58907272027703	0.823146397815585	0.835614095107766	0.877299308878256	0.880597014925373	0	0.726896225298781	0.870271485582598	0.932409012131716	0.969724397570606	0.602548648183227	0.917201265931058	0.609472551130248	0.816573388698321	0.912212780934185	0.563573883161512	0.893458459839912	0.90359634100497	0.454068241469816	0.213984835720303	0.323886639676113	0.609789259007478	0.797259637714817	0.433987813134733	0.9463891663376	0.600202942668696	0.717056474614946	0.784744603965231	0.951560316721006	0.909869614751677	0.597418454561312	0.793856363052553	0.371652981078186	0.959954189730865	0.353951890034364	0.429189189189189	0.423139954113405	0.843371175678276	0.616420782552919	0.701433363830436	0.983952085982689	0.81134982453137	0.338607594936709	0.875958996840952	0.978883861236802	0.719221411192214	0.787215969420259	0.755133079847909	0.472939027175154	0.68804347826087	0.892390898918314	0.820253666270313	0.944751910683054	0.991259947559685	0.814540558734433	0.859636093575938	0.275161987041037	0.988754877616176	0.910519951632406	0.902463891248938	0.984927671488567	0.897138782422676	0.803295840962595	0.992889343309941	0.885391444713479	0.946424702058505	0.906604078989964	0.980884386983493	0.592847317744154	0.885462007213033	0.732769044740024	0.601081812035159	0.914668013127998	0.959678261777917	0.612751677852349	0.881220534311158	0.977453001696103	0.978097764304661	0.90677808727948	0.795099431818182	0.964014964074345	0.60128617363344	0.962368650658169	0.919744071214966	0.732809430255403	0.993827528625954	0.865682220909628	0.826797642436149	0.312341289994921	0.785814279048063	0.933193230837297	0.930929223402663	0.897726564933043	0.985338039641596	0.631177772313745	0.863818739674298	0.88533386327504	0.703386004514673	0.435512146255948	0.909917645681277	0.89111289031225	0.609289060908535	0.856455077401674	0.300736067297582	0.854237716306682	0.995909915897646	0.898080924855491	0.916856492027335	0.901690305032057	0.74711477488903	0.941533000703211	0.983058663624669	0.866666666666667	0.338129496402878
"SRR5928368"	0.453728090091726	0.920514238319049	0.437458636664461	0.710265018929924	0.944378825297971	0.794514677523034	0.905981385974272	0.674709350507897	0.522987087753927	0.980754426481909	0.619290617026629	0.202005259697567	0.290291650019976	0.529805200234094	0.839318605507864	0.85993716428499	0.667406304142983	0.745175505242364	0.629575094657131	0.826108496408224	0.67185406575286	0.904724614983033	0.6318832338167	0.428856188075277	0.502139670399709	0.777395295467585	0.92134246812939	0.598907700709995	0.986672106623147	0.311384187340598	0.849806651198763	0.394517066085694	0.97717668180862	0.909217552820989	0.750783662117891	0.598923485216611	0.271659817160111	0.646530131133048	0.748105254193988	0.892244650174533	0.81847609561753	0.767532830399553	0.9542046063203	0.606484714168615	0.883672802526958	0.176470588235294	0.82300084769709	0.367556089003785	0.683132255861598	0.672836848902282	0.661240751280592	0.696969696969697	0.759908826136508	0.55715037198467	0.838573342954335	0.620397128740561	0.377318152438721	0.88895713057364	0.350064958072517	0.488627865030135	0.36627374993272	0.658683379342933	0.718121442125237	0.822533335732666	0.533125050068093	0.630515401498524	0.353171824674415	0.232913165266106	0.562764456981664	0.759981044899893	0.676382832224007	0.739802855200544	0.679987072050234	0.527545087217897	0.697794214766874	0.799950847874171	0.344324231495793	0.284469502819067	0.99018137188054	0.934457715623312	0.790235525024534	0.482197053815975	0.763714821763602	0.679453138240777	0.489245742092457	0.68808339578933	0.757561974073232	0.919257652446373	0.777187955089961	0.812923379312765	0.48719533733663	0.807374985474687	0.527616907252139	0.892539641278919	0.8881032686037	0.548752159151826	0.31044776119403	0.935803065041631	0.829303327747187	0.119067677618646	0.677037510997361	0.857796998219283	0.807283045637266	0.192343823391263	0.981047786652227	0.422356495468278	0.236758893280632	0.353345252658323	0.646663414105275	0.667827472402413	0.63549202475377	0.306056001736488	0.438953488372093	0.4532591264975	0.557651878604927	0.441120886282177	0.684877986293473	0.98492597577389	0.582858726102885	0.358610351820827	0.376061283115225	0.554583683767872	0.474932873802749	0.56305363182477	0.726896225298781	0	0.445224367009276	0.606492727116852	0.822836748567544	0.384267782426778	0.534089754445385	0.401186503522432	0.38400789733465	0.602719729563614	0.859715011598365	0.433176683980542	0.521539688871161	0.813369781312127	0.72008923329811	0.807611774849119	0.916732335172051	0.30260928498814	0.680993734198087	0.739805667357808	0.878235149124969	0.8596757852077	0.287999023318276	0.958262967430639	0.614704108303733	0.43011114853486	0.212966550432649	0.694991055456172	0.811832641415953	0.84991760679427	0.696230823935792	0.587339569284316	0.907583774250441	0.92235782913529	0.193134398866231	0.895554097541163	0.338830921126445	0.594109427066538	0.494504479541886	0.759762383157159	0.141265752280164	0.433326907011118	0.956824886028426	0.505227143128683	0.732830318099974	0.496647457504259	0.353741915614413	0.772273505701516	0.99261172082347	0.357297387252455	0.468890248878009	0.729486876330102	0.969195336116309	0.695274547328132	0.735949451280346	0.960451400934637	0.725761869773626	0.850025382551309	0.97291416719198	0.980764020590626	0.753198801755567	0.564673472694863	0.95400450812566	0.773284719920451	0.55185601799775	0.822029414876733	0.922592495408029	0.788598574821853	0.745408087690713	0.504255143352888	0.511650712117675	0.869221062292073	0.938831340485046	0.93910478834143	0.279140575630493	0.8070379782578	0.905949597298	0.871954221018951	0.632617976562276	0.816299888101455	0.943399576589497	0.498461405105535	0.379054483782065	0.799063116370809	0.331022765885151	0.682799254494078	0.636129227969058	0.561582124515722	0.988502994011976	0.743388834476004	0.397860638343944	0.527692132008679	0.601059301995649	0.523677979479084	0.661188767157789	0.981601731601732	0.433405718422005	0.311240073304826	0.816034804226227	0.345042544478318	0.984048541733329	0.575554595217517	0.539004225610876	0.948981399468556	0.236526946107784	0.651724712547909	0.896628928692126	0.900944538629208	0.808381752997898
"SRR5928369"	0.493463427077355	0.817372311827957	0.694833559270975	0.804533184797978	0.771903462234352	0.897611652565064	0.548399404784616	0.607934384270839	0.385881514053123	0.982257499708183	0.418624048214814	0.570950344058025	0.634866163349348	0.572883902164218	0.701701357649033	0.909095642213776	0.562868439120244	0.798452220726783	0.79562818336163	0.919375215343976	0.762834357866755	0.957063874838254	0.672816851842542	0.464787665264992	0.410400562192551	0.738173715240704	0.889045146401269	0.808921330089213	0.994129275744324	0.562199157641396	0.802840909090909	0.681469836903124	0.962244337161338	0.936504400133675	0.711951167687226	0.588839941262849	0.584348398626722	0.576684910710719	0.872788502585021	0.887556621369571	0.916071839742114	0.889425711012601	0.979652546406473	0.458738380756404	0.841693213109443	0.478864681885253	0.795746254854818	0.725645729016905	0.846408474015227	0.700341042615997	0.845296551724138	0.854620397705119	0.747963753041148	0.412638371252156	0.880258389790452	0.805053072208103	0.520660034631447	0.939477146616326	0.522341478267489	0.507280720900502	0.415666750241771	0.588488163232356	0.722748191978961	0.780499453097318	0.79324565825047	0.833370283332594	0.614088561510456	0.591955969517358	0.438308729724804	0.765540385935474	0.843801927550681	0.741330301307561	0.579505099037165	0.779237440344845	0.749448574462871	0.905481176335965	0.631277994853712	0.368286034952702	0.995681640976429	0.827391254182531	0.902241024468328	0.530777270476924	0.74514687100894	0.5331008895445	0.696354830486872	0.673897655827122	0.882430792985552	0.953282685111691	0.771583773163309	0.591176381894394	0.132799799924972	0.708990717354938	0.431861567830531	0.869692532942899	0.81940091090756	0.760419457307972	0.634442836468886	0.961082430362512	0.888662823556008	0.46472184531886	0.875383418028659	0.934309963957679	0.902460950668614	0.480737145457303	0.990554193818378	0.513678564060243	0.395187601957586	0.364581290449108	0.458450490980664	0.509113092444862	0.754320758223379	0.344209161624892	0.578257467066649	0.297557461855805	0.745796134953928	0.54636418877861	0.809161223099427	0.984138342277877	0.602611003514812	0.615782602388666	0.43371325734853	0.755510579576817	0.3334499752136	0.482560861423221	0.870271485582598	0.445224367009276	0	0.577650959781652	0.646953639495835	0.692719586660404	0.535520391097388	0.653120031796502	0.252738978201122	0.567737193260206	0.922579242102974	0.447824275254479	0.434253246753247	0.913618587531631	0.866046928375427	0.905836531301907	0.962604695057214	0.390910977381199	0.829364864131909	0.557795469299894	0.926549788014209	0.935715943374333	0.478500894176192	0.979466817923993	0.413097851054055	0.705882352941177	0.452590026585032	0.850798512360534	0.774903127900638	0.931278658076499	0.788145754053068	0.795295133268587	0.928723404255319	0.964910221804952	0.582233111020371	0.852338244714926	0.288669660605168	0.812261975004023	0.500354907401433	0.751671717900611	0.455596338016285	0.519938958274768	0.980831051315633	0.751787332594905	0.844307956006285	0.380033034577997	0.355933528836755	0.522316591520744	0.993176078663156	0.337888698067015	0.465593477960481	0.871446229913473	0.809442967869418	0.804326965017884	0.877386746536878	0.765078929777351	0.631971730703304	0.856111375329673	0.921014406070031	0.991508192799904	0.812224490964258	0.533723099888046	0.867642524702324	0.810015768582459	0.545509266592745	0.898568463626204	0.965216365994576	0.879037235136803	0.678190313822062	0.679149372755678	0.517476833035279	0.799813943691638	0.661165906431352	0.954859114433583	0.493849777545145	0.72038058299497	0.956215518253316	0.806567249784915	0.547433376279921	0.658393141945773	0.928920113863485	0.430228611976676	0.389818491208168	0.906600962640385	0.46472666805238	0.645777590010797	0.396539735776514	0.55234954657873	0.98696011914612	0.865984654731458	0.406555456199315	0.401533234113055	0.839702706774469	0.75374820291641	0.699785908913974	0.990796079368874	0.706453511180855	0.424303063759315	0.914869140063273	0.42108120190312	0.950534031860522	0.40869893284467	0.56525783066612	0.972079495879787	0.475778842862034	0.649186256781193	0.703655352480418	0.902488919195363	0.911067760628837
"SRR5928370"	0.523160698710544	0.856311125132647	0.833613119834711	0.770335484621199	0.914994034899118	0.862980526687519	0.921433937962864	0.402382168859369	0.5637006060335	0.99162912779768	0.62746236469954	0.718058157030123	0.707480099653643	0.8168108776267	0.534442625931988	0.892618780149342	0.582423355473001	0.205573272264195	0.880496204901862	0.94640536648755	0.508469710020098	0.97762018459784	0.900290791599354	0.521625373771892	0.48499940989024	0.810061349693251	0.509372698164545	0.875211477295798	0.995964254828481	0.676024541180845	0.708640480771309	0.792328505491008	0.952145959618159	0.96305104608279	0.678550964538104	0.568332202239566	0.72866778045913	0.462148852276632	0.78084748926638	0.921851267236501	0.952235236185853	0.903905447070915	0.987727419528475	0.568562750759309	0.874847870182556	0.666109498255183	0.690344936210427	0.785590778097983	0.897961281480212	0.6602106545961	0.898026315789474	0.909278919067972	0.574394004219472	0.54233935294493	0.948039867109635	0.809805307460001	0.537519747235387	0.96531184302733	0.615675139956607	0.463621609088801	0.484375801734312	0.407800950369588	0.721111887943297	0.760089509016717	0.69247612675628	0.826490539093181	0.707678555981661	0.637936503359382	0.559270639605401	0.731820498377189	0.914814687596606	0.825473311157397	0.627126624395756	0.825443593269168	0.604231732365437	0.94105897606616	0.728569199563114	0.544088649429278	0.997403721332756	0.861683756071236	0.940107176631291	0.514520108821731	0.645151223218768	0.631046038601459	0.805829040881528	0.752309271296613	0.897441167403145	0.973655782834443	0.621202737681228	0.766195836187178	0.596766325179455	0.723460080796302	0.574660633484163	0.428459800574156	0.817442221046679	0.526944175540497	0.742489540407059	0.979711357456599	0.93739783674747	0.598937736339232	0.716916904747432	0.964190934503379	0.921405551512631	0.513825438807406	0.993521917512416	0.705559018530062	0.614323055735125	0.362927040069143	0.603441956259927	0.293623900270464	0.277932864228861	0.523733484430937	0.370000239652982	0.688517102954256	0.642105263157895	0.705740823634736	0.713873153393313	0.992885119839017	0.413146250141825	0.774354127284184	0.535936113575865	0.625307318093843	0.498897512788852	0.58894661213662	0.932409012131716	0.606492727116852	0.577650959781652	0	0.75021162734128	0.735509598441992	0.473079080201907	0.776124667329336	0.625465178096757	0.542762378583274	0.952057585223414	0.378283359831605	0.370481152070994	0.947200056244947	0.915617651127404	0.946419805035416	0.981294399029022	0.575695511179382	0.877949552481692	0.683272742948285	0.952653175744397	0.957660364021912	0.624480030450504	0.930774861445153	0.61660794968253	0.740232378001549	0.565556639264317	0.892035579184132	0.748315005321036	0.95814479638009	0.893261027709808	0.8717940053391	0.956583383219383	0.971175403010569	0.673716012084592	0.660573884805325	0.5221975147155	0.885462258433775	0.543243050436354	0.789361301262325	0.627179103618894	0.677586206896552	0.98844096636393	0.816564794152841	0.900130996194872	0.290810585538654	0.512037997488672	0.72862143202355	0.950208156417638	0.657627647946703	0.516334641437748	0.930831340749212	0.950845372759943	0.770722377519494	0.781293366638912	0.941039163136509	0.432666394446713	0.907569907569908	0.91117626767851	0.993880709837659	0.714789953042766	0.596402232020915	0.92622266280104	0.947096774193548	0.572306681681682	0.855678391959799	0.97680311195175	0.885716159066321	0.470049860900184	0.836133161036244	0.502941598507677	0.631064854443493	0.935728859669009	0.97262505089736	0.647833677194096	0.709510400581343	0.971456027333879	0.761639226508894	0.54748643761302	0.955338495646307	0.77866558420749	0.562246963562753	0.491685130007385	0.953702079898986	0.643788802187162	0.649417683778999	0.515853028003402	0.579594807146043	0.912729563405534	0.809663824365383	0.463646815359853	0.518791514891793	0.78845408756296	0.849025708203701	0.716389011368211	0.993163254290958	0.761470223522305	0.432210373848113	0.961046266347912	0.397253162167264	0.940885665203283	0.547989287271368	0.541479396816062	0.824103001041371	0.648241206030151	0.611346511834057	0.850139497807892	0.932930872038245	0.950996910980062
"SRR5928371"	0.672308583136609	0.86506990881459	0.916640079633482	0.938225260146	0.798964903768397	0.975128378027906	0.860178851992298	0.564822978684725	0.633463626492942	0.986847676511062	0.570751707475238	0.87854909318324	0.874864565301319	0.883024215291624	0.550529667075488	0.940012105757962	0.638323020232219	0.901642828300002	0.942786906456204	0.981491246572453	0.842054899900557	0.990323948889242	0.916918795399129	0.76991713716569	0.723135891607612	0.933135791355663	0.934208909100486	0.951830718639926	0.99869568110734	0.817179010748642	0.826103671429487	0.90560674128785	0.792409268030042	0.96552175506571	0.375942510275744	0.595091764954779	0.883921962235744	0.781869792818698	0.953171958503615	0.878853754940711	0.980768723454771	0.922006138641603	0.995455149501661	0.540969609118257	0.961903771942362	0.852633645869128	0.92166313745218	0.91217737524328	0.963640162992373	0.856259709648042	0.961132080400172	0.965835460435892	0.831770344899448	0.709288529174965	0.947446536659654	0.94568775554395	0.815848455543546	0.977766948092146	0.795623022805609	0.688066907516047	0.739650999872628	0.601633469455788	0.904796200850757	0.219394745162258	0.911194169314147	0.853916908451139	0.829767011113277	0.829811605858985	0.550588016644123	0.867405272607011	0.963135327337377	0.926612193588938	0.352091377960198	0.937686868816487	0.901090154840577	0.978240252897787	0.891423679307045	0.800671543350522	0.999041469746389	0.869260921568395	0.977480443543077	0.588670886075949	0.275912191737831	0.565262056132734	0.923696785682258	0.873391624928752	0.972158378604262	0.973685594111462	0.881909456667512	0.218925331024975	0.660577242065686	0.402157164869029	0.757985041794985	0.912754583443135	0.304824072599904	0.881637913705644	0.896958520689133	0.973971000013146	0.973836292949459	0.830907273303587	0.931867721243072	0.985061604357252	0.977229800629591	0.788501898271512	0.997898069682981	0.82316726538215	0.81119066560594	0.736982793476796	0.460564026137797	0.720346948092054	0.889780442641742	0.741770096276534	0.831646279878801	0.751955407713746	0.848702118540998	0.866541556894872	0.903543377900354	0.99646333031963	0.572074003889692	0.897779406746458	0.799441561709828	0.895207727437308	0.726079689437645	0.624543825174372	0.969724397570606	0.822836748567544	0.646953639495835	0.75021162734128	0	0.892013244368635	0.556558109899596	0.911136566119384	0.76650235874028	0.781141407465837	0.955020498470749	0.662059973924381	0.617149980585699	0.980192535935645	0.96864965464816	0.978340206321392	0.991591065839037	0.819281049711039	0.953173168225393	0.290127889481603	0.983108464214188	0.98535902111578	0.794235064873343	0.995241350299716	0.538207817749734	0.91443420623164	0.814238362876495	0.964444907853922	0.248656137434192	0.984353318972922	0.943317230273752	0.950711910205778	0.897803392229721	0.992077791320015	0.866381720363307	0.382135743833308	0.754835996635828	0.94821301161056	0.678943602128897	0.933382978454859	0.834877351025625	0.830651644409249	0.995720361509835	0.917807519411524	0.890087481905721	0.704255921487213	0.787233536070081	0.307131000138332	0.997344873724703	0.749909683133471	0.719418697791509	0.969989506820567	0.783922336057711	0.937567594140203	0.960205488034081	0.744059596694781	0.818332762574847	0.870002819629525	0.872536529895091	0.998110797722314	0.795913212143083	0.770410697811166	0.810401512349484	0.954524748480471	0.669403490839601	0.975269638625976	0.992175481406822	0.928485221991115	0.469907217341325	0.88047818739438	0.712927564828413	0.36364902022206	0.692289288740468	0.896381288614298	0.795255255960277	0.398839657361426	0.990116587175411	0.826117304509104	0.637836837645959	0.912694571115583	0.940566111335702	0.652721369214683	0.734818234275822	0.978522676364403	0.830369589197183	0.585899770406144	0.530762064468045	0.668793065125583	0.913486808712228	0.96640681095497	0.765452884795264	0.613047962319118	0.945223661540425	0.927128519725866	0.829626504329657	0.99795141937372	0.910140294796661	0.719351222748381	0.980481886399304	0.694671286444813	0.901934110131898	0.634013605442177	0.581523627061907	0.992715499797653	0.835447989243369	0.448279184491463	0.739346455188229	0.977432930036823	0.979570586917268
"SRR5928372"	0.708845082051811	0.936738836265223	0.257279717635195	0.68701012769705	0.955667430589473	0.699850523168909	0.919859402460457	0.786961024527015	0.794500322967611	0.970873786407767	0.836318151133701	0.318773624527509	0.155100800324182	0.457336052377375	0.898363182534479	0.870967741935484	0.864683523384565	0.649070945945946	0.47465034965035	0.759116022099448	0.776100420261004	0.854523714627342	0.530036676362717	0.767987233747311	0.791325949694649	0.682954902165952	0.877644894204232	0.434495469205959	0.979188787428329	0.601725082146769	0.761629910406616	0.332775919732441	0.991392291598165	0.834840871021776	0.906246072640442	0.848272429383218	0.531630563638323	0.768422711276853	0.758874601604572	0.872223277007784	0.7271714922049	0.785987890769801	0.92910447761194	0.803597953457666	0.78858803732599	0.482727437149575	0.662480898279184	0.241968975204593	0.560729404102898	0.666681216988956	0.515388373229116	0.562740827609315	0.794000625866154	0.797079682937005	0.788578716168344	0.599406161078807	0.497051920544965	0.838457340367473	0.512806158152554	0.777866281674715	0.667524317540006	0.772500998269666	0.672488609242786	0.932850907854214	0.319239760138225	0.525026019490964	0.693418113077848	0.383121347542111	0.7759697256386	0.635342042421688	0.584184514003295	0.604559403770276	0.79613011088437	0.428228708516593	0.493198911825892	0.698216235893702	0.272383914685625	0.673711817340327	0.984644913627639	0.946636227438111	0.705882352941177	0.715680643308443	0.843651295009476	0.852371939678857	0.465076660988075	0.663093160475359	0.653333333333333	0.881499823134064	0.789231154520411	0.921896278847216	0.780743851229754	0.923004694835681	0.805211281350639	0.851560319321163	0.955565306758739	0.406433368681513	0.48868053967528	0.905723905723906	0.695271453590193	0.45	0.582716299827569	0.785741663472595	0.70141038871689	0.425632471504031	0.96584440227704	0.610317525099992	0.645820038289726	0.546480386888769	0.821489051094891	0.777481775689618	0.580139887695793	0.634059807399899	0.519267822736031	0.601142364478931	0.447287357767021	0.491851035351547	0.626493947104634	0.976598412035102	0.728141023492744	0.44923536851788	0.740726518700561	0.468501086169442	0.737056793222466	0.798666186012978	0.602548648183227	0.384267782426778	0.692719586660404	0.735509598441992	0.892013244368635	0	0.684609947546594	0.509823182711198	0.716265349523222	0.81794082435437	0.793103448275862	0.609234755251226	0.679591836734694	0.738712065136936	0.623020602758386	0.70337899543379	0.872434607645875	0.678639253571134	0.633968696730203	0.865993555316864	0.763436928702011	0.789032749428789	0.655990682777697	0.919943322706341	0.80667696154129	0.283362218370884	0.584176919482947	0.552698412698413	0.930576678773998	0.774261201143947	0.551326573135158	0.467175572519084	0.853725850965961	0.881771451166469	0.306353783434424	0.931713775282333	0.680937952838888	0.54467637783451	0.767911625460284	0.651936839713734	0.564979947094462	0.657195943330495	0.933111757374325	0.481848184818482	0.65450715156891	0.646450475007015	0.70627621219925	0.900039789557452	0.988271653855298	0.717220308132354	0.746639943409573	0.603715170278638	0.98032699276875	0.660573935295193	0.686061381074169	0.974330766409974	0.658480163473031	0.794347240915209	0.981045709496486	0.96411988180667	0.787624631980009	0.778526106837758	0.956857000273668	0.66567816450757	0.81808896379143	0.792272660496548	0.881478505423865	0.785254691689008	0.833813565921657	0.447721746484829	0.805124926748708	0.911082777559827	0.932885007862424	0.911301215668618	0.640181534918377	0.924361347649019	0.853977047882865	0.805358338914936	0.819884056173854	0.737623762376238	0.924501565798983	0.749375887219149	0.718318540433925	0.733723482077542	0.664982188716759	0.864345895108092	0.760957902150945	0.82949780096144	0.986835609675827	0.675654242664552	0.570010270455323	0.771617217590045	0.447345188548367	0.467431927389215	0.749931318681319	0.963774220724516	0.519980970504282	0.620117647058824	0.725976670986854	0.540578285832514	0.989038012160955	0.809982486865149	0.70656464938342	0.922970159611381	0.670765987350668	0.780408848390384	0.89758389261745	0.798361239757749	0.717906336088154
"SRR5928373"	0.20336643844884	0.918296540698663	0.798965030578642	0.858555133079848	0.953649959750879	0.920379146919431	0.97566037735849	0.223077461339304	0.286962725164972	0.993399339933993	0.214790214696665	0.662422967637182	0.652845587699483	0.780083296147553	0.588276944274342	0.883861601742076	0.265147397031152	0.751108956490122	0.857850157535087	0.940795479243643	0.701282027426828	0.972823440888771	0.880464641707872	0.38977116418657	0.418435103124915	0.85375202712664	0.882466628449758	0.848874865066844	0.995602225812242	0.618804959139919	0.868108161113971	0.74910394265233	0.920533921551992	0.95812274368231	0.360181311018131	0.122061222531427	0.676621732330379	0.681239106607011	0.878683362075429	0.979294887758369	0.941471062143448	0.877279102384292	0.984731461225948	0.180029245874243	0.903782349037824	0.630845527887403	0.794887513026421	0.745982454778356	0.882615845174348	0.720086947930046	0.874515095294316	0.88914373088685	0.758348980148605	0.497268022626068	0.97044494965898	0.870839504248188	0.600673439105125	0.960818307905687	0.582363094304095	0.322287717062291	0.380304386750224	0.222306855277476	0.800227708200272	0.489971915690335	0.703290289633034	0.795835702103468	0.65001882723445	0.564273732498032	0.1075	0.729733127966555	0.895707337703531	0.829731450616128	0.294156022524379	0.823032139724061	0.757390350147973	0.928302050370627	0.674530609173345	0.462916270997741	0.996766079770032	0.925804001012915	0.925919507862929	0.0969510596200148	0.398132813530507	0.246696997993364	0.763707053876061	0.798095109429884	0.91013698630137	0.971156743725516	0.773758803582297	0.49936729103222	0.534314377710956	0.439254863667092	0.525335574877197	0.837456227411472	0.641062069230326	0.68297604035309	0.690057368641009	0.979240244637781	0.931114451363539	0.523770351328192	0.806007144419334	0.956741104725135	0.928684424302022	0.433782811375653	0.992741285061385	0.665459666063166	0.550131181295872	0.36360370319193	0.229020742884708	0.611864234023035	0.701507511154526	0.448664528313199	0.60026476185223	0.658041125840644	0.681560241323696	0.67538644470868	0.781691985332635	0.994991279459774	0.09258868688573	0.731196711327649	0.453000392208132	0.686321186595862	0.525674455922174	0.207483591922951	0.917201265931058	0.534089754445385	0.535520391097388	0.473079080201907	0.556558109899596	0.684609947546594	0	0.728527547727361	0.562204528489674	0.498132461001392	0.945963975983989	0.186557452346322	0.293257802954571	0.934635971974411	0.897304674172637	0.935184381778742	0.977378576180971	0.49754092838375	0.850840685866489	0.386074074074074	0.959557387719679	0.95146098917948	0.554178775588414	0.983290986606951	0.168561409778215	0.768791733502443	0.510865634349213	0.890513089005236	0.48391048676903	0.948115687992989	0.900621619439735	0.842735751295337	0.951353203151764	0.973578403216542	0.610668789808917	0.698752789261257	0.456909973440791	0.860196418255344	0.260953942872762	0.848282659792251	0.577456134361985	0.63964318509773	0.985617937379963	0.770950379130162	0.882830713694818	0.462442970697521	0.438233972919207	0.422953847133555	0.9946277999673	0.596941561987985	0.290077882972871	0.916028902475523	0.972887133007979	0.860293859802925	0.887087799992581	0.966965933619045	0.735245449531164	0.893454038997215	0.944312722281151	0.992470756957827	0.753767631134255	0.628183287467785	0.963430715096641	0.93620215161371	0.199698568198945	0.921663522270527	0.973839400523212	0.855402436588776	0.355227084814111	0.808093511873937	0.294777967314147	0.652319404358556	0.975181189954492	0.970218073245399	0.583400333972416	0.450715832111181	0.966856688320297	0.88072098661326	0.380719216567667	0.946365230949133	0.907267488031221	0.276602462898642	0.411402704222018	0.943323351994098	0.592592592592593	0.285972155943316	0.532419387399292	0.197339007245011	0.995308048930347	0.894753589753789	0.505865025511546	0.276006019125285	0.830693224592221	0.816651374316831	0.761045079772995	0.993370066747301	0.727360197051919	0.307823571945047	0.95308147632312	0.289205592283516	0.963992266795553	0.354457949834891	0.0565652730982774	0.988406239273865	0.585275734659346	0.217111333608183	0.895367322360498	0.924878174996766	0.941442224152911
"SRR5928374"	0.670070267896355	0.908835115362971	0.575838133215182	0.902678308643187	0.984982332155477	0.979377713458755	0.978259205389267	0.818304837744294	0.6948127925117	0.963891675025075	0.74955247491778	0.236785458024396	0.393041681019635	0.54653586756591	0.927018361993588	0.815212011219271	0.760010999209432	0.818278710365041	0.5152578042792	0.703842549203374	0.821173513112038	0.910269709543568	0.562638991845812	0.546449324579277	0.615528634361234	0.896605122096486	0.974667989980623	0.68741820901103	0.972371017761489	0.534434032426	0.990024485354131	0.46879334257975	0.985341694711715	0.794925124792013	0.837920410118323	0.727197455005012	0.259578662067266	0.830425831617727	0.865440342698753	0.971617584293641	0.832465688594415	0.798297503967681	0.906608410704533	0.760340507328459	0.844093023255814	0.334680679062247	0.940384476924185	0.588612099644128	0.526104417670683	0.755644456706672	0.79192608957622	0.460370293322238	0.839774187626216	0.693879340582252	0.957591178965225	0.772576217309637	0.617464892377507	0.920645905420992	0.468159658744668	0.669220607661823	0.576253976849658	0.808202620663132	0.789857589440778	0.883357480923404	0.77181053359456	0.855001594557245	0.402443680794196	0.402329578002673	0.723627439338163	0.922912205567452	0.714343928280359	0.902537050992213	0.82328971678773	0.747673868475004	0.876499647141849	0.653739612188366	0.358163265306122	0.408405355024572	0.97958605046782	0.92438739789965	0.676944316612977	0.730311907633982	0.878167050551582	0.779022661096341	0.141752975730407	0.686873332720081	0.852846832397755	0.850845948352627	0.824494428394552	0.886979088310516	0.667763507058699	0.859245630174793	0.63883716118353	0.968266789753058	0.920573053829137	0.754448124470461	0.182225738396624	0.915197500557911	0.656992084432718	0.424219199080284	0.96665516844889	0.848126232741617	0.876182287188306	0.52668985331922	0.969840826584753	0.370367030390477	0.449621944786355	0.599839523154516	0.788986943907157	0.834134914899449	0.704806687565308	0.529886472438791	0.615797283415135	0.598643366291101	0.742692438114615	0.434613051390935	0.912763614804777	0.979580573951435	0.781706594134672	0.107100199071002	0.490850830592799	0.68636396036781	0.703976923440677	0.702995720399429	0.609472551130248	0.401186503522432	0.653120031796502	0.776124667329336	0.911136566119384	0.509823182711198	0.728527547727361	0	0.550503168095416	0.697111491046522	0.759481608538212	0.658615294347741	0.761777913083187	0.760961810466761	0.547866694969221	0.657778808254115	0.913865546218487	0.451091423874326	0.555849555849556	0.846170794042478	0.793871866295265	0.908557457212714	0.444815521628499	0.951828724353256	0.745967122445844	0.544733581164808	0.402397260273973	0.708446866485014	0.885614047910538	0.750183688464364	0.61272155043896	0.322197475872309	0.851075126095036	0.863449691991786	0.296233839235526	0.943794174944857	0.501997146932953	0.695470256503547	0.649260421335724	0.905509750032718	0.388652079189164	0.406039982985963	0.911829134720701	0.410661107802263	0.613592974417717	0.736808913180576	0.438249255772789	0.859787639531718	0.997258680843994	0.559805920821321	0.567649664599418	0.738607050730868	0.99529948737163	0.900613496932515	0.95475553393335	0.992919884063101	0.840645812310797	0.800661123910648	0.975623195433206	0.965324384787472	0.825916397075681	0.765610558615845	0.969807273554552	0.755195424213537	0.670557576415658	0.772187776793623	0.854297693920335	0.84217211813274	0.860921875622485	0.52103169820417	0.644499971605429	0.935018551955396	0.997075921606851	0.898730898730899	0.539739725020219	0.867910250104052	0.82065775950668	0.982646874346644	0.784466956102267	0.830297773923099	0.984123096428417	0.669486687081538	0.575753551985128	0.737575476079888	0.359977999816665	0.793957909029192	0.824904900425151	0.673227490213136	0.991212138965376	0.770455965021861	0.67539538501426	0.689205430669931	0.790749224176149	0.498578199052133	0.76099864081837	0.970998326826548	0.303615788020977	0.6047480742518	0.80278367539514	0.655495019536624	0.986422587651257	0.708621984809281	0.743261138878209	0.988508818813469	0.387595382508315	0.813354037267081	0.976939684872985	0.797843665768194	0.757179547046463
"SRR5928375"	0.430483995293927	0.998830067271132	0.685852771887307	0.938770600264646	0.891940859755576	0.99749184850765	0.701272055806319	0.686625055728935	0.268435702356652	0.98560598790903	0.348919682143561	0.551470091247043	0.598864086646414	0.576501233890869	0.784964428249176	0.983672162638066	0.603952035129201	0.891540879416946	0.802224969097651	0.899635548079619	0.784502521779	0.953348235980173	0.533009561390196	0.286323917902865	0.428129955678445	0.988804963582412	0.996923140038153	0.852996095739263	0.992184368737475	0.529654409175512	0.824972794608067	0.668254782672433	0.970821336095287	0.958010853126946	0.686834161931818	0.522191967324711	0.472714776632302	0.602297630856537	0.907863604732081	0.877507118000633	0.936767051318135	0.895240945824603	0.966121842496285	0.517516729460721	0.988482384823848	0.369587849837712	0.992914083259522	0.773814831327092	0.815123105230877	0.844783534421576	0.919558359621451	0.76779359430605	0.835749565078286	0.43100441161383	0.874918883841661	0.828066496929759	0.466930518909411	0.990898959881129	0.641122641991718	0.446407445382128	0.335659718947468	0.671304510225044	0.887037583835998	0.757036324272312	0.866181336863005	0.936363636363636	0.512685552072861	0.577216537528834	0.440244825845533	0.996616946024912	0.8643858566264	0.994859326154915	0.612963607870451	0.863002974792547	0.903539872812201	0.863260566651184	0.714145589574722	0.240032903756512	0.99718875502008	0.998963085856491	0.892939975879024	0.511216056670602	0.748386289269941	0.561965868153251	0.643466129282282	0.761904761904762	0.954294720252167	0.938672768878719	0.857835003650362	0.667365666258451	0.215509396636993	0.740660879821603	0.454376091597128	0.996398763900041	0.846979427451834	0.805830243098476	0.574373974459585	0.96976360637713	0.904380293233767	0.356528955011558	0.984666226040978	0.926971112594146	0.974018944519621	0.431710666870136	0.988416217295786	0.555416048396302	0.212669175043522	0.411079938026046	0.513170213304319	0.573729650788196	0.816290619012239	0.25632866302541	0.585556251304529	0.466196651139368	0.782793464916423	0.676941909637213	0.943530701754386	0.992641940936661	0.599829108516092	0.51245704467354	0.231795320358627	0.796989541589287	0.281073241479333	0.373120198084696	0.816573388698321	0.38400789733465	0.252738978201122	0.625465178096757	0.76650235874028	0.716265349523222	0.562204528489674	0.550503168095416	0	0.509473463833351	0.891267123287671	0.476659847498605	0.40142459723029	0.928430913348946	0.829504666188083	0.889819467708915	0.964847182892296	0.192382924864803	0.879222108495394	0.616989251461763	0.927567265617727	0.962748265703697	0.385975064443158	0.998167994870386	0.388709230342788	0.721574846583465	0.397228509910009	0.870884106818771	0.765827338129496	0.912704450361354	0.730072173215718	0.692242619067761	0.947733944297272	0.964372156065447	0.536143006263048	0.892112816195324	0.205006600498704	0.826823134953898	0.421605370454265	0.99801051584482	0.32583872866392	0.594237959093908	0.968071393158156	0.688037113088448	0.786843946815955	0.343834800450063	0.25469197327961	0.607436298481459	0.997181159657806	0.173428875762564	0.365774679559253	0.858006314839874	0.910729086722947	0.93005612779868	0.979665643125213	0.886500096842921	0.747692899256601	0.913499025341131	0.997027256582503	0.990808272554701	0.854629021667761	0.516337136371782	0.931170806662085	0.784209624935777	0.433606953162723	0.948004636529227	0.959020392233389	0.993559029141466	0.751567052176216	0.645756958587916	0.41610514932202	0.814904272085498	0.833674630261661	0.96510067114094	0.408305880003993	0.762830783761448	0.956610169491525	0.826819618001196	0.526700063952249	0.535765111227623	0.997916721605443	0.328793774319066	0.247266806234008	0.888071515038644	0.500288317379772	0.608725935419163	0.529975109636127	0.434521651560926	0.989958301421156	0.904650619303576	0.340150867096975	0.441414630770296	0.911818181818182	0.6847136253232	0.725276961995871	0.992214791895399	0.64938957526135	0.36877553769476	0.882308845577211	0.367582506909446	0.998069143067304	0.423392005264024	0.52938811071644	0.971114464324208	0.317081957370159	0.636631895012036	0.883092193472214	0.981809830041341	0.905561776782381
"SRR5928376"	0.408846383741781	0.894310198409635	0.85019305019305	0.953139128041829	0.734387069938796	0.972848064702484	0.741194757480482	0.61744703843789	0.450218145206399	0.992512479201331	0.506940022921177	0.721765652800136	0.762200976913121	0.833411684260011	0.803858680050288	0.936540718141281	0.535196337145048	0.870081033843546	0.860402940895636	0.948031980319803	0.813174129353234	0.968795811518325	0.877211332939197	0.320582558343569	0.436833912106335	0.87689834595372	0.955838921510719	0.898412081775361	0.995849076685647	0.679539909376089	0.930291168427262	0.822303375790505	0.947062521233377	0.957310991422302	0.614012289527911	0.476892461574717	0.654038782586362	0.772124233128834	0.947025581295026	0.97708807279818	0.95110426296867	0.948229988726043	0.981910504601714	0.537327895080785	0.897667200155197	0.620047732696897	0.90464421789723	0.855673806637029	0.878164556962025	0.84785488362034	0.934332196014439	0.870629893770884	0.869330159809589	0.517765163460528	0.968778087894413	0.921588089330025	0.713416373490539	0.974258133714694	0.691808825602707	0.421405367438321	0.359696172169104	0.592348055066122	0.881173503905529	0.707233356713277	0.910538857071193	0.938176950225143	0.679626749611198	0.706664592892138	0.492680277482904	0.955720338983051	0.921794362842398	0.925795053003534	0.624618756277965	0.879360667129951	0.938901429646351	0.9167347772783	0.770836943337377	0.468978776898617	0.998508337328858	0.879426314103705	0.929249617151608	0.474516330351571	0.693039636689425	0.569086251067464	0.749827292405471	0.713804327015125	0.953934361407671	0.966051884880422	0.857624231652225	0.71517100263081	0.545326527019891	0.680967782851345	0.553968070337807	0.952552696962411	0.799783474538393	0.881390158359018	0.721307166637463	0.977794676806084	0.924919159256265	0.560703995015964	0.972432229230191	0.949844559585492	0.9548652995577	0.599578503688093	0.991819389110226	0.722325599058216	0.547373957472387	0.520739018720176	0.573202019366052	0.695013815397396	0.814215914378781	0.453023504988951	0.71696270524324	0.752389705882353	0.868151655607056	0.735429190157936	0.954530331595874	0.994064023743905	0.539263677967259	0.690767812458844	0.38405342582002	0.84217538345916	0.540765573905636	0.457131829960853	0.912212780934185	0.602719729563614	0.567737193260206	0.542762378583274	0.781141407465837	0.81794082435437	0.498132461001392	0.697111491046522	0.509473463833351	0	0.935679078619882	0.424809502465262	0.523866865757911	0.939751616545212	0.901779002756201	0.93465255407271	0.979949611589334	0.436185240331386	0.882736790844899	0.659981527906056	0.938113747954173	0.959449674149167	0.580158159597412	0.899330900243309	0.50625	0.735094792828343	0.519982172039816	0.886566578353449	0.722913778565406	0.944430071920112	0.853860250928058	0.816789453276464	0.944683466502766	0.977324973876698	0.6878909648287	0.731332367745544	0.481683980317113	0.910611831637819	0.40257464039647	0.845488311120821	0.580093794814154	0.687766213563465	0.982959356477561	0.82568306010929	0.865546946019653	0.547925901252915	0.411556390705742	0.667127444369521	0.564496439471007	0.617105039877821	0.339109708174966	0.917470848411741	0.770013926258433	0.953164961636829	0.965993352083866	0.718369980642279	0.896349234113796	0.903278233638562	0.705782397096428	0.994580233793836	0.859121850975211	0.676258482491192	0.849522845575477	0.940553467714383	0.420966639931082	0.943319450428455	0.976180482686254	0.946151703648686	0.640619747578156	0.821672826133129	0.330654734727422	0.825701039278882	0.604148188578836	0.967168858312288	0.621494193101057	0.694957563654518	0.97366220735786	0.848982749988621	0.563823129545307	0.940889811388864	0.784532148890175	0.420764393961346	0.405068303306276	0.954987212276215	0.639964822391313	0.557757695060845	0.631814259941956	0.424426210013081	0.995357905486956	0.923410938654841	0.607402473283327	0.45551459863693	0.906046976511744	0.86214888291462	0.836072404055368	0.995645246946362	0.768519341929747	0.366450035390258	0.945593594415644	0.41265898548556	0.814003485738737	0.486762230270877	0.488526116989626	0.923090461105245	0.560433519202073	0.583298204198634	0.979517539382804	0.92414703493095	0.944589542684488
"SRR5928377"	0.922820217219829	0.748851797916433	0.744638602065131	0.996689524710333	0.988159802928264	0.983126812549433	0.992937853107345	0.965605581598169	0.921819246951057	0.558810474922326	0.943013551108319	0.806548966349781	0.798107255520505	0.802180685358255	0.98436458829129	0.692556634304207	0.95153154470356	0.936582784006159	0.497353163599698	0.596525858665614	0.960145472032701	0.833097595473833	0.741317365269461	0.88971865230983	0.920730593607306	0.952552552552553	0.988073824014982	0.636413945766464	0.956953642384106	0.883528306720178	0.880013780205719	0.768036529680365	0.997205962299455	0.316628701594533	0.964053350683149	0.937865359230624	0.713256032591664	0.963161933998465	0.866817155756208	0.6993583868011	0.779205138498595	0.800230946882217	0.822522055007784	0.911745382874662	0.952747252747253	0.844381815953927	0.984531841369097	0.749338374291115	0.611093990755008	0.933739756146312	0.717016029593095	0.586588541666667	0.9696469969647	0.93299482750439	0.504807692307692	0.754338603933668	0.912846555037057	0.660769230769231	0.875010971649258	0.922629435718441	0.766988801963491	0.957482404522903	0.916596949610657	0.973495902458525	0.817055603572458	0.586287799791449	0.605537123898867	0.854674447877331	0.944236654199252	0.992064191870205	0.630003151591554	0.978159627428938	0.965798390512495	0.698653929656969	0.952088324132903	0.493261455525606	0.784111384111384	0.873845236912685	0.984375	0.798381294964029	0.558023745691306	0.938259533454393	0.971733076488201	0.955594253373966	0.733417828474863	0.750218914185639	0.839532739010144	0.273848385926732	0.96419409715659	0.973756342217297	0.924358449757409	0.97244700930727	0.928283230096039	0.994412220231407	0.984253661800196	0.887091038406828	0.782868866472901	0.381646030589949	0.639530750088873	0.851315638285649	0.98506176386096	0.725980180956484	0.934864586904354	0.883561047776521	0.915492957746479	0.864229206756468	0.853304284676834	0.919302488385413	0.928683060632156	0.948741990936084	0.924274633725941	0.731822767129666	0.919554063469944	0.917885192516442	0.902382782475019	0.864749082007344	0.993447180301827	0.879301217575437	0.95078316383342	0.73	0.874555511655472	0.892467870505938	0.934576550587266	0.92485099766779	0.563573883161512	0.859715011598365	0.922579242102974	0.952057585223414	0.955020498470749	0.793103448275862	0.945963975983989	0.759481608538212	0.891267123287671	0.935679078619882	0	0.932147245819309	0.922992299229923	0.6952532907858	0.554435483870968	0.595034910783553	0.890979257115292	0.863034512698068	0.640607424071991	0.969624080819188	0.77302759424796	0.837791932059448	0.882852135411862	0.979628955983994	0.947409571622567	0.783109707971586	0.866666666666667	0.610343814281516	0.960975241545894	0.609028960817717	0.577870757787076	0.654530522857925	0.509570615623383	0.829708468301712	0.815083798882682	0.97132756945635	0.890761090761091	0.657097288676236	0.817290386644324	0.987470369116153	0.856041713897076	0.867664670658683	0.832029212310902	0.74222043766312	0.435478601764129	0.927165532879819	0.881989900878998	0.968682836966534	0.992032585828745	0.895883389396124	0.905736830880785	0.574905725059993	0.998420553859113	0.999005593536358	0.971327269924464	0.996916846900741	0.944878472222222	0.580989330746848	0.945549546246219	0.940249864204237	0.906401577741059	0.947775934265624	0.971056773885167	0.85014245014245	0.923879165667706	0.844501278772379	0.798173954829409	0.985535831689678	0.96711164297357	0.464797317890887	0.916971147788837	0.986917416189697	0.914493183165382	0.555704025388341	0.892971515253666	0.974140797684017	0.756142790913305	0.901346289359493	0.956743869209809	0.866872467682809	0.993882436386204	0.877024868811316	0.89149846176934	0.670167250097238	0.858295182036189	0.875419296663661	0.96172501984302	0.92423605691301	0.848702230337811	0.731848361533519	0.927635327635328	0.911529184756392	0.761526232114467	0.723612622415669	0.950577737101018	0.941653160453809	0.771003447650154	0.901864851450046	0.662939297124601	0.919323436359211	0.969913749365804	0.941872497413056	0.94149672418566	0.9739085058271	0.698362201013314	0.957853274249138	0.999043130875774	0.913875598086124	0.686028257456829
"SRR5928378"	0.167581897367923	0.880573512348749	0.747146880094857	0.825127836707095	0.960696957675994	0.897252342351826	0.971431801907059	0.347592346378403	0.256135601200636	0.991407950509795	0.357072364034035	0.580890436057164	0.570674962802651	0.726797687861272	0.677666381177893	0.891045005376069	0.358409886521157	0.664499277536957	0.819111203838932	0.92062239260345	0.652735374205793	0.964908230405171	0.849616621320801	0.26948841734965	0.32772684160607	0.796569860507661	0.835305083530508	0.807428662521919	0.993418346359523	0.572373309555655	0.807623015426191	0.705705996131528	0.944220651017687	0.946055367107999	0.522008715182462	0.304171128868386	0.597720850511882	0.618028817528679	0.870322791610221	0.972506785745556	0.9250678119349	0.881476398215774	0.980037356992762	0.332347487266155	0.850676572035023	0.545664640931268	0.683760371358602	0.682263966821176	0.846287262872629	0.683732288383451	0.8386904439265	0.856212726377414	0.713950145496617	0.431225536137604	0.96003098373354	0.835417586189986	0.497128656345502	0.949227745015445	0.508910444394315	0.232906312702578	0.265871189321248	0.326810097648026	0.748698933125163	0.630474438568253	0.578182146566126	0.748830703326485	0.60335755449762	0.498830604744404	0.279735625952031	0.648459278234009	0.86690608336054	0.765490854796566	0.43738321284989	0.77759830397254	0.624687575586552	0.908549601168408	0.594556546222431	0.36411839189617	0.99576395834559	0.89272554605888	0.904018859452178	0.232157461425222	0.512419795438663	0.4097989615231	0.701288931240283	0.762622735302576	0.881677321486618	0.962699031288275	0.713427007159539	0.63763766767698	0.481307254270859	0.575679467519332	0.454362538869581	0.79282835417792	0.736601049470715	0.589384946886932	0.61337513061651	0.973483371399922	0.912753912753913	0.419859461268195	0.778048450399242	0.94408307657195	0.905418827943936	0.342373389271801	0.991789337868747	0.602915428152612	0.468040573176622	0.214244129633223	0.387473688732334	0.546110934905502	0.606930389451089	0.352199914566425	0.484576664945792	0.587248104710685	0.593549530391636	0.587988324203287	0.763104798828975	0.993447993447993	0.242081286924336	0.664079980956915	0.339334359824707	0.617295174369977	0.452176676199555	0.294434782608696	0.893458459839912	0.433176683980542	0.447824275254479	0.378283359831605	0.662059973924381	0.609234755251226	0.186557452346322	0.658615294347741	0.476659847498605	0.424809502465262	0.932147245819309	0	0.196487873603703	0.915198735320687	0.869314119135361	0.916324579654726	0.970829957170969	0.38916417543716	0.808965406961249	0.523769071324204	0.94937563280459	0.934282460136674	0.491745373569838	0.979837362147711	0.357262188022073	0.713741875580316	0.438091451292247	0.861242476354256	0.628488056659384	0.932547142938529	0.875429333059927	0.798812175204157	0.939440106646353	0.962570540135898	0.520411357031075	0.758838567237022	0.362022553655875	0.82274476722729	0.192796474870681	0.787693619440102	0.488075914596079	0.572329038652131	0.98119378577269	0.748142276825523	0.853894124818305	0.347416454167226	0.309780300397699	0.575504813540472	0.994726468864859	0.54671192806327	0.161929488931402	0.891844167310451	0.981270865945392	0.826666666666667	0.858749769500277	0.976681950670735	0.66447901686495	0.869782117426342	0.943508777892966	0.992021588642497	0.71536404498644	0.597275352303857	0.96187365429965	0.917819930537002	0.237354573677444	0.897358095736333	0.962860118014578	0.851983002832861	0.468055032039201	0.763127670326641	0.202290936001802	0.726782651310953	0.972841671208854	0.962816157040393	0.529385689483211	0.588831262815101	0.958299735053565	0.831341301460823	0.397150230001122	0.932803609966647	0.879559357617732	0.23383327733146	0.329314453946446	0.926867686768677	0.514007957668485	0.420312136035406	0.489943521189712	0.24468018329044	0.992992566881692	0.865552983797927	0.402717142421004	0.223876443578684	0.785343677422543	0.785656565656566	0.747706864922275	0.993198874296435	0.682660745317629	0.209294390610072	0.938562312948218	0.177649252552069	0.964655218246584	0.2715323787134	0.241031481330839	0.984537558461392	0.493331082221847	0.385636084957302	0.897628403031154	0.901350295725923	0.92249197318763
"SRR5928379"	0.280390275111964	0.947593297282863	0.756396977020754	0.865102241513785	0.865906288532676	0.922736061875604	0.806730739516054	0.317221904613412	0.206692122186495	0.96693008074214	0.301798370154905	0.653337189963121	0.627352258525263	0.708571636734545	0.572155970724558	0.861892179674252	0.451734898427329	0.625914765389582	0.842307384590767	0.940417586148362	0.56454642554602	0.968469246717346	0.750086402211897	0.400251943343473	0.444788551900897	0.905023292766603	0.790924140617392	0.849624670318523	0.995709845466883	0.581760430028709	0.594292623941959	0.719384290349355	0.944517193858918	0.950132758048457	0.559073879037967	0.349714745638331	0.662495896107686	0.465167579876183	0.863254140197554	0.901144132831031	0.938015474874585	0.841613604300911	0.985103231988849	0.331640132978174	0.964816991609582	0.599753357084133	0.749947265330722	0.737699935412788	0.885318833415719	0.740028750335014	0.87740473738414	0.891714724308177	0.635608856088561	0.456773703211096	0.896709142153944	0.837357439829118	0.483189618852344	0.935508442300368	0.606957809030348	0.309751183904136	0.372097801520444	0.32189087775364	0.84298605414274	0.650638184095355	0.657455403424731	0.782601121833955	0.618836490662367	0.54591871011085	0.319419197019682	0.725009267268009	0.8834903321765	0.885538190622936	0.452752223374768	0.810586262043141	0.68164011491251	0.930082952429321	0.725972877358491	0.504083863914078	0.996845287648425	0.952971913781842	0.92767109381609	0.278818104827327	0.522605029800843	0.452644816474102	0.80407529594411	0.755162926376504	0.91220556745182	0.945770976963175	0.682763846789749	0.581438348603599	0.386963133882217	0.631875335200524	0.548669359014187	0.728354336545589	0.763493836708583	0.49961275132439	0.696502976190476	0.956260251503554	0.941201140748197	0.533530638326495	0.804594005644268	0.951610140459061	0.940287289126441	0.406248078223971	0.993093500021856	0.652986671054797	0.489272905119009	0.317221859351187	0.368165852168601	0.403920908708456	0.549953168904152	0.410932248363701	0.406540279211255	0.551128311348523	0.570752915601774	0.728360629155181	0.781950294183841	0.988394415357766	0.201384111896275	0.725317729492006	0.462814957470711	0.68576144036009	0.395643250995228	0.299161831076725	0.90359634100497	0.521539688871161	0.434253246753247	0.370481152070994	0.617149980585699	0.679591836734694	0.293257802954571	0.761777913083187	0.40142459723029	0.523866865757911	0.922992299229923	0.196487873603703	0	0.936188291273685	0.900362394301662	0.941463001397772	0.972558864265928	0.506827574805753	0.882214178224265	0.50142229917754	0.963311303168954	0.952621226374754	0.547377008032129	0.993860386879731	0.317303450101474	0.75093181319886	0.523889462809917	0.88835229598101	0.616686705483431	0.949356259891356	0.845419018671298	0.846297196564576	0.945285128587402	0.974215246636771	0.618530736759959	0.735991304226647	0.438047784848121	0.838986810793369	0.285752746069352	0.904963433195976	0.552138813519579	0.665260378087662	0.985968276102493	0.752575734276488	0.862409310205134	0.176202966504956	0.493081166272656	0.51786277851417	0.994143687171447	0.414386729122535	0.326172431477577	0.904459662602305	0.89247945855178	0.855619755124501	0.884584635511302	0.869753306560402	0.48787184316217	0.915024420232931	0.945443580187731	0.993791535501924	0.676908100353526	0.553047793721006	0.923145000421431	0.878652051668636	0.339148879756065	0.940579768253077	0.974472135687089	0.854966007658045	0.428875651097873	0.737687094552966	0.311150250643544	0.647859176978034	0.848072798450742	0.958472129691317	0.526096604553607	0.619231089059512	0.967828186993272	0.656123682126933	0.360798555297573	0.75547417410544	0.854438870413167	0.24041179368825	0.337796146457885	0.932632827726464	0.626684323787452	0.463942899335466	0.416872547594826	0.344725111441308	0.977010862092672	0.898054474708171	0.395453720743371	0.263906515648572	0.843532977784599	0.778428158901116	0.689211495323147	0.99326981907176	0.733102253032929	0.301645130073433	0.937114935202889	0.226145674860544	0.964534249181444	0.297239816912479	0.330944854232525	0.97849141150112	0.566637306050545	0.442480969395681	0.823280389597988	0.973976755937342	0.934263539590313
"SRR5928380"	0.923882140087878	0.959101237061348	0.707764822624659	0.898295988192674	0.974256060974621	0.810616929698709	0.96706383803158	0.957911844649312	0.937992347512942	0.884615384615385	0.963817489779616	0.732835289932408	0.802647009549338	0.722622345337027	0.981911242247245	0.847034025895815	0.958714377869692	0.924057033067044	0.492910195813639	0.287958115183246	0.953449451434947	0.46594982078853	0.728339575530587	0.927314242222434	0.929442282749676	0.900972590627763	0.978826620849967	0.548486009965504	0.878562577447336	0.859704838408369	0.967174070622347	0.663982102908277	0.997702591130904	0.718568665377176	0.969679235292478	0.946157272232395	0.780918727915194	0.956051029962547	0.710987107946892	0.939686369119421	0.244952893674293	0.74039608685278	0.629067245119306	0.94309097109082	0.798861480075901	0.790106204583566	0.953359045654319	0.649474912485414	0.358035714285714	0.920976482348608	0.421170165252345	0.630382196419932	0.963218728572828	0.945784333266893	0.835182250396197	0.640755800047835	0.896366182649075	0.524764890282132	0.855410088563727	0.907198022860673	0.875176597689687	0.955381279149214	0.896656116691895	0.983844977052524	0.747010274549436	0.774711264436778	0.859358841778697	0.805792604085855	0.933312613772588	0.925116099071207	0.30719557195572	0.910379165070854	0.960729923037176	0.582893640655374	0.869008841321545	0.422110552763819	0.705490196078431	0.879938203487089	0.90851334180432	0.967968363816115	0.178082191780822	0.92663149667839	0.974376523933781	0.962295536456889	0.684097613301153	0.854876398966917	0.48932384341637	0.617579908675799	0.96530476296214	0.983424538028392	0.930691839523041	0.98305535841022	0.934426229508197	0.97287307354968	0.990108468263661	0.853363272478766	0.689925681255161	0.797817346352671	0.469026548672566	0.846973239802546	0.869397347658217	0.264437689969605	0.642259414225941	0.856761396147244	0.843043995243757	0.869684992214636	0.873986564744035	0.897878705466413	0.950507446948728	0.959827756826874	0.908414634146341	0.873590304662515	0.920308483290488	0.897516375545852	0.874885464389838	0.86248437322423	0.912209109959193	0.873303167420814	0.942090449936384	0.781438998957247	0.913148371531966	0.866950128443618	0.918400608464171	0.943794423182067	0.454068241469816	0.813369781312127	0.913618587531631	0.947200056244947	0.980192535935645	0.738712065136936	0.934635971974411	0.760961810466761	0.928430913348946	0.939751616545212	0.6952532907858	0.915198735320687	0.936188291273685	0	0.431760527650939	0.388429752066116	0.539325842696629	0.856498964551102	0.452763622108977	0.964781466891765	0.698979591836735	0.416296296296296	0.889385929239528	0.916284403669725	0.949433379120879	0.718198874296435	0.831991051454139	0.441201000834028	0.979071690999673	0.233060312732688	0.744009705793145	0.652567975830816	0.835627868168544	0.482698961937716	0.755970755483347	0.987636028382806	0.90354609929078	0.455204932898078	0.90058247286206	0.915527443378902	0.807854675706793	0.850471436494731	0.646929824561403	0.699698189134809	0.837013875317569	0.928629128058921	0.88770770977397	0.973872653377202	0.991282339707537	0.905234735650205	0.907977338845506	0.383891213389121	0.992925665898494	0.895170454545455	0.843122947829259	0.99039027722166	0.931835715906512	0.837360209857794	0.989256644226033	0.851674641148325	0.958868472218419	0.938212184787527	0.987518282143332	0.602395209580838	0.939154282798648	0.628227194492255	0.451672862453532	0.77796514896009	0.968353630272639	0.729710275328415	0.92682762795077	0.987130065879377	0.98083657213222	0.900441589723003	0.861707025135807	0.97829123269085	0.371527777777778	0.964866322520995	0.947028742726151	0.781235040689325	0.986980455684051	0.920372723422279	0.911702645674404	0.305236270753512	0.866813563471661	0.953667664670659	0.954501393432691	0.951188346537184	0.991206643869077	0.590065502183406	0.909217286189181	0.923852978453739	0.691085175068289	0.683008356545961	0.940439368704893	0.877068557919622	0.666666666666667	0.885326003970072	0.340893929286191	0.902663469639038	0.994269929980086	0.948732447460183	0.943006434757366	0.945193929173693	0.854584335739107	0.960013577732519	0.981126525810089	0.654205607476635	0.156189241736876
"SRR5928381"	0.879460645970524	0.939458944106781	0.567111111111111	0.933855087099217	0.978233368807855	0.934295363831747	0.950333580429948	0.934616661135081	0.867222191765802	0.907979033197437	0.912367816091954	0.606632736824824	0.698664181422802	0.594833446634942	0.970923548572523	0.817414248021108	0.910819476549101	0.880871240183731	0.339551151267852	0.316975463194792	0.925706430426149	0.748895899053628	0.500223513634332	0.827868852459016	0.850714330669016	0.961789679947747	0.983519364746423	0.43404808317089	0.923197492163009	0.78165548098434	0.983420108173685	0.517311196598502	0.994937200187324	0.767441860465116	0.933978873239437	0.884890694525053	0.671570304481697	0.930437292538606	0.766678432756795	0.977186311787072	0.605115089514066	0.677682403433476	0.754133716750539	0.910952274588638	0.936855670103093	0.698885245901639	0.981752453090033	0.488430795119899	0.176079734219269	0.875539125077018	0.605612998522895	0.252365930599369	0.942283016583949	0.882748210546818	0.954194260485651	0.606021505376344	0.846110002849815	0.812015503875969	0.776365478493138	0.857571754533445	0.80963045912654	0.928512832532521	0.843897887089249	0.9600759688043	0.651264439587886	0.792600896860987	0.714808043875686	0.710106058758991	0.89518093249826	0.946691346598797	0.366704588547592	0.975048321911791	0.940386680988185	0.530712530712531	0.913072255929399	0.238233867054828	0.566888130723649	0.75322631413283	0.942675159235669	0.952003023431595	0.272289156626506	0.883864189866769	0.957478347415454	0.918158567774936	0.454502143878037	0.716279069767442	0.718071402281929	0.694732102656461	0.943776200783626	0.960946861801395	0.855410053708286	0.958425708453147	0.863313990973565	0.979625227672645	0.976216242214366	0.777445855115758	0.552418595896857	0.85158371040724	0.540623627580149	0.761968899228603	0.907874260815437	0.621288515406162	0.864762704745905	0.778366042902784	0.870229007633588	0.733272850986618	0.735471822476107	0.843842656651512	0.920822922412954	0.93681652490887	0.857015827849902	0.80633147113594	0.873319782309357	0.841851239669421	0.808882475549142	0.783340526542944	0.941065436241611	0.915742793791574	0.908202681208816	0.63145896656535	0.799541093032958	0.794522878040483	0.873702055520237	0.881656804733728	0.213984835720303	0.72008923329811	0.866046928375427	0.915617651127404	0.96864965464816	0.623020602758386	0.897304674172637	0.547866694969221	0.829504666188083	0.901779002756201	0.554435483870968	0.869314119135361	0.900362394301662	0.431760527650939	0	0.39177277179236	0.752765126870527	0.779672735653376	0.374834437086093	0.943595333627108	0.730976926853215	0.766904892798241	0.771761280931587	0.963849977406236	0.918367346938776	0.590619072253837	0.742799447337655	0.442622950819672	0.954476132377612	0.417218543046358	0.479022835900159	0.382098171318576	0.865095952878586	0.652923076923077	0.651268115942029	0.979991963985535	0.795046386926547	0.396156230626162	0.852603197021249	0.982122905027933	0.712285783248853	0.743568114719528	0.766835626357712	0.460517435320585	0.654493376297888	0.887515106442317	0.770427249458555	0.948570745126181	0.99202017885806	0.802510460251046	0.846278915083881	0.460730785384292	0.989760124720972	0.932880543347982	0.886741724079987	0.985929273633695	0.894063277639531	0.827800829875519	0.985104408352668	0.869731800766284	0.934029092088899	0.90184841391557	0.979802160506602	0.709482178883658	0.876764924448848	0.676348547717842	0.619417475728155	0.86292525453191	0.949260395151363	0.595087952207103	0.844829834398227	0.979457407614157	0.992742667069852	0.906439185470556	0.789585172109444	0.95287326783561	0.518815545959284	0.977068906799864	0.917291146267	0.831719388853023	0.989901397122345	0.877735937867734	0.8117426315378	0.376904176904177	0.724241722620977	0.926955754165287	0.927839670260745	0.883381924198251	0.989593188268685	0.585773046213404	0.859880098742212	0.881548974943052	0.713078291814947	0.412663217541266	0.906178222447152	0.872243346007605	0.524824120603015	0.820151839021154	0.548780487804878	0.847044025157233	0.991699019207193	0.891199114840256	0.909262938783234	0.9643199693075	0.703181989686832	0.935848174011828	0.987011413478082	0.881705639614856	0.457256461232604
"SRR5928382"	0.934649771660127	0.93994745402227	0.671867381764993	0.916533758639022	0.982227799931178	0.949632738719832	0.963440446411391	0.958722523631076	0.922546656952306	0.871114480667172	0.945204196328213	0.739329000526963	0.803973509933775	0.703973751367116	0.983611291603494	0.804245283018868	0.943687556766576	0.925638571212656	0.457962413452028	0.204502814258912	0.96183937903949	0.595619208087616	0.660942100098135	0.903042903042903	0.904331547350074	0.925253230876703	0.984614996595122	0.591044776119403	0.888382687927107	0.871763941727754	0.979984524116585	0.700066064743449	0.996824646150728	0.596072931276297	0.964232074317183	0.940132162935201	0.809838472834068	0.960230093146845	0.779043280182232	0.935252871848426	0.452793834296724	0.652745190051619	0.65558912386707	0.937877871825877	0.860310421286031	0.775287117752871	0.963992869875223	0.68732782369146	0.474686282994375	0.922004402977251	0.551515151515152	0.517305893358279	0.960300193120982	0.918367346938776	0.87042777433354	0.679680150517404	0.9001319841619	0.810324129651861	0.856200401568028	0.924089566929134	0.893919365499009	0.955000889310488	0.89893871961657	0.976657976209874	0.773302263648469	0.802315227070347	0.841936723453311	0.842664958360026	0.927237319642383	0.951378879600269	0.39169271996427	0.936519931985641	0.955919874056783	0.62363834422658	0.880466135917849	0.360192423331329	0.714561980274608	0.822183291360999	0.916083916083916	0.952876497152955	0.276088252832439	0.933700043810544	0.976721836625734	0.943858678743043	0.611578947368421	0.799561082662765	0.689521345407503	0.621503017004937	0.961106955871354	0.976557704872592	0.914796265380573	0.97138997763458	0.911420512512753	0.981622128457571	0.983665184612411	0.867946480511926	0.750152594099695	0.741721854304636	0.254922831293241	0.868194104775389	0.935965494359655	0.440519105984138	0.688350983358548	0.869091597991854	0.853070175438597	0.807125890736342	0.841240666283745	0.899722579335544	0.94595483086229	0.956113187399893	0.91038795458685	0.862461306784908	0.903992459435804	0.88863991308481	0.887214309373965	0.850507328072153	0.927117531188444	0.901570680628272	0.952860658258997	0.702836004932182	0.88487486398259	0.892781690140845	0.92629072410434	0.924731768422199	0.323886639676113	0.807611774849119	0.905836531301907	0.946419805035416	0.978340206321392	0.70337899543379	0.935184381778742	0.657778808254115	0.889819467708915	0.93465255407271	0.595034910783553	0.916324579654726	0.941463001397772	0.388429752066116	0.39177277179236	0	0.587357330992098	0.877294685990338	0.430968726163234	0.961984128841967	0.449664429530201	0.724137931034483	0.836075502170183	0.88099173553719	0.938973766422733	0.744121458989076	0.835312395960493	0.462940461725395	0.973452687387145	0.275813295615276	0.570665083135392	0.62118425891872	0.796094552929085	0.56642216788916	0.798586572438163	0.987379990621375	0.855519337503304	0.518387553041018	0.918308188945253	0.943684633950121	0.802738336713996	0.828087167070218	0.672431332655137	0.663454410674574	0.798380878951426	0.934551998484561	0.848770491803279	0.967783225058565	0.995048348670995	0.88036703601108	0.891723140181223	0.413010590015129	0.993362831858407	0.914498664041626	0.915721231766613	0.990218209179834	0.926535782140595	0.804484550177741	0.985621282375533	0.843439911797133	0.95747239532087	0.940853158326497	0.986346308769424	0.562888198757764	0.929396825396825	0.641129032258065	0.515257192676548	0.856158721410857	0.968274672332906	0.735252309879176	0.918741633199465	0.984408278898185	0.990329265484688	0.844844646744508	0.875411635565313	0.97051146665604	0.455437448896157	0.974413154558377	0.942869204249631	0.73170157684161	0.990740185795625	0.907097240631401	0.877995642701525	0.251069028711057	0.818203883495146	0.958866783621365	0.9588308194541	0.935381288558163	0.981944444444444	0.673895582329317	0.918030813673568	0.916952919781774	0.681795998047828	0.627970499863425	0.935782355965044	0.83206106870229	0.734760760323356	0.904776368744779	0.373248407643312	0.912140368984647	0.991939003414371	0.922791527732119	0.950723240115718	0.951401869158878	0.817026347146829	0.964918221529918	0.984340208960337	0.753224901850813	0.294919454770756
"SRR5928383"	0.974604440898817	0.985309829059829	0.854323046983597	0.93788288930047	0.98703423452902	0.870858113848768	0.97289918090808	0.986043740958216	0.972084438804937	0.815724815724816	0.982443517052813	0.877794911333847	0.905329719963866	0.87271632202369	0.992324548128957	0.898164184274333	0.986882209961804	0.974565756823821	0.749208860759494	0.645338208409506	0.983915556672531	0.243401759530792	0.868384206104733	0.977374218517416	0.97771253169625	0.94062440145566	0.989679133455957	0.796781609195402	0.737265415549598	0.938278816199377	0.972139830508475	0.842913776015857	0.999247584768241	0.799265605875153	0.988716183813366	0.983411723056693	0.922718996560793	0.981210360974453	0.866890615158514	0.934172313649564	0.397338403041825	0.874900186318871	0.55327868852459	0.975576871220001	0.872785097682871	0.90568283249033	0.973121791880541	0.835367437029343	0.727574750830565	0.972863834598611	0.727423822714681	0.856705450091856	0.984307707539231	0.97606193338087	0.848585079015068	0.830797971710702	0.951724663062514	0.679586563307494	0.949768937110709	0.968763888007111	0.953271833778774	0.984531583857474	0.965106382978723	0.99283817990986	0.884790114483009	0.921065297609498	0.955080799780882	0.930684931506849	0.971297931096926	0.967683296303777	0.63437139561707	0.954469507101086	0.982552219500784	0.799810546258289	0.922322960058809	0.677029360967185	0.894556365195028	0.945526193787668	0.796033994334278	0.988637537444479	0.580204778156997	0.968360115780018	0.990587219343696	0.983463514179157	0.873141122913505	0.926984539430947	0.72877618522602	0.834597875569044	0.985727931673878	0.991360345586177	0.968215471023743	0.994804496797599	0.979700457977472	0.987234042553191	0.99669353172143	0.935365480681007	0.885260770975057	0.697016067329763	0.657933042212518	0.946310572687225	0.917436175991309	0.405895691609977	0.648173207036536	0.936927974532431	0.656019656019656	0.940619077700569	0.942682926829268	0.9651113913409	0.978805910276125	0.982843999458801	0.969184517098835	0.944619147449336	0.963479230554781	0.955421178455913	0.945207847204217	0.948595337716677	0.94509440518939	0.751111111111111	0.980237619103635	0.879844072460445	0.970063327576281	0.954306771073238	0.964724865075391	0.972110215053763	0.609789259007478	0.916732335172051	0.962604695057214	0.981294399029022	0.991591065839037	0.872434607645875	0.977378576180971	0.913865546218487	0.964847182892296	0.979949611589334	0.890979257115292	0.970829957170969	0.972558864265928	0.539325842696629	0.752765126870527	0.587357330992098	0	0.950868167202572	0.767595654227681	0.984981285829346	0.656084656084656	0.563318777292576	0.950010636034886	0.888549618320611	0.977079870527513	0.870506535947712	0.941217963790266	0.677189409368635	0.990883168777763	0.463146314631463	0.846315054139015	0.831074977416441	0.904587155963303	0.454293628808864	0.907009264114665	0.995621571607957	0.956666052000738	0.72707705553164	0.966062423333788	0.96149541079024	0.91412704862522	0.932641883230393	0.543933054393305	0.837380011293055	0.936365577621183	0.969239726359711	0.964559697460832	0.984939611754926	0.990144483781456	0.95745451253734	0.958346531517263	0.645466847090663	0.994166681670057	0.937026945201332	0.893423137876387	0.992004378554601	0.97064950696727	0.924511675723307	0.99421759840747	0.646766169154229	0.984701937200344	0.97344502617801	0.994712348417875	0.693867696764848	0.97074450639554	0.807365439093484	0.43613707165109	0.892445582586428	0.989282980352131	0.876244388053875	0.977277450640804	0.993772023272966	0.984737604195202	0.944591029023747	0.939196317253285	0.993317768295628	0.543175487465181	0.976022566995769	0.977293076895527	0.847222222222222	0.993779723711029	0.960603989312123	0.960464333781965	0.584805653710247	0.95475113122172	0.982956706992315	0.980539014058567	0.985674858719937	0.984454839870457	0.846439628482972	0.960648004468996	0.967134933388627	0.873086557194545	0.835234474017744	0.974418979987088	0.669902912621359	0.879174852652259	0.959570435881238	0.507981220657277	0.957724878308995	0.996666709732432	0.977390802385992	0.980825302693353	0.909048723897912	0.933314415437003	0.986839385378626	0.988901000891884	0.732394366197183	0.428313796212804
"SRR5928384"	0.327593202001533	1	0.697522816166884	0.959180790960452	0.980549260336551	0.941232227488152	0.99906048150323	0.648157758173326	0.41288451325626	0.981898177247014	0.48699442618265	0.466136750750264	0.538971284316819	0.729087609305395	0.833790198569232	0.981651376146789	0.565698729582577	0.861128940909949	0.721170751887475	0.876867030965392	0.757062581787391	0.923814393455196	0.747946228528753	0.166105238703682	0.351109504225607	0.943051286199644	0.98578373123042	0.760626878488622	0.98961937716263	0.467868833630046	0.971330848161101	0.629775431690078	0.970105187763906	0.948490028490029	0.662878610002348	0.466522999182582	0.318934127772261	0.70628378543649	0.884408602150538	0.970012744583552	0.86720371048456	0.905487245366122	0.955171057805741	0.549365558912387	0.927852708199529	0.323667315876794	0.962813620071685	0.709061135371179	0.724600424723371	0.809442327136968	0.835010060362173	0.704353772509688	0.851250446963801	0.46375350140056	0.942607990265666	0.827149155033064	0.546710072013416	0.921705613105276	0.558350394852296	0.34841866154115	0.204055496264674	0.630517711171662	0.848594698931312	0.742374219478935	0.819044606137298	0.884402572154927	0.42948140967943	0.467349906516169	0.489702360588437	0.965146981165288	0.807323943661972	0.948696454019616	0.65692994157965	0.814901047729919	0.935568189243939	0.807205687432221	0.608876090454815	0.137548354366161	0.996263677608754	1	0.833273186575244	0.451193936495088	0.720992873309515	0.596265781851925	0.552510540436949	0.829896212427551	0.879396984924623	0.920794420144225	0.838305838305838	0.747475631310922	0.369284054539875	0.722791775267883	0.383750375552599	0.982242240687531	0.83940315869536	0.793746312684366	0.436412431824085	0.961410984848485	0.909101585437463	0.208191600138841	0.952779532533165	0.879346877726536	0.914143172061724	0.330425173035538	0.982511923688394	0.564957492029756	0.22130239228212	0.303478869950969	0.597463230333288	0.661738026124819	0.773401999394123	0.19758997256442	0.597003117874261	0.650423629640032	0.780782385634887	0.591899909712369	0.96094839609484	0.985245685680411	0.543070702119838	0.45000869414015	0.0927587514217111	0.73838630806846	0.406068328422394	0.42449093891267	0.797259637714817	0.30260928498814	0.390910977381199	0.575695511179382	0.819281049711039	0.678639253571134	0.49754092838375	0.451091423874326	0.192382924864803	0.436185240331386	0.863034512698068	0.38916417543716	0.506827574805753	0.856498964551102	0.779672735653376	0.877294685990338	0.950868167202572	0	0.815942968243681	0.697781379799412	0.946586102719033	0.884324190145215	0.34002297044067	0.982723937995504	0.502849715028497	0.669186674420537	0.268358151722375	0.791982427237781	0.755375336490953	0.866583850931677	0.806677329068373	0.595938001068947	0.931484218763586	0.944804781889864	0.406935157829264	0.883640561982697	0.202979929949408	0.790574809805579	0.316250286500115	0.951929703652653	0.257504819608923	0.520798880549548	0.957737235857724	0.64298418047365	0.737313937753721	0.462525223407322	0.124298609416931	0.698103782028599	0.993367328745141	0.379700901693424	0.256613890434519	0.794175658429052	0.998851381532768	0.959409325671056	0.944211994421199	0.998291432755675	0.877044047039176	0.875555555555556	0.997284040698853	0.990189579742808	0.835276698130668	0.558034562806293	0.9711751139378	0.923795049934868	0.352720450281426	0.921348314606742	0.941667737376333	0.940574768631271	0.724639553988444	0.659654272667971	0.334538375973304	0.857624206557534	0.981158622377195	0.959962357772265	0.370104735883424	0.747329520457545	0.942995292021886	0.970365834991581	0.574582168729679	0.92044097381718	0.990623637156563	0.358009813204786	0.245467444426927	0.898464885772997	0.42027426727615	0.553773895354055	0.624461844457313	0.357842479538441	0.994010268111808	0.828560408832321	0.410631343540341	0.43568401937046	0.842183715297186	0.711178013013499	0.787564604541895	0.993909704753078	0.530544903237314	0.246856854329715	0.870826224713624	0.326226398048604	0.998556930283173	0.485910702137563	0.455143191116306	0.977294559427124	0.211079004862922	0.587579837973844	0.98758025471003	0.926594607435562	0.868848484848485
"SRR5928385"	0.896883509833585	0.813844610411325	0.628740157480315	0.774406022112444	0.959984914948095	0.890018243419338	0.935807245867042	0.902439024390244	0.861750172679454	0.930343926861123	0.937214509628303	0.609653725078699	0.75491593046452	0.48019801980198	0.965748537177109	0.528146453089245	0.880446682723889	0.856532385845297	0.396160558464223	0.478463329452852	0.913552453849617	0.724711316397229	0.655718242975861	0.87923875432526	0.801080818507499	0.824880668257757	0.960174268343712	0.529797703663204	0.947198275862069	0.753636750319013	0.973284879438197	0.478166334480884	0.993097723259998	0.678537054860443	0.941351673345608	0.878998870907038	0.732337379396203	0.919545777146913	0.631444124239513	0.924488998828278	0.599211045364892	0.556488549618321	0.82648401826484	0.86881422636834	0.693811074918567	0.708470444850701	0.907033939990162	0.48893888263967	0.384615384615385	0.821300358994815	0.591240875912409	0.55198973042362	0.914432374358362	0.844106643936165	0.863463368220742	0.482600382409178	0.867816091954023	0.747352496217852	0.685232141295794	0.831960078913775	0.838556795597003	0.902454482599677	0.820060322145928	0.971562088109598	0.587746922416261	0.68921721099015	0.705406943653956	0.672093817602186	0.863482097403699	0.804655248133509	0.377059372085794	0.827459735289428	0.929296668429402	0.461935483870968	0.82125453602903	0.406285497917455	0.465929419417792	0.675996439521313	0.96078431372549	0.855607309208169	0.35593220338983	0.866177222248037	0.963600610840324	0.911051663601404	0.462536626203432	0.631372549019608	0.683955110706703	0.755087468761157	0.933112171966448	0.971176070700204	0.847472450585972	0.954483386436049	0.814296241709654	0.929760713310891	0.974088314665775	0.744952178533475	0.511284574919396	0.827956989247312	0.448372418620931	0.805190350977478	0.782472166714245	0.604228329809725	0.70145221209051	0.748938014737755	0.921693121693122	0.651415194722281	0.73272746049778	0.772545535317637	0.885339363633468	0.914355585618398	0.823141727319617	0.72855927615807	0.847893373760344	0.770773638968481	0.779377968438793	0.752233956133225	0.777975484381178	0.933781686497672	0.893277995997925	0.589322381930185	0.859952793076318	0.782298589722808	0.85680509868421	0.913335746419153	0.433987813134733	0.680993734198087	0.829364864131909	0.877949552481692	0.953173168225393	0.633968696730203	0.850840685866489	0.555849555849556	0.879222108495394	0.882736790844899	0.640607424071991	0.808965406961249	0.882214178224265	0.452763622108977	0.374834437086093	0.430968726163234	0.767595654227681	0.815942968243681	0	0.930430006636611	0.65456629728697	0.7157148812005	0.69903536977492	0.870390261367705	0.905196138837544	0.669854209123687	0.641205325858444	0.476066144473455	0.951202956482389	0.506688963210702	0.545329038196042	0.580200162293752	0.781619031319528	0.728798185941043	0.717656857301499	0.975369498331035	0.73298726579609	0.243300052548607	0.870644302778981	0.828235294117647	0.653282201669298	0.648648648648649	0.835798062213157	0.467064676616915	0.759649691858579	0.899882320992125	0.752281616688396	0.959608352011325	0.990976100067009	0.793455706304868	0.822266317057615	0.485309017223911	0.97811524567741	0.774755841265917	0.849333945796968	0.971038477451386	0.84474094610986	0.723106608779547	0.953525641025641	0.9342175066313	0.907629239205665	0.883271551384179	0.975532396918894	0.574563871693866	0.905188904830225	0.516944865958523	0.722352941176471	0.516388105057521	0.925790027004185	0.614592794429307	0.86669179545169	0.97719636352629	0.984909010208611	0.8676836345548	0.758186397984887	0.935974358473235	0.663789186733303	0.969563446513867	0.887022173853897	0.740195140616032	0.965533536135149	0.881770596267638	0.7967242539825	0.507456978967495	0.644608374918637	0.935899744319205	0.915445817797481	0.916412190886773	0.989205358304071	0.58497772119669	0.874275321132204	0.826706459998074	0.660362490149724	0.434791981030394	0.874290935394221	0.936675461741425	0.481548154815482	0.795292288117622	0.583987441130298	0.825242718446602	0.974418132954718	0.852184455121009	0.921539736623999	0.955118246159158	0.740944789590904	0.943623193156118	0.946949602122016	0.568996740311481	0.486882716049383
"SRR5928386"	0.496167567376638	0.916483247737833	0.873519711357549	0.915800736640672	0.907712372068348	0.963217553603132	0.861470011074627	0.452188512748428	0.437421501069283	0.996461763457093	0.360276803306262	0.812478617858365	0.841791361562135	0.80653336483323	0.55337773089281	0.964333100951267	0.466955066000978	0.88687545138205	0.916160333726308	0.966911937010826	0.849915545142483	0.982726799488903	0.856437288210671	0.622122848791064	0.60969486970972	0.893335612486913	0.932188692334374	0.928648154496629	0.997473363049126	0.779410630255342	0.892788620575587	0.85982988425114	0.852211772157063	0.977183320220299	0.107712679640136	0.424478020634688	0.813339638458397	0.736225803882	0.943896597112833	0.950060697392105	0.965518859072997	0.953018505856144	0.99187030522012	0.364219191874324	0.930928941778397	0.751231833050391	0.904962233483125	0.886861394202197	0.935647443875905	0.836417136302429	0.944312550420652	0.939416379330294	0.83425630016345	0.606135851275852	0.951829529807454	0.915414653517771	0.748907937784439	0.978849348400833	0.766018550859627	0.578238649247353	0.612027304010982	0.454156585437581	0.858872126436782	0.199853611471537	0.91415160461313	0.934620291552507	0.818501697966532	0.812602291325696	0.31900925096986	0.893283089235072	0.934570808514568	0.894323671497585	0.102942875110695	0.914050103917581	0.883840617586748	0.961205484580467	0.84158629935562	0.687898342893563	0.998282975222379	0.920056183063147	0.960001871257485	0.422409036320556	0.164345847554039	0.348704322733636	0.867275766016713	0.844146356312276	0.951099230308338	0.984381556249709	0.853266644206598	0.143543491079033	0.606938233650084	0.164413108518682	0.676434930201947	0.923169563432325	0.391100021801797	0.887329973340598	0.837008045227223	0.987595308601674	0.95576663407366	0.748996806158382	0.9504065558457	0.973670576044463	0.959496493102327	0.743957235822746	0.996141662895658	0.763693302353773	0.70397750100442	0.653740108139077	0.222508182504826	0.68342777105749	0.86810551558753	0.638681451308743	0.775675868974396	0.665316655317014	0.875449191924893	0.786485133647012	0.914524127218051	0.997335236735665	0.430675431927612	0.83039115387127	0.667044663284592	0.881109945646992	0.585344147230198	0.415606703008278	0.9463891663376	0.739805667357808	0.557795469299894	0.683272742948285	0.290127889481603	0.865993555316864	0.386074074074074	0.846170794042478	0.616989251461763	0.659981527906056	0.969624080819188	0.523769071324204	0.50142229917754	0.964781466891765	0.943595333627108	0.961984128841967	0.984981285829346	0.697781379799412	0.930430006636611	0	0.969845952146837	0.973738704819277	0.738495939743439	0.989601305665656	0.318798299245833	0.873310956192443	0.728666693287545	0.935421642476575	0.217463197792404	0.972133964084822	0.910132079292577	0.913367127917066	0.971266869830213	0.98567443619687	0.812392972664426	0.523981110263915	0.627932705146302	0.921873220508849	0.519358623386781	0.894716268160792	0.738128791127995	0.766232730607444	0.992343906034524	0.892424981162182	0.932645958973694	0.590455210561014	0.64835251303236	0.255304187580321	0.995358663295029	0.657970243411177	0.546450708382527	0.946304983975103	0.926196678438681	0.916656290208774	0.950158702925281	0.914117914428908	0.790190088792517	0.934406580007853	0.949484942167898	0.995950645514744	0.880354866538764	0.720021388740356	0.929713528442799	0.919772742892488	0.476216454025517	0.958593448502872	0.985836767561935	0.949087329992842	0.338773022751896	0.856454617476393	0.543050968490583	0.423766558432229	0.886940848762903	0.982917100242803	0.741419424308266	0.215747720897616	0.98155941179252	0.886206485455412	0.52228025496036	0.848777689524314	0.950582015489496	0.46827805038753	0.612777736216054	0.96183742273834	0.742512420156139	0.492912504052103	0.639175813802961	0.475298426000916	0.995529517800811	0.940727516179424	0.672981920923541	0.466084013733962	0.935890908285923	0.894805078683834	0.820746187692122	0.995903981710802	0.870673793043021	0.608435956050439	0.965107281041154	0.598494087703484	0.964313629907296	0.493041303232427	0.39648952519615	0.985443451732404	0.753105206876697	0.224088604367901	0.880406131016304	0.957814177049792	0.963503478647895
"SRR5928387"	0.970917513833483	0.890335503254882	0.76665853063217	0.895996808086182	0.976922142596866	0.925017519271198	0.929540860525556	0.975162923391044	0.935530889113129	0.82648401826484	0.964210427694758	0.837904360056259	0.861474730737365	0.780332056194125	0.989988086785959	0.687038677295542	0.952609864112949	0.937512598266478	0.614266842800528	0.66624843161857	0.982679698131882	0.593908629441624	0.800049127978384	0.957265765339888	0.940074906367041	0.826603740604789	0.974624154979316	0.79588785046729	0.887743413516609	0.916264389157074	0.950257997936017	0.826278659611993	0.997322878201515	0.552952202436738	0.975075801830371	0.959354806886006	0.904464449751975	0.976228024064015	0.850275508265248	0.901463123320394	0.595360824742268	0.787174066243834	0.653846153846154	0.951547677538834	0.672713809700111	0.846026031570202	0.918858671422202	0.781199724201333	0.795316565481353	0.946835841241546	0.795227765726681	0.785278949835912	0.970563786611902	0.928578523889937	0.800062092517852	0.813515422651283	0.942199075772024	0.875978326309452	0.873158599579108	0.966771275613808	0.943797008017191	0.960271576388271	0.936849315068493	0.983092623902548	0.872730301515909	0.899598990049012	0.929505255062804	0.937692307692308	0.944840409048652	0.94827917708133	0.641002685765443	0.83963691376702	0.966718245242555	0.672211617125716	0.859847610251674	0.683956574185766	0.816879597367402	0.876643295354952	0.93200468933177	0.913957371574502	0.717703349282297	0.944493134677184	0.986715079026057	0.956227093561994	0.76600790513834	0.800658777601562	0.796024200518583	0.713971397139714	0.969302377126392	0.983406597758505	0.949777337951509	0.98068831111308	0.946692279985592	0.971053454204439	0.988593936904172	0.923561936172277	0.9010183299389	0.70890979524073	0.28281750266809	0.938948995363215	0.921633737340196	0.562952243125905	0.69464105156724	0.928165276724792	0.82800441014333	0.856922162804516	0.888735632183908	0.93948829023961	0.954691918195568	0.966306234147644	0.924693307421353	0.892701707398728	0.920932112068966	0.917130824616221	0.934719575842929	0.881782289904117	0.910215701302967	0.84	0.967849863477291	0.74243982719605	0.947305389221557	0.952796125055042	0.957343149461376	0.936260623229462	0.600202942668696	0.878235149124969	0.926549788014209	0.952653175744397	0.983108464214188	0.763436928702011	0.959557387719679	0.793871866295265	0.927567265617727	0.938113747954173	0.77302759424796	0.94937563280459	0.963311303168954	0.698979591836735	0.730976926853215	0.449664429530201	0.656084656084656	0.946586102719033	0.65456629728697	0.969845952146837	0	0.72316384180791	0.878408402342961	0.686187845303867	0.949405016693776	0.779836916234248	0.861425716189207	0.601461038961039	0.983439955430042	0.662171753016324	0.52304490038656	0.831982313927782	0.795061728395062	0.67430441898527	0.909017842790548	0.988843913515648	0.88630354309889	0.7137796670209	0.963358376169764	0.841755586873364	0.875428136496258	0.877987005836362	0.670756646216769	0.801583374567046	0.897742620104187	0.957652408696888	0.908969759097899	0.975170281628907	0.977291841883936	0.92915908894085	0.924588665447898	0.608695652173913	0.987081348250451	0.89276667604841	0.892934390771449	0.981939185852362	0.945522827021402	0.853878779586811	0.976344942267607	0.83370288248337	0.968345953038297	0.96225641025641	0.986877294397103	0.5316997277324	0.967608764687202	0.701110737125547	0.605954465849387	0.858167770419426	0.972016495539471	0.815401031477859	0.944827586206897	0.987464840406017	0.9681418646605	0.833597464342314	0.927885055367438	0.975211222700462	0.548440065681445	0.954426683061789	0.95763695858696	0.716305372290292	0.984805574286357	0.934550714156572	0.906360994510817	0.492647058823529	0.885853066180935	0.979242888075861	0.975210109438297	0.971879373966153	0.977908996179229	0.864879356568365	0.95256155559569	0.935223081198525	0.755191790862448	0.784463894967177	0.951352634076887	0.822368421052632	0.89676290463692	0.946216955332726	0.515654952076677	0.941020842743757	0.986855110974185	0.942408868846298	0.97839401977333	0.843243243243243	0.903285638579756	0.984285036916616	0.980569694596711	0.584926884139483	0.569919204474829
"SRR5928388"	0.928086661446098	1	0.711265790152101	0.88439939734283	0.975640504270028	0.687405159332322	0.995084062530725	0.969326016603349	0.976958002270148	0.863138686131387	0.980500733588906	0.793784277879342	0.80952380952381	0.789473684210526	0.985545889989503	0.94193751972231	0.983741078584787	0.939875675124834	0.641281138790036	0.649709302325581	0.962695397645887	0.363070539419087	0.898261095250454	0.96293078482479	0.971181556195965	0.843358168271852	0.976563688936235	0.549043549043549	0.859541984732824	0.895016107636915	0.951883936958564	0.743399722093562	0.999053704388235	0.804801670146138	0.987517841650108	0.980553477935677	0.791387559808612	0.964789560310369	0.778394449950446	0.921604938271605	0.251874062968516	0.902946273830156	0.555844155844156	0.957775999390267	0.659283125251712	0.828954882924043	0.923615531508593	0.731913864021292	0.60823754789272	0.936780694775922	0.477719214183038	0.784856396866841	0.972765706420214	0.980317332797751	0.775557775557776	0.702655745842641	0.910696980991427	0.546777546777547	0.892731535756155	0.926401796295141	0.906741856746065	0.966936229894661	0.917952996801558	0.991979211425531	0.792912705272256	0.832693783576362	0.950685654008439	0.85439198100765	0.950471592686961	0.923802042419481	0.450396825396825	0.848126232741617	0.968759387203364	0.678747463032763	0.858124111795358	0.651388888888889	0.776475343573161	0.956004489337823	0.955905511811024	1	0.583218707015131	0.94498031496063	0.976224196386421	0.985367892976589	0.87028235951915	0.928562476500815	0.437022900763359	0.76625	0.96911584346081	0.990772412695887	0.973667711598746	0.991365497596582	0.974330900243309	0.970603046707793	0.995469138045914	0.881280348825686	0.758738277919864	0.78351164254248	0.763285024154589	0.854492446329181	0.851162790697674	0.360824742268041	0.428409090909091	0.892781110896071	0.796806966618287	0.952177625960717	0.953784484791323	0.92470458917285	0.963306398198437	0.970244649139297	0.927375677006401	0.905541346973572	0.924265208475735	0.923607280750138	0.898928541297562	0.872094367988898	0.901065619742008	0.846994535519126	0.95702928058949	0.854404479862158	0.956730233076837	0.893687707641196	0.934374144070118	0.976844194508766	0.717056474614946	0.8596757852077	0.935715943374333	0.957660364021912	0.98535902111578	0.789032749428789	0.95146098917948	0.908557457212714	0.962748265703697	0.959449674149167	0.837791932059448	0.934282460136674	0.952621226374754	0.416296296296296	0.766904892798241	0.724137931034483	0.563318777292576	0.884324190145215	0.7157148812005	0.973738704819277	0.72316384180791	0	0.958488228004957	0.908291457286432	0.952385067404079	0.786017767477791	0.874374146563496	0.506678539626002	0.992437542201215	0.548278757346767	0.849920508744038	0.793269230769231	0.885825075398535	0.47808764940239	0.815425620523072	0.990867880985741	0.964773544212797	0.576199616122841	0.926718373896764	0.847546851968836	0.864840182648402	0.916958140584452	0.576315789473684	0.869769874476987	0.908559919436052	0.94696788398028	0.96078431372549	0.986111111111111	0.990370090634441	0.965398534733869	0.94004647560031	0.361363636363636	0.99820868786386	0.880371660859466	0.822514071294559	0.997258007327739	0.945254306996299	0.878719503596108	0.996845500129476	0.865497076023392	0.969531142582153	0.950407749306619	0.990031951008454	0.749256268593285	0.96045597990597	0.777697057755176	0.493506493506494	0.760422783323547	0.976706827309237	0.797594819611471	0.974587212067677	0.988683022490961	0.969343913295916	0.921325051759834	0.896535624241292	0.992194692390826	0.626	0.957064248624351	0.957522249406092	0.856929955290611	0.985808139272667	0.936610687022901	0.967789646672145	0.722772277227723	0.948359735561931	0.95874736525143	0.963542300669507	0.975870967741935	0.983494392325598	0.662870159453303	0.926920026840725	0.948193940632504	0.69341935483871	0.871436881908086	0.952206175696162	0.907780979827089	0.7859439595774	0.914413718523096	0.530809205642168	0.923817003730611	0.998197803895318	0.981395348837209	0.944241360822732	0.9198606271777	0.946521145975443	0.962808789409035	0.978940117108695	0.564102564102564	0.485262401150252
"SRR5928389"	0.541033179336413	0.877583661417323	0.707561665992721	0.829606638373345	0.883050671106024	0.986153569501888	0.920994800879027	0.604143476976897	0.50823565463878	0.984345648090169	0.606010467668411	0.46073373459444	0.579109277773894	0.603462069968725	0.812518469065	0.693865293865294	0.602098768991265	0.831033010813887	0.727160056657224	0.85662137497465	0.679556650246305	0.949206349206349	0.695113056163384	0.420111435394004	0.322977182790267	0.915219100721996	0.965144431457672	0.841725303847208	0.988185100098458	0.221743697478992	0.965494791666667	0.532177444548579	0.963760943410713	0.905210536435301	0.733812786937151	0.487754458498301	0.440449274305302	0.699082568807339	0.771044268716281	0.93251369771482	0.913238289205703	0.450698602794411	0.96305099394987	0.535404728309385	0.893700428480263	0.33828276307295	0.940255607452651	0.677787463348918	0.769245318706261	0.699864672104166	0.90201456540244	0.748101144120758	0.720235916209071	0.360608407858601	0.913482461484899	0.74894127047543	0.561481210903612	0.964951153187632	0.278495887191539	0.358211998858028	0.442234987970737	0.691835131080792	0.820535245758265	0.807388552799038	0.768621680330741	0.861742550496634	0.332420659614188	0.35461787403535	0.562951680331853	0.64841992501339	0.801752047229099	0.919297727943346	0.712493071721539	0.783996648512778	0.852569403425871	0.848881724763248	0.554414172993896	0.207863876753277	0.992106128713957	0.895278876903897	0.851307847082495	0.511629521627439	0.800827766482719	0.643398763108362	0.513719638564205	0.587610081992105	0.92969192969193	0.933571286932382	0.830530634326676	0.801735579377233	0.427729579309216	0.775897570289394	0.300489448768354	0.906453375726564	0.868044951719744	0.672390590515153	0.447715890119897	0.955533498759305	0.820942614868862	0.322854291417166	0.865509761388286	0.920621761658031	0.934413429631076	0.254303931987248	0.987356948228883	0.253371695738177	0.221593587930222	0.378265775540318	0.636988780311256	0.709467882684863	0.7503840866823	0.321725366046696	0.572763453884755	0.562505437146586	0.520330399724667	0.599719838907372	0.754726739842538	0.991972228249078	0.59394240028012	0.429202528753142	0.372027731622071	0.737756714060032	0.52342844321454	0.553485576923077	0.784744603965231	0.287999023318276	0.478500894176192	0.624480030450504	0.794235064873343	0.655990682777697	0.554178775588414	0.444815521628499	0.385975064443158	0.580158159597412	0.882852135411862	0.491745373569838	0.547377008032129	0.889385929239528	0.771761280931587	0.836075502170183	0.950010636034886	0.34002297044067	0.69903536977492	0.738495939743439	0.878408402342961	0.958488228004957	0	0.97856717602699	0.612519759721783	0.676229508196721	0.176565937246729	0.845695117405889	0.723645165033736	0.89418208122352	0.735878256383802	0.667455836823894	0.909963436928702	0.942887249736565	0.486507005314376	0.903016577309423	0.242377893341491	0.704264719141646	0.518215169354151	0.920816018133736	0.222958330753514	0.297596403250908	0.965174129353234	0.485783915515841	0.77354843506059	0.586643520882263	0.305443044998058	0.761787799476545	0.997101449275362	0.206964420893263	0.441858291269396	0.845403084130392	0.94287135948749	0.841550669962274	0.937608569774175	0.87631667027623	0.741249300273305	0.843358798228157	0.869675267340332	0.984514721919302	0.746806091280016	0.47278130073829	0.960379264785886	0.808838453731894	0.540915337525507	0.842334727288905	0.939851222104145	0.604439959636731	0.687468635744498	0.627384637535095	0.498168340300823	0.885404917662982	0.976166195623671	0.940823069990988	0.129460797082574	0.701635530007528	0.923676997680793	0.964073253236907	0.521055357191529	0.847506393861893	0.964588083143341	0.516914042073931	0.290666150271108	0.835353535353535	0.25310549597043	0.686654875335197	0.644947516083781	0.544817810389394	0.988968803777082	0.861476912818803	0.510832428956148	0.361702127659574	0.883989968449155	0.55870513250587	0.616773962804006	0.985185185185185	0.483956386292835	0.370474057484136	0.871249872877047	0.384809593940669	0.922756443732665	0.410339694139938	0.623004516774127	0.968496712035479	0.247850278199292	0.7111181669048	0.913701864365383	0.877762293450129	0.871418446896831
"SRR5928390"	0.990075073164525	0.774620284174424	0.919494500351041	0.952956465237167	0.964295800217856	0.900990099009901	0.844581164221486	0.989924573464332	0.983457310980349	1	1	0.95225102319236	0.976493318306231	0.936008485062754	0.99771845767739	0.804097670502386	0.973604060913706	0.951248751248751	0.887016229712859	1	0.993417005044912	0.892488954344624	1	1	0.984037798493168	0.668645073766322	0.959015570065294	0.945282357067696	1	0.979722323712094	0.909490693393332	0.969015280135823	0.996116660581361	0.906493506493506	0.960359861591696	0.969778473274977	0.97401672895533	0.995002614910802	0.973156830299687	0.954902531277277	0.908564814814815	0.973381457252425	1	0.98640886052187	0.588460201598888	0.951067856177345	0.836537617417259	0.931521979235697	0.941176470588235	0.975271442672347	0.941152760983474	1	0.991187496957009	0.981683899556869	0.91463055637327	0.966086366719421	0.989427185169093	0.920522591181274	0.911382878645343	0.991112193340233	0.981588594704684	0.973927149387996	0.973199783432593	0.994763228936205	0.976371581162	0.960631060935012	1	0.981695085255767	0.983307709202723	0.961429381735678	0.933609958506224	0.842972181551977	0.989625266798152	0.742388758782201	0.95632496039828	0.913849509269357	0.92137776113815	0.976784178847807	1	0.822342377136236	0.920995670995671	0.971806507675968	0.994722955145119	0.9904460787683	0.922941324603374	0.769258330347546	0.94136546184739	1	0.985442514474772	0.997474249181104	0.997797356828194	0.995234943745864	0.98716882499703	0.955543120064665	0.996961622397183	0.986075345731998	0.971293747542273	0.901159858799798	0.835121951219512	0.978589420654912	0.942571382481045	0.906290115532734	0.831940575673166	0.98303504847129	0.95752539242844	0.974857408916308	0.988508337088779	0.975785953177257	0.98502778685845	0.990380271584598	0.945919961543084	0.970141867370505	0.975905218317359	0.975701436434421	0.988078713154242	0.944032739741179	0.961112901493179	0.966252220248668	0.976622483670117	0.92813182449871	1	0.982135114040413	0.9921711619926	0.982085042089359	0.951560316721006	0.958262967430639	0.979466817923993	0.930774861445153	0.995241350299716	0.919943322706341	0.983290986606951	0.951828724353256	0.998167994870386	0.899330900243309	0.979628955983994	0.979837362147711	0.993860386879731	0.916284403669725	0.963849977406236	0.88099173553719	0.888549618320611	0.982723937995504	0.870390261367705	0.989601305665656	0.686187845303867	0.908291457286432	0.97856717602699	0	0.984280737530801	0.682340272792534	0.86212154214768	0.73030303030303	0.999463899366252	0.90788643533123	0.720825091833851	0.950865051903114	0.929706115965052	0.952789699570815	0.968735344692825	0.983684400775525	0.975177920499913	0.944648216072024	0.990488599348534	0.613844059887225	0.95781114282169	0.946418926217997	1	0.971550497866287	0.986937861541332	0.991825997087424	0.978249924478904	0.990716244167589	0.919176939475392	1	0.968430547203848	0.924791086350975	0.970294740212384	0.950288382312552	0.928022361984626	0.961638445865243	0.983750056111685	0.951636606546426	0.9570825461246	0.974025974025974	0.986561114284937	0.988676632316403	0.9835293337093	0.868219876228613	0.991709063501036	0.88496981251986	0.974203338391502	0.903157894736842	0.958368271004528	0.945162959130885	0.892528621533982	0.996317395727365	0.932517442525449	0.958652373660031	0.986850400792579	0.982764098490866	0.959827833572453	0.932442748091603	0.987341329510088	0.918099547511312	0.970318781665197	0.978412546961655	0.976599808978032	0.97787610619469	0.970752585899417	0.994584971441288	0.994647260479942	1	0.998352892732139	0.955453149001536	0.991302793828558	0.981870085641308	0.843523073319279	0.986951983298539	0.984760408483896	0.966911764705882	0.969250210614996	0.977211394302849	0.91614014933946	0.982645313596631	0.976433520755152	0.989936638091688	0.993018028788676	0.672282390693943	1	0.995084506093866	0.991179337231969	0.741044012282497	0.918207282913165
"SRR5928391"	0.252803863697344	0.979405034324943	0.805304937076476	0.920949157178514	0.876079070944521	0.969571230982019	0.763178379051593	0.34729736782589	0.180154678259111	0.993490148424616	0.047382472431805	0.728042019258827	0.755646003673955	0.725384982910066	0.57563269705902	0.968305793350587	0.325274679626976	0.893149235062061	0.863790596219098	0.953949060972472	0.821531631520533	0.968136185072021	0.761463622621032	0.395759170407058	0.499274466598592	0.946518998870633	0.976341002411523	0.899602507888374	0.996548825273218	0.690215384615385	0.861243553566216	0.800639658848614	0.92562342163752	0.964127063951052	0.370910414896753	0.176352943977524	0.691509329800155	0.653028408075755	0.92738320180801	0.916344191936959	0.9446735395189	0.942351356551857	0.984944532488114	0.189324921659369	0.941135535633878	0.609395509499136	0.956106001274929	0.855746002530772	0.897478572022967	0.860885762603858	0.932259809428702	0.890616487154771	0.848187769439566	0.507333619989489	0.914786163774099	0.884119345524543	0.637114335001838	0.972038137586045	0.741408240631409	0.38502856841939	0.423596535312029	0.338622716699425	0.890442633781105	0.487228003784295	0.90148209584941	0.935912301043533	0.720961733830003	0.73387970739637	0.0747568653112801	0.957422969187675	0.90585093064018	0.949067219425526	0.295654401092803	0.902815514865131	0.900756827903916	0.931240913366972	0.799881014352644	0.531954887218045	0.998760019485408	0.980820458177943	0.940769230769231	0.190744333506838	0.460874131995098	0.221796643632774	0.793362849194844	0.839465329991646	0.948756343066301	0.971545060732184	0.866348448687351	0.392939221929946	0.391439729786785	0.449448282048982	0.60235502526963	0.973007185673331	0.647663435128384	0.860161688048194	0.749380584127938	0.978500106224772	0.931022794678417	0.607554591075546	0.96576699938741	0.951622674167027	0.945836497089344	0.631660470879802	0.993461453501215	0.722190890090568	0.538977257788879	0.566708673497343	0.180929001572629	0.581771792575571	0.842907262920878	0.458783703527735	0.693186789151356	0.566858710562414	0.842894760200006	0.767659268460105	0.92469459836039	0.99506129288297	0.228844985439232	0.711233968934522	0.459515414227024	0.852734032584711	0.415089176886147	0.141253367927353	0.909869614751677	0.614704108303733	0.413097851054055	0.61660794968253	0.538207817749734	0.80667696154129	0.168561409778215	0.745967122445844	0.388709230342788	0.50625	0.947409571622567	0.357262188022073	0.317303450101474	0.949433379120879	0.918367346938776	0.938973766422733	0.977079870527513	0.502849715028497	0.905196138837544	0.318798299245833	0.949405016693776	0.952385067404079	0.612519759721783	0.984280737530801	0	0.824657130216782	0.602394741979567	0.908564814814815	0.50534690502975	0.95340796127415	0.843848391853653	0.845348171180754	0.950353542951707	0.981089324618736	0.719918422841604	0.73782070967922	0.481465803954768	0.886603397010305	0.280797788737738	0.95017793594306	0.588598831515315	0.732805349086306	0.985818726327843	0.83639891346527	0.884210917468693	0.433039986927799	0.487787059683004	0.304261048629812	0.995038256434037	0.478046581517656	0.306805141152169	0.903315616299671	0.901711434853609	0.915793854477353	0.962751136530283	0.880842321520288	0.790823427411075	0.914867238351069	0.988420644159876	0.995581087052585	0.864279466995936	0.631867774331388	0.917343277281362	0.868307337750525	0.207482720892376	0.952062836552087	0.980148666375164	0.945487535500158	0.457981979900658	0.780044605316076	0.321168480484412	0.635150018355972	0.825453632196898	0.971616372871228	0.615250344510795	0.487985315385471	0.98012725529504	0.857555704473111	0.357195557239427	0.737948559987679	0.983495924849937	0.203361081391404	0.413882049478251	0.947688356164384	0.691018923338784	0.292781465144082	0.514359741634128	0.204133952892165	0.993356033552031	0.923717495482756	0.538850778580558	0.299356920927768	0.919600325316603	0.839505200126064	0.775206330298647	0.996201413427562	0.799847908745247	0.430757766823341	0.93646159790495	0.426997985224983	0.992371699003302	0.344244002231728	0.137413748439818	0.97799382018238	0.611490640797923	0.279783041323604	0.857649539877301	0.947672934569897	0.944208767193727
"SRR5928392"	0.703066721922918	0.794893617021277	0.29482122407431	0.723960641787076	0.913544018058691	0.686819830713422	0.762702282524203	0.844261672782488	0.779166666666667	0.960992907801418	0.838942211955872	0.300740740740741	0.343676635704808	0.500595044898842	0.921577656769856	0.846132326199468	0.857261190815414	0.726171312378209	0.503681885125184	0.737864077669903	0.827062669695794	0.852346278317152	0.531724754244861	0.760513285445289	0.799979218620116	0.564483813139302	0.903746025895037	0.422712443684946	0.978856526429342	0.58235860740333	0.774090398409818	0.317907929621596	0.98705501618123	0.89314789687924	0.866183173428017	0.815768670688579	0.512873438348724	0.82122934427955	0.74005540166205	0.898470363288719	0.723372224313135	0.779773039032298	0.928	0.813110089010953	0.738511527154572	0.504005826656956	0.733858583160847	0.268088253420436	0.541199736321687	0.724983577841034	0.509477501236196	0.557251908396947	0.84846856528748	0.806327418814864	0.82414435056566	0.597702584592334	0.620005748778385	0.824451410658307	0.52236916150816	0.762554339679208	0.647689300800706	0.820063481902323	0.704716261845115	0.927875428074092	0.513364055299539	0.641162458313483	0.666378415773089	0.4665282823041	0.787712041288756	0.800762496469924	0.553702468312208	0.677348066298343	0.835710239168452	0.294117647058824	0.702672247263361	0.689667896678967	0.30421146953405	0.685958107059736	0.984398699891658	0.800903679265581	0.685314685314685	0.710123456790123	0.882408762010201	0.862746297882756	0.48498081249173	0.505477046575801	0.649111257406188	0.871326164874552	0.847952629466078	0.922784903435058	0.775413948820873	0.929716248262327	0.813418217433888	0.890187961512643	0.959156313204276	0.553549854310284	0.456411439114391	0.915963368647872	0.752306600425834	0.496789866389033	0.67583035258048	0.780326594090202	0.750871080139373	0.550090820176051	0.961447847504819	0.636692124497003	0.632964211202054	0.667673716012085	0.829763576779026	0.834631341436786	0.66917144552106	0.6515595162317	0.657066093498119	0.632979874486042	0.572538369228826	0.527995565059001	0.736176812718108	0.966044142614601	0.777187972450865	0.493215818160733	0.732293195334827	0.588675001653767	0.732853609174725	0.789583144949815	0.597418454561312	0.43011114853486	0.705882352941177	0.740232378001549	0.91443420623164	0.283362218370884	0.768791733502443	0.544733581164808	0.721574846583465	0.735094792828343	0.783109707971586	0.713741875580316	0.75093181319886	0.718198874296435	0.590619072253837	0.744121458989076	0.870506535947712	0.669186674420537	0.669854209123687	0.873310956192443	0.779836916234248	0.786017767477791	0.676229508196721	0.682340272792534	0.824657130216782	0	0.532268170426065	0.470928364921298	0.925288900833109	0.771030748404564	0.538526315789474	0.447189623224212	0.896079795871028	0.880016051364366	0.37974556746469	0.931513845662756	0.701482658194334	0.520728929384966	0.752534854245881	0.461106655974338	0.572520395019322	0.665965895818734	0.932067510548523	0.44592516658124	0.646282839575182	0.724842198367708	0.718132721757787	0.898281817376672	0.896836750914004	0.709060030047684	0.765304914150385	0.598606271777003	0.942914472034111	0.698748619801251	0.648335123523093	0.925980339202765	0.75563546378997	0.826935236202692	0.937364127510278	0.963550600343053	0.841516916594374	0.778156875288766	0.941351760574724	0.745776093478604	0.812785154047265	0.830387642952621	0.879690048939641	0.819929596533983	0.833183856502242	0.441875332978157	0.670963256137348	0.936281726635652	0.86121079993292	0.937570942111237	0.633331064061543	0.917213509806102	0.838955823293173	0.803733297522326	0.830345213311376	0.809143142643018	0.92541526589784	0.760746745271432	0.712941176470588	0.709306637004079	0.67808618821372	0.859499803587796	0.815418023887079	0.824229979466119	0.985460153108994	0.652162306460224	0.667795611839199	0.783721818876576	0.508338637810312	0.464276085198167	0.766095159402327	0.959349593495935	0.486681065514759	0.623065106936075	0.722170076966398	0.642037488966198	0.964194310764973	0.82251497005988	0.764297669102339	0.759216052263182	0.642970822281167	0.82606344628695	0.924349034195312	0.862454873646209	0.711413144665798
"SRR5928393"	0.469494632102645	0.832421875	0.637980643473712	0.805923040762877	0.91594151840761	0.850185800899668	0.907212431732447	0.641507246376812	0.508845696152321	0.982730831222657	0.620112120895574	0.372128637059724	0.51189677034385	0.587956119193963	0.8364373901606	0.632679617064783	0.587700867094789	0.768885949441505	0.666923076923077	0.848538924827125	0.676556518234939	0.929389759176993	0.7346849602377	0.392835255445986	0.376323387872955	0.769342396700527	0.926025182916454	0.70737533592117	0.987386294724075	0.303240740740741	0.910959928229665	0.45414847161572	0.96854983732316	0.896276036187671	0.709655825119457	0.48945559775728	0.322356613343738	0.680155716826068	0.74420261179264	0.958919687277896	0.850515463917526	0.677014360650099	0.959090909090909	0.544973544973545	0.760150898441378	0.276003837193367	0.839242481304137	0.566322613665444	0.711717296962182	0.658158442049537	0.763769763356412	0.725618095739085	0.770228280233666	0.477423107685596	0.93165297838195	0.715121783285997	0.518019519162104	0.899922506365548	0.31841130932346	0.390847902467934	0.351856607262082	0.650811415780638	0.769524849808848	0.801923383454652	0.681196261682243	0.764338886919532	0.29300118623962	0.275507513841287	0.54747838857181	0.737481714864409	0.744326462627524	0.800947867298578	0.702277816734149	0.612283721351572	0.83036048397156	0.816389811738649	0.444089966501834	0.199878787878788	0.991246200607903	0.856662678744374	0.810924369747899	0.455678968111788	0.773582816651904	0.662588857662424	0.48347810513119	0.567345365790995	0.794548833367747	0.927094668117519	0.802880412276262	0.809482669246985	0.436448598130841	0.778814301488786	0.408406158967957	0.857832427214064	0.870194707938093	0.62637859849556	0.33577593225859	0.948578276500708	0.81721825654337	0.198599365750529	0.761552818215752	0.888508110578021	0.822032085561497	0.175184110689578	0.980432419374321	0.374295306264648	0.218765555002489	0.312381468436738	0.621182448525909	0.692595980101278	0.6698548535951	0.277432712215321	0.546354635463546	0.535530008147008	0.61898883917091	0.511978813820287	0.729294153286883	0.986541696707522	0.543970037453184	0.423526526608354	0.340097843812285	0.655470710738506	0.48786999419617	0.554337686567164	0.793856363052553	0.212966550432649	0.452590026585032	0.565556639264317	0.814238362876495	0.584176919482947	0.510865634349213	0.402397260273973	0.397228509910009	0.519982172039816	0.866666666666667	0.438091451292247	0.523889462809917	0.831991051454139	0.742799447337655	0.835312395960493	0.941217963790266	0.268358151722375	0.641205325858444	0.728666693287545	0.861425716189207	0.874374146563496	0.176565937246729	0.86212154214768	0.602394741979567	0.532268170426065	0	0.68035786905246	0.772385359697097	0.865163421022663	0.709548206800186	0.623835018837993	0.896337475474166	0.929718408191762	0.359081880379607	0.888566552901024	0.259749973287744	0.668661108386464	0.463142020757562	0.766431639516979	0.188856112749918	0.331307360359813	0.961437125748503	0.468722621342211	0.751971326164874	0.555243478566162	0.289426052431833	0.76503875015377	0.961840550496976	0.286537343411385	0.408780487804878	0.790374331550802	0.943388788141607	0.807017543859649	0.829256965944272	0.927808397635034	0.743494045397482	0.832164021524419	0.912960115041243	0.980662315687696	0.746877488340348	0.531105301288311	0.952572510839451	0.84652519360354	0.520093437729809	0.814753939862709	0.929997650927883	0.614405238268461	0.701785063752277	0.598614851866102	0.438741202313175	0.879730037157807	0.938788332086761	0.936553945249597	0.230668342532379	0.741608172909862	0.909196740395809	0.92034974248413	0.581426535914844	0.882403581267218	0.939465907404159	0.503359065303568	0.302024291497976	0.856063971568192	0.231883129365029	0.657181333801745	0.634462299134734	0.528367258553486	0.99246565902513	0.760943974058728	0.472042696910311	0.453668593307072	0.739380723942433	0.584149437794704	0.677364037236649	0.982134234669242	0.406396517079705	0.276392676275808	0.879825444780128	0.349337531155713	0.94894046181089	0.50390788555478	0.567652186288113	0.903299950747004	0.216085790884718	0.670984877229118	0.907952566547807	0.837377049180328	0.850350740452065
"SRR5928394"	0.852308819936477	0.917441596733953	0.47594885325756	0.830877949455025	0.957394282073744	0.628121606948968	0.91960067742223	0.929748790421781	0.895328905078209	0.930037313432836	0.932362357397304	0.579625652040503	0.626219956300073	0.59657740453177	0.966972870572256	0.803651885226464	0.92674960549011	0.848311889329593	0.411093831000518	0.49009900990099	0.919848018816718	0.637176938369781	0.662109773515609	0.882002279302183	0.905736700171611	0.727675164097084	0.95231506646242	0.293009985734665	0.942454492072813	0.758317531460093	0.900247402276101	0.491613865076407	0.995590897690701	0.803643724696356	0.941923380189782	0.902194000852959	0.625697433444923	0.921475821167883	0.708846216970294	0.925876726886291	0.389588581024349	0.734617652840574	0.811881188118812	0.900032980321741	0.593882752761257	0.664431197218082	0.853715234537152	0.44180660104227	0.409438775510204	0.86454303371351	0.327591706539075	0.543705703678704	0.934630499376977	0.913566113337149	0.821278696618119	0.499310616505811	0.81138076470995	0.672420714572461	0.721375398794754	0.859961360576079	0.791167143630598	0.909893226077143	0.831237848347375	0.965465435387913	0.600761012732328	0.706201242893032	0.82645968489342	0.700579374275782	0.882744779879585	0.881944444444444	0.274151436031332	0.734880679960771	0.926991796532774	0.267511674449633	0.805731142014328	0.388263665594855	0.561707805203469	0.83370154649528	0.957219251336898	0.933884297520661	0.381294964028777	0.851834518906777	0.946190975865687	0.942255982791073	0.656648648648649	0.743657915143458	0.44147582697201	0.746978851963746	0.926876828079298	0.968401776669524	0.900458877515002	0.970641962421712	0.914341262580055	0.941255332114564	0.982941155359899	0.755094712272197	0.581533101045296	0.840728100113766	0.550295857988166	0.716080986734931	0.760396906464322	0.494575045207957	0.491452991452991	0.757160428747145	0.906735751295337	0.820876149269876	0.815529905561385	0.83491412458344	0.909614646012034	0.928744939271255	0.820305272895467	0.791986226326499	0.836331164689374	0.824588477366255	0.788543523757848	0.731820526044353	0.854461507578039	0.937078651685393	0.886408526813998	0.687576875768758	0.862406390414378	0.783832581042265	0.858674817385899	0.896382779109767	0.371652981078186	0.694991055456172	0.850798512360534	0.892035579184132	0.964444907853922	0.552698412698413	0.890513089005236	0.708446866485014	0.870884106818771	0.886566578353449	0.610343814281516	0.861242476354256	0.88835229598101	0.441201000834028	0.442622950819672	0.462940461725395	0.677189409368635	0.791982427237781	0.476066144473455	0.935421642476575	0.601461038961039	0.506678539626002	0.845695117405889	0.73030303030303	0.908564814814815	0.470928364921298	0.68035786905246	0	0.968156118223248	0.47119249665029	0.489625566420224	0.579006772009029	0.850966608084359	0.709551656920078	0.622181250886399	0.974063965745477	0.858245729303548	0.3462907199562	0.853661584603849	0.716060031050543	0.746356019740617	0.800423771566946	0.821902654867257	0.635467980295567	0.764510227839681	0.874390410646734	0.858478979688238	0.951648039401402	0.965275278877294	0.866203441867981	0.865596790371113	0.250712250712251	0.983155451620277	0.824596774193548	0.720915647538413	0.977625539178373	0.881034407570538	0.770487774910923	0.980196200059733	0.901847575057737	0.926175393579772	0.889704423725451	0.975171571862215	0.699500147015584	0.905641025641026	0.758484609313339	0.700811359026369	0.751683879658734	0.93490218784896	0.624670695800403	0.869077069457659	0.973219879944217	0.930885689841164	0.914596801633209	0.777324147316492	0.95946210844082	0.6748046875	0.914575109853281	0.907968958326211	0.788726842727631	0.971316510027381	0.869253285886472	0.862308972613103	0.528838342810723	0.829012686155543	0.921929316338355	0.918603279462074	0.919265167996132	0.985812807881773	0.477631578947368	0.843586950289548	0.889530090684254	0.473898029656713	0.619705751226037	0.894539327563759	0.901262916188289	0.636060718252499	0.80363012719737	0.491440501043841	0.82519752557114	0.988873505988746	0.925128854326793	0.888059355437051	0.825531914893617	0.802339460491764	0.920674660693108	0.965846404758478	0.70782208588957	0.425174251742517
"SRR5928395"	0.588544746137869	0.970072080401322	0.945153716340157	0.979460802927267	0.920434394942745	0.996771347586958	0.983160110511775	0.433249779510746	0.584189167411401	0.982216380260182	0.528467519438174	0.873491721175611	0.898891132603536	0.92912343470483	0.567899940083883	0.931606140579118	0.561102579452875	0.946942202866373	0.93582427451494	0.973006748312922	0.842563836086573	0.990697854692739	0.938741053404294	0.679979015017378	0.663788786890221	0.9948699679373	0.989251968066798	0.966549892643237	0.998089370662092	0.706296677615989	0.981346437628046	0.899190246565372	0.806423667428663	0.974273590470573	0.203339199703594	0.458128218185933	0.852493645053883	0.847745715264407	0.948529147659926	0.979760841780906	0.983375343941814	0.877533104104177	0.993347209523995	0.49082962616093	0.997289156626506	0.835776617338353	0.997241782133238	0.927442030308563	0.953911806543385	0.896621193806481	0.980350504514073	0.950334906378444	0.792358822176717	0.623460377305005	0.978374347501864	0.950865254454323	0.857240991694248	0.978533026113671	0.788280518456459	0.587190640467977	0.680571995265364	0.566311736464325	0.952598471216106	0.1017586172244	0.941795753429513	0.952442609182531	0.802511121416671	0.821879455160686	0.491589962743809	0.888722645139014	0.962129413328775	0.998061284937261	0.280255799028147	0.952815885811485	0.982735566425754	0.970197976073891	0.910695331474319	0.741011301996742	0.998595724762053	0.972112211221122	0.971626576567929	0.492171315021774	0.13752712389062	0.497712405943963	0.908547607629026	0.89613757335881	0.986080822255514	0.972433332695216	0.924797429288084	0.281517226345359	0.728145133434454	0.281449781842152	0.674016428880242	0.96670266597095	0.329278731360094	0.907357396917402	0.868640315205408	0.978822808562785	0.972654083720574	0.813003798360346	0.965628432727402	0.984980984923071	0.993205717884612	0.768250479736268	0.996960604761719	0.813611177210457	0.76484717265177	0.741321921065145	0.412517165019237	0.79174727450668	0.919503625626075	0.714400243718633	0.871512402898862	0.868224313412444	0.78902224355897	0.901389919708522	0.953519613111231	0.995561525433627	0.488393394572244	0.88020984081042	0.719213475605664	0.91640496001554	0.743540614294838	0.536459469283897	0.959954189730865	0.811832641415953	0.774903127900638	0.748315005321036	0.248656137434192	0.930576678773998	0.48391048676903	0.885614047910538	0.765827338129496	0.722913778565406	0.960975241545894	0.628488056659384	0.616686705483431	0.979071690999673	0.954476132377612	0.973452687387145	0.990883168777763	0.755375336490953	0.951202956482389	0.217463197792404	0.983439955430042	0.992437542201215	0.723645165033736	0.999463899366252	0.50534690502975	0.925288900833109	0.772385359697097	0.968156118223248	0	0.980242340047851	0.950615447547507	0.931266820996368	0.973226722625228	0.989698108092407	0.868149717514124	0.472829089302017	0.727483202460941	0.944742872168589	0.588828076166664	0.999169465207814	0.79595897224795	0.81236974789916	0.993735042901337	0.885532766566901	0.931369375202331	0.743911645463442	0.732741715691162	0.399636248788404	0.997744392308656	0.747313042636284	0.632712795253907	0.971067045823234	0.969547819879394	0.980982181660148	0.984276448621509	0.91855135460825	0.912327633756205	0.962409922394678	0.930022767301001	0.996687515831726	0.866899611503184	0.657378934139102	0.970296392129773	0.979316852236271	0.552264071096064	0.975014047574452	0.98921665599969	0.925836833632478	0.389588246704851	0.903358195638985	0.607766930868807	0.396673017240799	0.984752589182969	0.97706744550814	0.703387343918104	0.208174706519686	0.985010748106978	0.979331004800963	0.49482496194825	0.981449975303222	0.984174676067399	0.587208261206948	0.665037336602608	0.970567328197345	0.807276571077846	0.554044427174406	0.74054157634406	0.549389902777568	0.984787237325269	0.968974496297254	0.792063255258839	0.546417889189574	0.97728940416789	0.911012482662968	0.753008467299843	0.996454384290195	0.879689403720609	0.657392699306418	0.978454909202832	0.660780387159415	0.948067331670823	0.593094119123656	0.495207577929561	0.992793641021927	0.776735038901444	0.33171555444368	0.969983458037093	0.9960534130314	0.9757822710848
"SRR5928396"	0.929881830645688	0.986345484992915	0.721590909090909	0.960241294214423	0.983690236511907	0.897299353366299	0.987603305785124	0.966786759738798	0.941066257877704	0.864095500459137	0.956254142600133	0.783269265971078	0.814457831325301	0.774733637747336	0.985713596216034	0.908285895003163	0.960907077956784	0.939854222947143	0.577595433464146	0.252008765522279	0.963123306444078	0.467084639498433	0.733749349973999	0.911321483771252	0.932900858397222	0.944323144104803	0.990613663461782	0.56	0.848765432098765	0.887740589741159	0.979953014878622	0.725353746230573	0.997837006619943	0.707700366684128	0.971335796663308	0.949122106943336	0.794174013031813	0.96519387365141	0.784041286224692	0.95890622586127	0.397136397889977	0.746031746031746	0.551769331585845	0.954867728901426	0.888529886914378	0.830784621980849	0.975432211101001	0.713039263208919	0.432964920711197	0.937181663837012	0.432692307692308	0.518867924528302	0.970892642033582	0.948565975187101	0.909879839786382	0.705619094977623	0.911694510739857	0.746518105849582	0.884250659888552	0.926369649319855	0.900286339902308	0.964660936007641	0.917913043478261	0.980640936438423	0.795084804430599	0.818684695759066	0.865382077339316	0.843696369636964	0.947057771418351	0.969932200058956	0.41065206570433	0.957732569622753	0.967660876215448	0.656013945380593	0.91726917150646	0.253314724354501	0.761181946974297	0.884982590138156	0.885350318471338	0.989353153877059	0.184519695922598	0.941712204007286	0.9764352398326	0.964316827542949	0.689075630252101	0.86001003512293	0.622786022020105	0.579409918392969	0.967938888734004	0.980309087654395	0.934014928181647	0.979567762469674	0.937929775451835	0.987596411144341	0.988272068622937	0.882586275287584	0.747278548559232	0.774968394437421	0.463917525773196	0.857010213556175	0.946533287340462	0.325842696629214	0.752424415288078	0.885349084923017	0.80058651026393	0.874969474969475	0.879174041297935	0.918619836414874	0.960780416708072	0.968197690034918	0.927344375346346	0.899001961955131	0.926280516993777	0.918327929916534	0.900050650008442	0.871527777777778	0.963179164795689	0.84551724137931	0.954069361471022	0.767471958584987	0.894419642857143	0.893620844564241	0.9351161771153	0.941977828029342	0.353951890034364	0.84991760679427	0.931278658076499	0.95814479638009	0.984353318972922	0.774261201143947	0.948115687992989	0.750183688464364	0.912704450361354	0.944430071920112	0.609028960817717	0.932547142938529	0.949356259891356	0.233060312732688	0.417218543046358	0.275813295615276	0.463146314631463	0.866583850931677	0.506688963210702	0.972133964084822	0.662171753016324	0.548278757346767	0.89418208122352	0.90788643533123	0.95340796127415	0.771030748404564	0.865163421022663	0.47119249665029	0.980242340047851	0	0.681963033779477	0.57010847730012	0.829126213592233	0.458375125376128	0.802535023348899	0.990240927111924	0.907921949464976	0.544264819091609	0.92079737775102	0.965415436524673	0.845390441368503	0.866305329719964	0.572377158034529	0.703955986376736	0.800726099233562	0.943311309010821	0.892969569779643	0.971586079607548	0.991028002077726	0.909556615438968	0.90870340230954	0.385054192812322	0.996739403059945	0.960761517221334	0.926357317302273	0.995413494727883	0.945876759919547	0.847826086956522	0.994349218308533	0.810930576070901	0.967434952417625	0.950973084886128	0.990147865232116	0.664109121909633	0.92860824742268	0.686088856518572	0.389312977099237	0.905266254780818	0.974969875060778	0.780659503519822	0.930659415363698	0.988130624419044	0.990398017655258	0.89633008500933	0.889366473556345	0.979503192617947	0.442094662638469	0.97434009070119	0.958008228117463	0.777556606120926	0.993985866786949	0.927663734115347	0.915810244183178	0.324804548685146	0.872159800249688	0.957155227589323	0.963960673302286	0.941005615439231	0.990825688073395	0.662196861626248	0.927743195410716	0.939486864969846	0.704239917269907	0.686971728359079	0.95275150644479	0.842794759825327	0.728548424200598	0.908493701213386	0.253731343283582	0.922472498690414	0.997013234461095	0.951383943407872	0.947440273037543	0.945474372955289	0.860166598388639	0.963345960888707	0.992568714781368	0.782356728911784	0.232658959537572
"SRR5928397"	0.887441375716519	0.828547905732222	0.387229660144181	0.831098615916955	0.945312652805758	0.942395810604408	0.816966496121472	0.935489034736674	0.806510962334543	0.789681235622741	0.855000866701335	0.641364433059188	0.631633178773828	0.457697642163662	0.959094659908051	0.679437060203284	0.899246838141253	0.859453947063459	0.360521336977086	0.676798074029491	0.940635917911981	0.807626245276537	0.418620689655172	0.848529172761255	0.861864652918966	0.796510067114094	0.958765378386871	0.578564940962761	0.970023059185242	0.78481721462283	0.860628168079966	0.540303272146848	0.993567143205742	0.651566140305462	0.930516481766548	0.887646577583856	0.66201896263246	0.904033805009591	0.799199084668192	0.72374510501958	0.766534593111856	0.749749415302372	0.874125874125874	0.843905207889882	0.690293453724605	0.585074293375042	0.891996291718171	0.588486842105263	0.520693928128872	0.877704066916643	0.752602875557759	0.515794924909373	0.908282705073773	0.813749256735123	0.548282828282828	0.601740294511379	0.776982163780758	0.802949852507375	0.74521874743495	0.888654060066741	0.815302285218397	0.912290597326414	0.849837712046053	0.956434474616293	0.728142783238489	0.80099267312692	0.75406568041129	0.795571413579599	0.837486635414097	0.945923666639189	0.588190764572294	0.837537409149209	0.898044910024374	0.52112676056338	0.780386873255702	0.52583407144966	0.640899202320522	0.762733720180529	0.989155693261038	0.860117548278757	0.637165539547192	0.873175551264203	0.956868318605944	0.873022087370722	0.562273714699493	0.487003828329639	0.851100667820925	0.672963067380885	0.930254078206382	0.933028278225575	0.810135776945857	0.949832561909434	0.872844944797955	0.958954891900709	0.971665956540264	0.770227612560226	0.706582316613948	0.719457013574661	0.497085761865112	0.792900031602233	0.93266253869969	0.72420443587271	0.823577016455355	0.819232961485221	0.931714719271624	0.649250788643533	0.660945440598332	0.853117614979095	0.860125066110817	0.889955083707636	0.837537785105798	0.678292023104482	0.764131024914038	0.761351893501915	0.783333333333333	0.756654710213328	0.855091143435831	0.900709219858156	0.913024664647339	0.474658573596358	0.828843687007513	0.847294405380618	0.83041283041283	0.810704505850137	0.429189189189189	0.696230823935792	0.788145754053068	0.893261027709808	0.943317230273752	0.551326573135158	0.900621619439735	0.61272155043896	0.730072173215718	0.853860250928058	0.577870757787076	0.875429333059927	0.845419018671298	0.744009705793145	0.479022835900159	0.570665083135392	0.846315054139015	0.806677329068373	0.545329038196042	0.910132079292577	0.52304490038656	0.849920508744038	0.735878256383802	0.720825091833851	0.843848391853653	0.538526315789474	0.709548206800186	0.489625566420224	0.950615447547507	0.681963033779477	0	0.564708530272338	0.734102291698285	0.852931209759404	0.744905660377359	0.970489223456119	0.700497131931166	0.524165202108963	0.856238537537715	0.80973715651135	0.653349979192676	0.755966697502313	0.88104913188031	0.59417778547912	0.649305555555556	0.835288966725044	0.796412399860676	0.915003129999304	0.960831784185725	0.74570653811389	0.830382984451774	0.549500944159698	0.960949941147961	0.810073571024335	0.91150199257936	0.948748079182862	0.835921107847251	0.728479752157557	0.959483185521992	0.954389965792474	0.91908540405095	0.86369904995403	0.959305991107909	0.401395348837209	0.887146617832208	0.762553191489362	0.841866945315221	0.881935363347656	0.931177294597722	0.443960826985854	0.847215554488718	0.960862467827707	0.898783384925491	0.815552604397226	0.740834386852086	0.942326584863136	0.821513403461147	0.885994306921774	0.871708126036484	0.548300686422233	0.976425566721197	0.77426045191573	0.733654459162712	0.636417732817614	0.760136491368928	0.914781693845345	0.900652167667423	0.893735312661203	0.954725874472836	0.755999267265067	0.81319520174482	0.795539033457249	0.700103057368602	0.442154131847725	0.856587568948284	0.950018932222643	0.693064592921758	0.854293963607064	0.594414086217365	0.793800069662139	0.97721964083888	0.8326454359821	0.913639601139601	0.820461844318703	0.727929287485178	0.937418013117901	0.950977860211772	0.747362418021101	0.672857998801678
"SRR5928398"	0.772590542654314	0.998456109395677	0.452965037666602	0.979532503779509	0.986370299932644	0.960345704117946	0.99738425320429	0.89699454293704	0.806216301934665	0.93984962406015	0.837517278280644	0.439420803782506	0.468728039353479	0.560737692424935	0.95493044748815	0.955674949630625	0.867195170733481	0.843433377939209	0.44157740993184	0.615557217651459	0.886447982760685	0.784261715296198	0.473112017084061	0.687912842069143	0.779548472775564	0.957653286281429	0.993713780571653	0.516910785619174	0.95289298515105	0.679885251434357	0.983186705767351	0.334757834757835	0.992307092767783	0.855009334163037	0.901374598287829	0.828970168126259	0.420512034340028	0.892588188664289	0.846444899889642	0.968629467729493	0.73936170212766	0.804384485666105	0.834622823984526	0.862231744072043	0.931764083575774	0.543001686340641	0.979829198861326	0.485177683667833	0.330773774365032	0.811740187565127	0.682717872968981	0.192654839713663	0.909627935782002	0.827849533327048	0.942338990932341	0.722170076966398	0.742132807721063	0.908792411528639	0.671059476330848	0.78108591541169	0.712117763107975	0.891005199804648	0.820535714285714	0.927208945406709	0.733728646053932	0.853577371048253	0.588831344291826	0.572747747747748	0.839705944484347	0.983278174534053	0.605310802655401	0.969221105527638	0.899939341192605	0.682746998104066	0.940053377129953	0.410518626734843	0.392571245597182	0.642241379310345	0.978272115882049	0.998756771157091	0.523982558139535	0.824498103432325	0.920793319415449	0.878274781681221	0.232410256410256	0.726420178937156	0.800235710076606	0.768806073153899	0.897939420024748	0.928075685316583	0.786641929499072	0.921313319202319	0.794114330815199	0.991412156032658	0.956442398292046	0.728334357713583	0.36661101836394	0.882230689296848	0.733243060257278	0.572591587516961	0.972406025622976	0.692120227457352	0.889470241988228	0.673830811554333	0.933568193256165	0.615376513954713	0.626584867075665	0.760691308187208	0.879532609385915	0.901544050862852	0.783768380257609	0.708781086889776	0.762682069311904	0.759903809644349	0.718652573948749	0.61850175967823	0.979046313521982	0.944827586206897	0.859912121995348	0.363743477529036	0.644227959084267	0.694893445918778	0.80596327929218	0.81066062975921	0.423139954113405	0.587339569284316	0.795295133268587	0.8717940053391	0.950711910205778	0.467175572519084	0.842735751295337	0.322197475872309	0.692242619067761	0.816789453276464	0.654530522857925	0.798812175204157	0.846297196564576	0.652567975830816	0.382098171318576	0.62118425891872	0.831074977416441	0.595938001068947	0.580200162293752	0.913367127917066	0.831982313927782	0.793269230769231	0.667455836823894	0.950865051903114	0.845348171180754	0.447189623224212	0.623835018837993	0.579006772009029	0.931266820996368	0.57010847730012	0.564708530272338	0	0.867340067340067	0.805386620330148	0.480345158197507	0.969060899631406	0.706100112666989	0.59518319241609	0.766580534022394	0.976517281296511	0.576704228494924	0.626611553980907	0.843537414965986	0.266302225693089	0.504071531215073	0.829029786850525	0.662944162436548	0.910691587025093	0.991726714705097	0.710778490536153	0.732967342342342	0.555918901242642	0.998494476830699	0.980943073540191	0.958056729028364	0.99775244822604	0.864889349035848	0.831922755989987	0.996619229275647	0.955600403632694	0.899264530175504	0.850952661559615	0.973164748687048	0.815393043001917	0.775096582466568	0.811404591458899	0.789378937893789	0.95578231292517	0.921947004608295	0.437266895419961	0.771963783952545	0.961755574372001	0.992112925220212	0.921344647519582	0.684017656367119	0.928760923845193	0.798955613577023	0.979117473435655	0.871394190027457	0.84259954921112	0.995782643957826	0.785322242969501	0.728838728838729	0.685103244837758	0.607944176060118	0.863848417426254	0.888927923180514	0.783426598404572	0.991857835218094	0.713929313929314	0.785540670397377	0.818216664270998	0.750241639280882	0.369087837837838	0.856091640115309	0.969879518072289	0.328733191790517	0.733642235327155	0.630245746691872	0.771128672256741	0.998278066876844	0.83673104434907	0.826724730689892	0.961290322580645	0.576726935558646	0.876494804940208	0.995517833301545	0.888033589923023	0.647452584603942
"SRR5928399"	0.958013640238704	0.354556803995006	0.859347262051072	0.935784085621219	0.98612800243235	0.972368421052632	0.993095850165259	0.967674901870238	0.958887200911508	0.781057268722467	0.971106499002971	0.891182409692618	0.893532015980996	0.848397840817733	0.990176885563034	0.735974595493724	0.961747343565525	0.945383615084525	0.688519347617525	0.852697095435685	0.977276562236346	0.876588021778584	0.899136631492394	0.952184307759183	0.93971782813168	0.902760701911255	0.975274084441334	0.850533807829182	0.98097096852891	0.936705243606229	0.683623816685836	0.890749806750837	0.997588436237206	0.532835820895522	0.981876196553925	0.972339248478659	0.843580574460722	0.977367353474965	0.900106019554718	0.271463119709794	0.847634993721222	0.889349191500735	0.918841955386806	0.916860367188816	0.877509701366627	0.887825421133231	0.947926043902777	0.888082354493863	0.857556037599422	0.942957083277277	0.857530283854637	0.875723082664676	0.970087019579405	0.945719178082192	0.628664495114006	0.886524822695035	0.949700456729343	0.791282995702885	0.900146198830409	0.956050726497921	0.833605220228385	0.961304289000135	0.929316728374285	0.986428885448325	0.908115722180085	0.297118184556682	0.647080159593761	0.927262833303102	0.947937245787333	0.951863809803346	0.844688644688645	0.918957011980268	0.967051893268103	0.867982010735529	0.907637954239569	0.835790335790336	0.849857006673022	0.904322486644002	0.993135572444227	0.460132766465279	0.839118007349939	0.964315771755597	0.983095552092075	0.963232549458753	0.827375017803732	0.804779830167207	0.88086642599278	0.607057890563045	0.966581892166836	0.984998511018463	0.961121996493761	0.976519222819347	0.943572721786361	0.979043616537937	0.986719231529614	0.937347617288511	0.901425762045231	0.613351877607789	0.733725490196078	0.927570518653321	0.974267488377122	0.820746527777778	0.868178324365872	0.936130062418348	0.961771110573433	0.898462331414827	0.933087372128123	0.929666666666667	0.933709869203329	0.952262727071606	0.936014625228519	0.762224858310268	0.926966913798827	0.925562736795186	0.94456429365235	0.894466958895046	0.941095557893033	0.936302681992337	0.972629922337405	0.800173117348831	0.946499073402627	0.945682737809478	0.960919858057975	0.960059308683162	0.843371175678276	0.907583774250441	0.928723404255319	0.956583383219383	0.897803392229721	0.853725850965961	0.951353203151764	0.851075126095036	0.947733944297272	0.944683466502766	0.509570615623383	0.939440106646353	0.945285128587402	0.835627868168544	0.865095952878586	0.796094552929085	0.904587155963303	0.931484218763586	0.781619031319528	0.971266869830213	0.795061728395062	0.885825075398535	0.909963436928702	0.929706115965052	0.950353542951707	0.896079795871028	0.896337475474166	0.850966608084359	0.973226722625228	0.829126213592233	0.734102291698285	0.867340067340067	0	0.902428057553957	0.912353127977136	0.935371151041082	0.917787537743618	0.859811539097372	0.865760869565217	0.923349200537044	0.906202178413899	0.892743966848135	0.923406279733587	0.887727022564667	0.245332381971697	0.952500308172741	0.913565981049226	0.98099847629291	0.989686535650479	0.949908617071685	0.920264155558273	0.837048424289008	0.997772866085137	0.935152922957801	0.963528607248689	0.99685239021618	0.947881707268923	0.232463217845278	0.839470417873397	0.977713178294574	0.796880102489387	0.96637802978153	0.935483870967742	0.795066413662239	0.956776131990933	0.810553493625948	0.896062271062271	0.901897810218978	0.969657563935847	0.573059102723472	0.96420901932713	0.986877158362112	0.835718433006592	0.0904036741600193	0.940083374549565	0.978917805654372	0.894239423942394	0.747897435897436	0.959237842449521	0.827041499330656	0.986163719786738	0.901407740047429	0.938516715767901	0.845615479621243	0.900183230084635	0.748100759696122	0.976641692375496	0.965688344594595	0.604108733897055	0.886141460609546	0.957251600544437	0.918147456228005	0.86200300587512	0.88956698634118	0.955454226587162	0.976800386660222	0.898948448320082	0.947162904209884	0.823001461072845	0.954708113016076	0.908957560368311	0.950885208452313	0.966862818747131	0.964659034345446	0.814367922777056	0.975268685881778	0.984078022227262	0.842525979216627	0.824612202688728
"SRR5928400"	0.970522141440846	0.978352692713833	0.878968792401628	0.934993668214437	0.983464663373209	0.83947583947584	0.980354816076977	0.983079143204776	0.9686675083209	0.840354767184035	0.981179842369238	0.882865807429871	0.922817001600569	0.882028013414875	0.990204259333164	0.883025210084034	0.978005921482678	0.958316179497736	0.771406727828746	0.423011844331641	0.974624060150376	0.464935064935065	0.854605083356108	0.963797343826857	0.96072707973995	0.960067809380298	0.986184747145188	0.808219178082192	0.75704989154013	0.942277992277992	0.984921973850696	0.854995150339476	0.998757477849084	0.710801393728223	0.983510144356586	0.97240823724888	0.913734843967402	0.976056754360035	0.833024118738404	0.939548202354438	0.475438596491228	0.861638491547464	0.40625	0.977041501900411	0.914373088685015	0.881057268722467	0.984078496713876	0.848184818481848	0.581837381203801	0.956593966025401	0.708399366085578	0.773387565368972	0.985230921215115	0.973025048169557	0.863296546813813	0.788787483702738	0.938733832539142	0.740592473979183	0.940450109539932	0.948860407854031	0.948832035595106	0.982051205090494	0.942909500986749	0.991865075289139	0.855124306921839	0.905394716025945	0.928010825439784	0.919057931781267	0.973035126482392	0.971971971971972	0.67178924259056	0.975389663658737	0.982594371997255	0.816282642089094	0.901818181818182	0.629213483146067	0.870845603702146	0.938962826984855	0.836734693877551	0.983212201863036	0.525396825396825	0.96979032097784	0.990217203930357	0.980357769203788	0.823233816139521	0.9121387283237	0.574132492113565	0.738264580369844	0.985819180539207	0.991335595927331	0.964457984259964	0.991775065933575	0.964298904345685	0.981949458483754	0.994875593496132	0.918157017277963	0.860827034237439	0.760573476702509	0.636114911080711	0.940968443960827	0.914097308857601	0.552577319587629	0.650063856960409	0.941025641025641	0.733333333333333	0.933524928151943	0.935810810810811	0.958362345077287	0.980067995466969	0.983856599087547	0.949545284664258	0.948162274618585	0.969936270435024	0.958211041229909	0.93052577408011	0.944871643203596	0.942667125329664	0.79182156133829	0.976397952405142	0.90244998876152	0.954861506896159	0.925980078589052	0.955151984939926	0.968791796700847	0.616420782552919	0.92235782913529	0.964910221804952	0.971175403010569	0.992077791320015	0.881771451166469	0.973578403216542	0.863449691991786	0.964372156065447	0.977324973876698	0.829708468301712	0.962570540135898	0.974215246636771	0.482698961937716	0.652923076923077	0.56642216788916	0.454293628808864	0.944804781889864	0.728798185941043	0.98567443619687	0.67430441898527	0.47808764940239	0.942887249736565	0.952789699570815	0.981089324618736	0.880016051364366	0.929718408191762	0.709551656920078	0.989698108092407	0.458375125376128	0.852931209759404	0.805386620330148	0.902428057553957	0	0.89705629196075	0.995063399815084	0.95134443021767	0.751970136872667	0.959490583931717	0.985510428100988	0.89158077901218	0.921328872995732	0.431095406360424	0.835261707988981	0.909033745546007	0.97110971544519	0.943058974633415	0.984581605269578	0.993711291090996	0.952222721149529	0.954545454545455	0.711366538952746	0.995578005069116	0.933970720047804	0.89018691588785	0.993778347700126	0.962653879846927	0.937074090184138	0.992952583658508	0.746938775510204	0.9834674186503	0.966197888411301	0.993249437453121	0.716535433070866	0.961390465010109	0.683470105509965	0.180821917808219	0.900373599003736	0.987307920876136	0.885242755709077	0.963368450044757	0.994698706402489	0.994149994149994	0.91458153580673	0.943128863528293	0.989070159929277	0.339950372208437	0.979618928627206	0.971080724052983	0.874217118997912	0.991375540913409	0.964649898028552	0.955577822311289	0.563934426229508	0.929183177809025	0.98126943201638	0.975203575583175	0.975957140990461	0.975827790888937	0.755877034358047	0.949996913389715	0.96914185458486	0.806574300461831	0.82059186189889	0.967433258282406	0.792	0.805288461538462	0.95310539523212	0.609713790112749	0.956645674511104	0.996309153557279	0.974516190841157	0.976283029080352	0.917235106866758	0.925448430493274	0.985093082365872	0.988282408780777	0.775988286969253	0.472013366750209
"SRR5928401"	0.534105022604203	0.969463220675944	0.427913403961308	0.794812489674542	0.968917291840326	0.734981857277248	0.970619658119658	0.734407535944472	0.665195094760312	0.974580579562786	0.725611166808051	0.16301703163017	0.186593861796272	0.60409217322209	0.876858863242405	0.928768497617256	0.759207895246081	0.720928328762638	0.590282337491792	0.7760880116486	0.707792735447872	0.889755590223609	0.645645645645646	0.533104721709312	0.629352862053505	0.750679084206442	0.913454364585924	0.4957312035252	0.982051282051282	0.412331532000781	0.848625192973672	0.431546640359531	0.984354808355812	0.913405743192977	0.815127294256957	0.700160901045857	0.194217347956132	0.722372453578511	0.814822335025381	0.961010190518387	0.777488190259	0.841700587969245	0.938654708520179	0.722476325452554	0.873490669593853	0.281395545770175	0.77901531451715	0.339673304989931	0.596111997678805	0.659678782755706	0.568195008705746	0.611607142857143	0.775813933038757	0.696856923263622	0.922387295081967	0.706588182023998	0.415367727771679	0.855313700384123	0.318130443454558	0.601977157116806	0.454992209037516	0.718394404426349	0.702402668473446	0.866015872424457	0.48876298394712	0.590812720848057	0.402695939946727	0.133930733833858	0.684059464233147	0.750750550403629	0.666617797976836	0.681215189873418	0.741405948242565	0.516598013084565	0.691297456411805	0.734507606084868	0.288013944427356	0.457528253736785	0.986764705882353	0.973997833152763	0.72679341747883	0.589492537313433	0.795903281654249	0.776358590229491	0.403483655452159	0.769399249061327	0.691059266772932	0.895394223263076	0.758314692362528	0.868648913576213	0.639797639123103	0.857582276190668	0.65168274888209	0.895398747847008	0.918030910131654	0.555451127819549	0.243340002105928	0.938692524241476	0.835319609967497	0.180957007529755	0.64392082940622	0.831127492042218	0.789185072353389	0.287271286082304	0.970513287222424	0.467774188586371	0.435990065477534	0.446309591446723	0.750178566326676	0.744208172779601	0.602146962428157	0.489446628364076	0.463648057627991	0.486871407115853	0.566094369071917	0.373327386262266	0.727259475218659	0.979772439949431	0.647597254004577	0.326206604572396	0.483589892535579	0.507464559026471	0.611621856027754	0.676241119295646	0.701433363830436	0.193134398866231	0.582233111020371	0.673716012084592	0.866381720363307	0.306353783434424	0.610668789808917	0.296233839235526	0.536143006263048	0.6878909648287	0.815083798882682	0.520411357031075	0.618530736759959	0.755970755483347	0.651268115942029	0.798586572438163	0.907009264114665	0.406935157829264	0.717656857301499	0.812392972664426	0.909017842790548	0.815425620523072	0.486507005314376	0.968735344692825	0.719918422841604	0.37974556746469	0.359081880379607	0.622181250886399	0.868149717514124	0.802535023348899	0.744905660377359	0.480345158197507	0.912353127977136	0.89705629196075	0	0.914329884647402	0.529655432122011	0.659109311740891	0.582814634886898	0.727444002512037	0.358941459502807	0.432689493707931	0.942138364779874	0.513500985050411	0.681064483111566	0.580434275040859	0.484032910333287	0.837352410358999	0.989995767440071	0.538862030494608	0.570872142252329	0.697486671744098	0.991819231403596	0.773881809629693	0.71682289097188	0.989216726809595	0.75044964028777	0.850706119704102	0.989044920057525	0.969028967024959	0.74981782851591	0.680339755541744	0.965468961268592	0.85526683431126	0.641058430060988	0.856311193437417	0.897015185896317	0.844842284739983	0.793149764942915	0.535553379040157	0.618174367380391	0.897693528443886	0.959921671018277	0.947898287493513	0.458424648704396	0.863833050336857	0.865977605512489	0.872398810884976	0.74321376635967	0.891971464160344	0.946215753904826	0.627289896128423	0.558527245949926	0.805434957388648	0.418811417875526	0.748509865170688	0.713633346608257	0.651809899039645	0.991254873037615	0.693399062161837	0.492687989432965	0.669291984576257	0.523963133640553	0.594322455416717	0.695222791336078	0.968721585742862	0.389234632601812	0.422342403244888	0.821196358907672	0.461860187213702	0.993550577053632	0.712463768115942	0.589684859015876	0.962328402681707	0.386897404202719	0.695599917919855	0.922817979802425	0.894422623723488	0.778889606197547
"SRR5928402"	0.782674816914718	0.89065065440728	0.958487553523478	0.970023463310132	0.627527877527878	0.983122637820931	0.938926962541154	0.625328425420931	0.798086416168186	0.99180057412479	0.762184891796037	0.928472476552921	0.92309585625928	0.955532517245504	0.62261901829914	0.975377328651025	0.658750931095515	0.752557993102363	0.965691138911031	0.988626263291306	0.841756105250713	0.994764484376032	0.975061499374924	0.850411139465557	0.809719350073855	0.921932582480997	0.785695483773926	0.969866790658216	0.999188654408173	0.915935907442266	0.802216893764268	0.956223382884693	0.758894259523517	0.978418327215522	0.550887638503044	0.744641086548681	0.926194787686368	0.814797996834376	0.983335596794938	0.936467317473857	0.988770520145555	0.98566492981453	0.997171262675555	0.690024799655674	0.969383843738531	0.916703372766172	0.841408079067178	0.949511125417455	0.977221404025528	0.885356184391346	0.975650267143407	0.978614795939269	0.657484329917421	0.800425568376557	0.978121573882324	0.97701371606221	0.88806936883644	0.986115566522723	0.891798600883652	0.822259758381376	0.829168339481718	0.573973431916846	0.915919532539364	0.4291056477619	0.931288070713248	0.909464890601436	0.905446459331642	0.911223515041421	0.721423408629994	0.899812762822677	0.979647640567181	0.928579415664286	0.56416227009716	0.958699152782386	0.914945246391239	0.986164577369789	0.932842980492485	0.880411028967313	0.999403810643636	0.858334294169645	0.985935880775747	0.737105915188107	0.448186932479278	0.639737697868795	0.951854755919133	0.913637392573628	0.982557188205648	0.983554036736437	0.671132249628224	0.575368509999061	0.881350950162402	0.46280320837473	0.816785285417216	0.773817674320624	0.325537678177593	0.895963078718813	0.940315964878549	0.983979756985237	0.98443196374027	0.891179373110481	0.964744276900355	0.991607307743042	0.986151675253503	0.869805159965048	0.998510192764503	0.918366074698626	0.900726203990234	0.805877286766453	0.645481879623224	0.703118149063666	0.791318375128318	0.849479000773536	0.804885650257491	0.861537775929172	0.913520475811645	0.875010677206687	0.958945190511984	0.997799179242785	0.671182932763146	0.940869565217391	0.870363054709951	0.922723567635923	0.866678228446314	0.769017140377522	0.983952085982689	0.895554097541163	0.852338244714926	0.660573884805325	0.382135743833308	0.931713775282333	0.698752789261257	0.943794174944857	0.892112816195324	0.731332367745544	0.97132756945635	0.758838567237022	0.735991304226647	0.987636028382806	0.979991963985535	0.987379990621375	0.995621571607957	0.883640561982697	0.975369498331035	0.523981110263915	0.988843913515648	0.990867880985741	0.903016577309423	0.983684400775525	0.73782070967922	0.931513845662756	0.888566552901024	0.974063965745477	0.472829089302017	0.990240927111924	0.970489223456119	0.969060899631406	0.935371151041082	0.995063399815084	0.914329884647402	0	0.868048148712479	0.977284763355793	0.787442259860239	0.93353672696407	0.909152797014014	0.89756192100469	0.997336465605665	0.964019490787054	0.930198166223011	0.757050168409856	0.862141298228567	0.657578913436981	0.708667100682159	0.909144156822175	0.81530644458141	0.983723296032553	0.64831180345198	0.970177924736262	0.973665332929493	0.727562070217992	0.81934302714502	0.898681842119742	0.745072596564808	0.998592901602437	0.802207071062065	0.891329207354684	0.834592786164883	0.987345389231334	0.780655909302	0.985531187695813	0.995126222574676	0.981948874030663	0.476618769484359	0.936719851517879	0.791589110783172	0.410864161292986	0.843375557489021	0.932283414157904	0.90750605696991	0.510576256040635	0.9933791236007	0.792048678205813	0.801193245019719	0.988756262182058	0.606791357039148	0.791966712329771	0.858036915541715	0.989090550079805	0.900287946062786	0.668943421949557	0.840200794812801	0.780273091895718	0.893231280107811	0.978583675714147	0.856890679362754	0.776113954403923	0.962905319860976	0.970818159747512	0.932588603148804	0.998427490771854	0.952942499558183	0.829167856445092	0.99096140073593	0.812009364084159	0.57055834997346	0.763671902664268	0.717111390767087	0.985680382284083	0.897098743154823	0.615778907922912	0.967993133388896	0.9847155112908	0.988742871719757
"SRR5928403"	0.431931575196009	0.813446327683616	0.686726048229416	0.828332656259068	0.915885636948063	0.982969918828585	0.850654196308641	0.587154954360497	0.353539019963702	0.984944676219844	0.467336359831289	0.511168831168831	0.613259668508287	0.525570986638584	0.797980886298256	0.76150851210016	0.48780825330049	0.814250913520097	0.756828885400314	0.87581814965505	0.734421082675293	0.955939049017808	0.619386200391787	0.292917344373799	0.253512183506628	0.838139052679324	0.939784423373045	0.858077016226689	0.990741615493623	0.433509080257762	0.913790732847518	0.564710836608647	0.96096450848755	0.915414485902414	0.666060752064125	0.44725696181424	0.492708677004289	0.663102334258543	0.793789649415693	0.872273004265692	0.923295454545455	0.737561743861407	0.96803738317757	0.41975615824832	0.818738419399017	0.35266328097319	0.881683948965451	0.705894901514613	0.797803295057414	0.692270279659545	0.913788799201132	0.779653862389194	0.75050381317422	0.294444816725859	0.869945101677878	0.758292141270865	0.526151210109231	0.967994372636947	0.428741445998215	0.363709894850364	0.318509009215533	0.593195368430745	0.779779532741033	0.752801727803003	0.790518612790328	0.872909698996655	0.404819001941304	0.468021927820923	0.403609795362373	0.774982599184648	0.824543780344885	0.8396	0.589851554276139	0.800881979221168	0.767715249809513	0.864028144239226	0.584487162252991	0.117728237791932	0.993185044959773	0.836927562459156	0.870168657765285	0.437157024793388	0.743932639920753	0.497178650929233	0.565706670615236	0.518677759785583	0.938965574588392	0.94050303555941	0.807579793040213	0.724150529777128	0.276275115919629	0.697153063828236	0.288206295032234	0.888926190590379	0.819324141659908	0.703411418011088	0.502940774175899	0.959718725583818	0.835836354220611	0.377431906614786	0.874038767079758	0.929872002884442	0.943370402053037	0.339123568890643	0.985497692814766	0.326750151707398	0.149359113621551	0.233194478477497	0.49558889498081	0.614433820255687	0.761861104744442	0.168421052631579	0.545358306188925	0.477449455676516	0.689298994628839	0.561070140496313	0.764393738392146	0.991558806978053	0.535601287974241	0.483702737940026	0.239138487590623	0.75335833293777	0.374844775589853	0.399315946985891	0.81134982453137	0.338830921126445	0.288669660605168	0.5221975147155	0.754835996635828	0.680937952838888	0.456909973440791	0.501997146932953	0.205006600498704	0.481683980317113	0.890761090761091	0.362022553655875	0.438047784848121	0.90354609929078	0.795046386926547	0.855519337503304	0.956666052000738	0.202979929949408	0.73298726579609	0.627932705146302	0.88630354309889	0.964773544212797	0.242377893341491	0.975177920499913	0.481465803954768	0.701482658194334	0.259749973287744	0.858245729303548	0.727483202460941	0.907921949464976	0.700497131931166	0.706100112666989	0.917787537743618	0.95134443021767	0.529655432122011	0.868048148712479	0	0.736737136019146	0.40818130675882	0.839634852510389	0.260585393577721	0.368701112116213	0.969878391019645	0.543114730260288	0.794427660288687	0.446063004898939	0.142651666923512	0.671753335681027	0.99447194189111	0.262994496448563	0.325394045534151	0.86398631308811	0.93208121055433	0.833154953026519	0.939580602883355	0.913659423758017	0.697859365668123	0.840079901298396	0.911198458280066	0.983983418127002	0.795874284479965	0.482148619708393	0.948952457076103	0.730521859480583	0.433083238402011	0.861073878419932	0.948774645292058	0.780443911217756	0.67037037037037	0.601956309096837	0.386051040694608	0.841481508958047	0.933678176988676	0.945528455284553	0.32060661853772	0.685388005876853	0.927172918572736	0.922039400044773	0.497862743555451	0.758096875895672	0.948225568040603	0.357080402965216	0.147420814479638	0.856311706629055	0.269515796511952	0.604964655597567	0.562093947183921	0.436256390090444	0.989380677811424	0.875018598422854	0.397637047448999	0.292614310409111	0.891778341180732	0.578994614003591	0.684478226082981	0.98230421686747	0.536824418930272	0.27391152299353	0.8886228606899	0.282161132928716	0.946720235581478	0.322967741935484	0.528951949288928	0.967497589863655	0.293858632676709	0.634232121922626	0.885756089844986	0.882854656222802	0.888702411447752
"SRR5928404"	0.871735102504333	0.894300969815844	0.471433976541809	0.740468534680753	0.938324075355328	0.783329210981944	0.881326653998964	0.909317308212874	0.827298050139276	0.940071913703556	0.908058217962371	0.488439726624982	0.615448504983389	0.440779610194903	0.952402420215921	0.690122377622378	0.903288901767604	0.869918699186992	0.381550865544226	0.495508444125045	0.89886936547239	0.692113032475749	0.544866920152091	0.878123406425293	0.84023988005997	0.872937771345876	0.966889525628781	0.429089026915114	0.952473326867119	0.664576540423042	0.922504740142933	0.302707423580786	0.994343262459143	0.824857056876317	0.938445796758038	0.87615320100643	0.677925211097708	0.889136631763145	0.508059516429014	0.867883859515659	0.463699379788398	0.523687109805362	0.842903077629766	0.855613425925926	0.782005141388175	0.626441564617762	0.930990003224766	0.353429602888087	0.399713876967096	0.833086565985589	0.499713795077275	0.566526189042745	0.905157872229218	0.845237536931951	0.726077097505669	0.309050772626932	0.797193361219808	0.68280701754386	0.709868590569441	0.807912844036697	0.804485249849488	0.910075032934303	0.838368484387865	0.968695306284805	0.493604004449388	0.664226205503661	0.706595484373262	0.625764823673379	0.849020102615863	0.828142524372358	0.179666958808063	0.878647522000926	0.919423552306317	0.31836902800659	0.788244848238758	0.438004917456972	0.522895357985838	0.721236793641562	0.964740450538688	0.919788918205805	0.402306885704299	0.82408984213191	0.953966964527484	0.912125136993125	0.620385232744783	0.638610696782442	0.587210962032544	0.777186564682408	0.938792479145992	0.958251920063454	0.808953160108314	0.96897050255702	0.852188042808315	0.937490581391844	0.982156470364018	0.652809184205949	0.44843416953599	0.85981308411215	0.593209271955599	0.758293309505194	0.698003327787022	0.565149747180086	0.66277233975371	0.694404224512392	0.923664122137405	0.65847563515202	0.666295884315907	0.789763828854225	0.873050026896181	0.896698064382569	0.839478901161144	0.69612544721017	0.826775581467856	0.749104393187103	0.69894419306184	0.780783767654665	0.7455919395466	0.947639083683964	0.875625183877611	0.611570247933884	0.858685174474648	0.749521683673469	0.803682229681619	0.879764645689435	0.338607594936709	0.594109427066538	0.812261975004023	0.885462258433775	0.94821301161056	0.54467637783451	0.860196418255344	0.695470256503547	0.826823134953898	0.910611831637819	0.657097288676236	0.82274476722729	0.838986810793369	0.455204932898078	0.396156230626162	0.518387553041018	0.72707705553164	0.790574809805579	0.243300052548607	0.921873220508849	0.7137796670209	0.576199616122841	0.704264719141646	0.944648216072024	0.886603397010305	0.520728929384966	0.668661108386464	0.3462907199562	0.944742872168589	0.544264819091609	0.524165202108963	0.59518319241609	0.859811539097372	0.751970136872667	0.659109311740891	0.977284763355793	0.736737136019146	0	0.846482918780175	0.879792072774529	0.577380952380952	0.707497565725414	0.851407475772958	0.397438348308163	0.763967357187696	0.852466367713004	0.818713450292398	0.943603108637975	0.989996016112611	0.742462311557789	0.86547461060278	0.2731291443006	0.965963097567794	0.73911995177818	0.764880510613033	0.955161054172767	0.828595963933018	0.780183572605319	0.968828327940573	0.922525107604017	0.909191994069681	0.843060553903927	0.969685256310089	0.56436170212766	0.902444785638361	0.64375	0.746889746889747	0.58570538125909	0.930578648110516	0.485320023487962	0.865418010419251	0.971182020480702	0.946479700462521	0.919512586179253	0.670518322878838	0.948182897631051	0.690901537183216	0.931209348473156	0.865180682201959	0.713602061476164	0.969318650256169	0.83972556517827	0.756941887014804	0.436370081531372	0.715619694397284	0.921286863270777	0.882919426853824	0.915774531259242	0.986139630390144	0.515348648099207	0.815393258426966	0.814013346043851	0.632336236274139	0.312693498452012	0.848449363502436	0.92574964302713	0.460857490019094	0.763812443391625	0.462599854756717	0.759558911662472	0.982526235933746	0.854073052453619	0.902298850574713	0.900650108351392	0.725077257639922	0.93045743122253	0.938173257555941	0.784967981125716	0.446032880629021
"SRR5928405"	0.0832129839763428	0.904960981047938	0.799625786698418	0.941402725675483	0.974101496711049	0.941563986824448	0.983618203853065	0.451605704663948	0.160048441583275	0.933081998114986	0.259437612864391	0.623569794050343	0.679795657726692	0.792860522580306	0.720222265911984	0.902877060317835	0.344327936134538	0.870357057272945	0.770038628681796	0.910796881194661	0.77929891873038	0.959108816736856	0.826244960536029	0.190778289173612	0.366361193412802	0.942993614038731	0.969276474127557	0.842738205365402	0.993200582807188	0.590325765054294	0.916767922235723	0.734786457180792	0.946221440403298	0.857726170728595	0.470589423912385	0.225327536746222	0.521782647632092	0.73496295676196	0.90267510503643	0.897124221761044	0.912536443148688	0.920997920997921	0.976459251101322	0.295332383309583	0.946555015085278	0.517098545419516	0.96089678852757	0.784584427924655	0.824308973873533	0.829638487719621	0.88172925213001	0.834109615261915	0.858050769626391	0.468610797648037	0.86587912415727	0.857311519649182	0.642880800794907	0.888954674034603	0.653913478369592	0.197005807122957	0.156753383517298	0.424866191372781	0.862615493958778	0.587137360093245	0.849357826331679	0.809007053716766	0.518039546434261	0.608809746954077	0.250961831215921	0.947790493693092	0.856345885634589	0.951242829827916	0.465351251563213	0.847387691055966	0.929916223763625	0.891301487037768	0.718379129691008	0.383448032468678	0.99499756826235	0.913747312507904	0.887588745727058	0.206584893479664	0.557455268389662	0.382977721256653	0.709258725122584	0.822606615448314	0.900845212564652	0.869644484958979	0.85356811862836	0.595171918428531	0.465396526188232	0.559920945922922	0.502284919531095	0.97065670986163	0.731077951881042	0.825904650090151	0.61159891598916	0.882322277969636	0.925262748151031	0.451182876455126	0.935899401932219	0.933923066613055	0.928212398504962	0.493607836626266	0.989201910431231	0.68453655203826	0.441996402877698	0.445150808787172	0.364153433134641	0.647141876654574	0.803839232153569	0.285860012554928	0.684866845145836	0.711980751539169	0.814220452149467	0.703369783530462	0.943898028492039	0.981642512077295	0.316238019371317	0.639802184663877	0.263894389438944	0.784615384615385	0.452847280792178	0.178016052169551	0.875958996840952	0.494504479541886	0.500354907401433	0.543243050436354	0.678943602128897	0.767911625460284	0.260953942872762	0.649260421335724	0.421605370454265	0.40257464039647	0.817290386644324	0.192796474870681	0.285752746069352	0.90058247286206	0.852603197021249	0.918308188945253	0.966062423333788	0.316250286500115	0.870644302778981	0.519358623386781	0.963358376169764	0.926718373896764	0.518215169354151	0.990488599348534	0.280797788737738	0.752534854245881	0.463142020757562	0.853661584603849	0.588828076166664	0.92079737775102	0.856238537537715	0.766580534022394	0.865760869565217	0.959490583931717	0.582814634886898	0.787442259860239	0.40818130675882	0.846482918780175	0	0.953855297995353	0.479064556784764	0.650324919322753	0.977820636451302	0.76168809009214	0.744271751321904	0.459524977634123	0.317793517922301	0.524116340868552	0.99313147501574	0.534101327380715	0.114594270286486	0.87524165485243	0.993561645804291	0.941199263779909	0.930008382229673	0.99179494497262	0.882438764344435	0.836059283418869	0.961235485534435	0.990998476665282	0.811423897212856	0.621152578135303	0.95562258290902	0.937806467630811	0.111490524159126	0.931803040397311	0.959814739136357	0.926240969470986	0.552859107879741	0.667588582163544	0.113257243195786	0.760191288150165	0.93423079837345	0.882827630729503	0.520905709731475	0.588883309271232	0.949451145141618	0.923718531998787	0.355639760730202	0.948268106162843	0.980516972905637	0.0873792851690837	0.296821968528232	0.919852359609807	0.586681974741676	0.297723553042702	0.580676991719936	0.117369608312256	0.935278324682298	0.859177764910249	0.523730556200458	0.179682577780445	0.883967560823456	0.8051872528495	0.808417473727591	0.9911430943814	0.688935512367491	0.236219292989814	0.929427341939755	0.300754210145676	0.976225106899531	0.295566785345125	0.221940189642597	0.98550408719346	0.390174506828528	0.380392885338782	0.977097272259393	0.959655307481394	0.911809360353819
"SRR5928406"	0.877721854304636	0.526366928716544	0.67321668909825	0.707335053446369	0.941324837382185	0.687085825117181	0.825827138901035	0.848590288082689	0.985073921874262	0.996556918442006	0.99967585089141	0.741048664227913	0.726729291204099	0.747447243022464	0.969988661869172	0.824702380952381	0.869924710943802	0.789619018854899	0.841219933972646	0.998376293890806	0.926594700686948	0.942857142857143	0.997568881685575	0.999424874191229	0.818481322068123	0.188425005522421	0.832328920120064	0.672436750998668	1	0.88472172988302	0.799145863602342	0.841911297496505	0.987949079198953	0.924272910188403	0.963341988697113	0.973820215199526	0.883546034639927	0.93144377910845	0.925081433224756	0.952148340145549	0.871852610030706	0.983399209486166	1	0.846603114930183	0.397083195227047	0.869445760303174	0.488864448721474	0.64679854242582	0.937222911863806	0.730429349281442	0.655906349769422	0.998536406878888	0.866033683734599	0.848723739719606	0.90509612450412	0.880474934036939	0.849699398797595	0.885863035642771	0.557409153550446	0.953839869281046	0.889968895800933	0.825751443527063	0.668097920035688	0.994925988097055	0.726863753213368	0.733955891118617	0.999101930848675	0.770951226084613	0.881876398426047	0.565198398252639	0.863481228668942	0.254842825658276	0.879561862086134	0.560285714285714	0.586327636515215	0.966339410939691	0.559242263795741	0.903057539523313	1	0.574515317448572	0.953646353646354	0.874827196179465	0.946922417402748	0.893163850565804	0.859988776655443	0.54570685169124	0.752434921197096	0.998058629392351	0.845486595480255	0.997288009659144	0.997230911235321	0.930208097015695	0.831124005802611	0.802225179061801	0.960253670321502	0.813077261398622	0.891059080431882	0.958365758754864	0.859804109852122	0.768045417680454	0.705002137665669	0.92152704135737	0.738655620410469	0.813035649981995	0.984905660377358	0.71893088185223	0.990027424582398	0.703208703816204	0.859543070495155	0.927527704226733	0.80362644578009	0.893069825273215	0.790550574775865	0.671226806978676	0.834458582186445	0.502377438924414	0.69420824643029	0.988792902171375	0.897191164439596	0.87551867219917	0.999360920274804	0.822576252723312	0.930110978629735	0.983862787588178	0.978883861236802	0.759762383157159	0.751671717900611	0.789361301262325	0.933382978454859	0.651936839713734	0.848282659792251	0.905509750032718	0.99801051584482	0.845488311120821	0.987470369116153	0.787693619440102	0.904963433195976	0.915527443378902	0.982122905027933	0.943684633950121	0.96149541079024	0.951929703652653	0.828235294117647	0.894716268160792	0.841755586873364	0.847546851968836	0.920816018133736	0.613844059887225	0.95017793594306	0.461106655974338	0.766431639516979	0.716060031050543	0.999169465207814	0.965415436524673	0.80973715651135	0.976517281296511	0.923349200537044	0.985510428100988	0.727444002512037	0.93353672696407	0.839634852510389	0.879792072774529	0.953855297995353	0	0.932596291012839	0.695666183341389	1	0.98264406779661	0.989666510098638	0.894125347733595	0.862927872860636	0.991192578517939	0.898847786537295	0.998790322580645	0.922604945021566	0.861043118056863	0.959276475343573	0.696905833892135	0.707465375520775	0.947967550593161	0.767004796728788	0.83161059951137	0.87508146860743	0.991499409681228	0.918178174165748	0.931211202540782	0.971455125873843	0.880081300813008	0.992661704581193	0.908629441624365	0.992402234636871	0.77260313353457	0.836810129568825	0.900401965163019	0.87059338734399	0.970273120632386	0.88320969168992	0.963966113828899	0.931977559607293	0.924659454005269	0.985497692814766	0.832271689886569	0.953202746110726	0.916061765870397	0.885682479876691	0.955635852654823	0.980153934228102	0.990332326283988	0.704875518672199	0.974434742189316	0.929087363708769	1	0.997630866425993	0.858417103213932	0.872141997593261	0.826327624978377	0.58631834096418	0.991701244813278	0.897263864136702	0.987279151943463	0.940796963946869	0.835242771412984	0.952633728052266	0.857886351566649	0.929118349459586	0.862150196986312	0.894133289014459	0.794915878668795	0.998345740281224	0.922334824553395	0.911170441432676	0.670905889258462	0.939700526102792
"SRR5928407"	0.504566105272819	0.919645992835569	0.551324183259231	0.767576990122022	0.923805416284795	0.860924969790179	0.882798413270826	0.705728298652445	0.475484701291153	0.980166600555335	0.584722423539643	0.322275278545698	0.460436339954412	0.52003410059676	0.844006715165081	0.817351598173516	0.637014815721807	0.807764534549496	0.627681362509432	0.80186153257682	0.703636505015422	0.901762885210604	0.589922480620155	0.391418043504101	0.45378421900161	0.92531328320802	0.95781491730765	0.743836844464366	0.984274080314518	0.336936725221785	0.922821803425807	0.400834492350487	0.975223591974861	0.907431707026124	0.736338215081283	0.561571525525978	0.296442011631885	0.661998962732459	0.667477414871439	0.819572101645169	0.819766696577362	0.72587093089663	0.952742849246926	0.585300232359056	0.901899441340782	0.131319129982926	0.950068712780577	0.564150943396226	0.651899473991818	0.721506989969197	0.814122048164601	0.685993796230017	0.791139106275583	0.506879429935944	0.737909186906019	0.57202743902439	0.437380545216779	0.885967130214918	0.45339160629827	0.434044444444444	0.388162197514715	0.700785431987593	0.790397620989016	0.812793639320564	0.639732288605942	0.797565860422123	0.315208881930112	0.353405936365578	0.550038144115403	0.868476367785719	0.689260874690558	0.930484528040218	0.710253910783085	0.684146833400565	0.783247267118235	0.794106487922094	0.50065703022339	0.21675229238473	0.989862010701211	0.933901399878271	0.784118166898119	0.528577294956509	0.795775311387062	0.652668391572602	0.478096375945838	0.626886335317735	0.78325353264043	0.916945580761126	0.829346054837872	0.797254673926451	0.427041977070973	0.796937921911173	0.482516261404811	0.926096393734146	0.88228553453467	0.621089503563232	0.296531947307106	0.933962264150943	0.825187738520251	0.229857989010205	0.777053455019557	0.853492333901193	0.796766743648961	0.26290101779656	0.980435997764114	0.363747954173486	0.142685129440096	0.411787090329639	0.630908545399995	0.692980047592898	0.70627338762932	0.254602406990163	0.523439351566573	0.511897382099089	0.612227074235808	0.565568347227736	0.758939019633338	0.984442283650507	0.62222497829592	0.345814581458146	0.334456394972139	0.644512610770279	0.448345603106545	0.524568177199756	0.719221411192214	0.141265752280164	0.455596338016285	0.627179103618894	0.834877351025625	0.564979947094462	0.577456134361985	0.388652079189164	0.32583872866392	0.580093794814154	0.856041713897076	0.488075914596079	0.552138813519579	0.807854675706793	0.712285783248853	0.802738336713996	0.91412704862522	0.257504819608923	0.653282201669298	0.738128791127995	0.875428136496258	0.864840182648402	0.222958330753514	0.95781114282169	0.588598831515315	0.572520395019322	0.188856112749918	0.746356019740617	0.79595897224795	0.845390441368503	0.653349979192676	0.576704228494924	0.906202178413899	0.89158077901218	0.358941459502807	0.909152797014014	0.260585393577721	0.577380952380952	0.479064556784764	0.932596291012839	0	0.394651011089367	0.955444859554449	0.456806918666796	0.727431770468859	0.543859649122807	0.313671582104474	0.752701937000273	0.992549998191747	0.279838165879973	0.434897042885896	0.739151574085329	0.957169459962756	0.75739423436915	0.832669322709163	0.944968424505864	0.757389770723104	0.84791267148547	0.965063539410779	0.980142637393372	0.795666791184161	0.542254440961337	0.948583114227286	0.726984126984127	0.519959989087933	0.756616052060738	0.912055202273035	0.774131469664742	0.769938821429236	0.477762803234501	0.482817220543807	0.882479185229897	0.942975667141354	0.93839072320085	0.221588262692129	0.790512643311538	0.90304004285523	0.930096365382828	0.592385347562734	0.779662632231011	0.961142168146443	0.460642675772699	0.305360304770081	0.793173455145286	0.292736813035073	0.671560466172242	0.645587001296819	0.534301452178267	0.960860298391785	0.722016234091592	0.428521434820647	0.479109062980031	0.75575323921872	0.449167087329632	0.678876098056005	0.981008239072755	0.346455965252749	0.372276309689383	0.808548758638341	0.382599098684816	0.979512774806892	0.527544757962015	0.598354580492144	0.896554842209965	0.187649489019352	0.698560447239693	0.916498630951117	0.891117478510029	0.798421990328328
"SRR5928408"	0.671321066597068	0.704826692581795	0.718814968814969	0.838968328210611	0.914293253584308	0.939617512862829	0.945839874411303	0.624444444444444	0.656159778524817	0.982878666818856	0.743488226713899	0.444080700418729	0.58225782524848	0.586014851485149	0.87273048548836	0.65829795089533	0.580818520049607	0.783884797185885	0.695847255369928	0.83541643623493	0.711355237688228	0.920964190520338	0.729640562597673	0.595872170439414	0.29952470239393	0.585814094775213	0.872332292794802	0.802213001383126	0.986538461538462	0.370327679894616	0.97390688485481	0.53250438120671	0.966363882017918	0.897087986640225	0.808645958152825	0.598989898989899	0.415515903801396	0.787473913982106	0.763021243115657	0.950795334040297	0.881542393599289	0.571941216678059	0.959454653230587	0.528814959004306	0.744974379188017	0.427909196264231	0.708927231807952	0.64892354636379	0.715574694965652	0.527601809954751	0.867104183757178	0.725260960334029	0.678380111274277	0.413219245132519	0.936257967754031	0.75782452539764	0.623719165085389	0.93324549846289	0.210546896821407	0.519199932483754	0.587844060165763	0.670536234699825	0.62144509457069	0.866956737061799	0.744981412639405	0.83540197461213	0.35982687389337	0.302813668262609	0.656079371420962	0.492632640484061	0.787625245325896	0.578955634079309	0.769442688104056	0.760842181032931	0.779377987460426	0.817902251510159	0.487988583207801	0.387993966817496	0.991325301204819	0.697753573859769	0.812479438534927	0.626514204037877	0.858293253726943	0.644642415243752	0.470201031844867	0.478010738941447	0.889560495850835	0.927684835402051	0.729312601915436	0.870782929817598	0.588058437433834	0.768027223817038	0.335739473138353	0.794406268225271	0.86389535528212	0.674926785312007	0.388524722829166	0.942511346444781	0.810320781032078	0.502596804943791	0.830438010393467	0.891040887982784	0.893262599469496	0.413634090782821	0.980608091932009	0.135922330097087	0.441506162135381	0.427208496467306	0.630754602361269	0.793951271658278	0.722243131351148	0.500902294405775	0.601794124243104	0.38905679101448	0.602930628138129	0.317925453653752	0.748130277442702	0.986661903060617	0.681136023916293	0.422651933701657	0.56012506012506	0.705350494628231	0.661033950617284	0.699337286362051	0.787215969420259	0.433326907011118	0.519938958274768	0.677586206896552	0.830651644409249	0.657195943330495	0.63964318509773	0.406039982985963	0.594237959093908	0.687766213563465	0.867664670658683	0.572329038652131	0.665260378087662	0.850471436494731	0.743568114719528	0.828087167070218	0.932641883230393	0.520798880549548	0.648648648648649	0.766232730607444	0.877987005836362	0.916958140584452	0.297596403250908	0.946418926217997	0.732805349086306	0.665965895818734	0.331307360359813	0.800423771566946	0.81236974789916	0.866305329719964	0.755966697502313	0.626611553980907	0.892743966848135	0.921328872995732	0.432689493707931	0.89756192100469	0.368701112116213	0.707497565725414	0.650324919322753	0.695666183341389	0.394651011089367	0	0.961780415430267	0.465401688571677	0.753285827395091	0.714966034035997	0.440297639809325	0.839423529652603	0.988214496169711	0.413709592502896	0.57958687727825	0.830663129973475	0.949503858875413	0.854188139902426	0.904578684109273	0.918070842505503	0.614999323135238	0.802114394144755	0.821354499042757	0.979638280033537	0.741903247785601	0.635095217145371	0.961532745660897	0.839089638650429	0.672904449810279	0.80860049913611	0.924321806962394	0.563363743112637	0.702228285584357	0.628768171384851	0.636582968456796	0.922706046167982	0.983164179104478	0.936934773909564	0.379775770109938	0.720393538199927	0.90998268897865	0.970780675808909	0.667614586818334	0.876486185955008	0.930306543366315	0.668136439267887	0.470935215528107	0.848661746888424	0.140033159035837	0.777991996027225	0.734632942628007	0.685991797971077	0.985349326984708	0.818913840923325	0.658658242580431	0.446508554225714	0.835181975736568	0.579933351346483	0.667654517124439	0.979423376001914	0.420916881604127	0.503080879142206	0.871060807811807	0.531032078103208	0.894877442939495	0.441447711849661	0.730750124192747	0.95398547768622	0.455951983994665	0.796229681118654	0.911779925896794	0.812249322493225	0.843197879858657
"SRR5928409"	0.978368937256483	1	0.906422551583842	0.997085822526592	0.993393787698494	1	0.998356108085893	0.990825426674645	0.981259457571877	0.781155015197568	0.984437678217583	0.936009538950715	0.940137572039413	0.933264248704663	0.99609436594093	0.932625411937019	0.987501455575826	0.98321867834063	0.86424957841484	0.656716417910448	0.98983457507261	0.387832699619772	0.905710102489019	0.967543594395726	0.978287255563048	0.971174728529121	0.997435108238432	0.840515106488361	0.640552995391705	0.968169236852511	0.989959410382397	0.91701030927835	0.999319220189984	0.78213802435724	0.990876377751962	0.983585665494214	0.932734489241696	0.990412671946644	0.930106359887128	0.983118172790467	0.640625	0.910580394334907	0.0301204819277108	0.987520830911134	0.943276283618582	0.950959488272921	0.989961170565394	0.912855209742896	0.804848484848485	0.982516153553782	0.804730139478472	0.781990521327014	0.991999204889927	0.983468528596365	0.958674463937622	0.910331384015595	0.975186869076058	0.906467661691542	0.967136150234742	0.979352356524527	0.971860526085817	0.990263961539624	0.976907630522088	0.993351914937545	0.939779315504021	0.947013328945203	0.95493982647635	0.954927211646137	0.985318925819541	0.996306176893084	0.795944233206591	0.988341968911917	0.991100301263094	0.893058784456991	0.959780164876343	0.678642714570858	0.92860310421286	0.961992445703494	0.857868020304569	1	0.683070866141732	0.983804446232773	0.993024867862404	0.988608221892026	0.897419560369544	0.957300092825885	0.805790108564536	0.72289156626506	0.990913708448558	0.993540103518838	0.979241877256318	0.99276371971774	0.979877515310586	0.995914980532329	0.996078288087496	0.966642494561276	0.924306535025858	0.789748045178106	0.735632183908046	0.954698930782217	0.992547046767282	0.556473829201102	0.86232980332829	0.967461600646726	0.569721115537849	0.958499806676118	0.959970164097464	0.977192236860745	0.9891793803347	0.9912497622218	0.979633143580013	0.971484236627701	0.977311161217587	0.977107919806626	0.971791502409111	0.960774759410403	0.993157956824348	0.748299319727891	0.987296326981497	0.923424494649227	0.962246453277055	0.969903729320497	0.981927372733906	0.98180790960452	0.755133079847909	0.956824886028426	0.980831051315633	0.98844096636393	0.995720361509835	0.933111757374325	0.985617937379963	0.911829134720701	0.968071393158156	0.982959356477561	0.832029212310902	0.98119378577269	0.985968276102493	0.646929824561403	0.766835626357712	0.672431332655137	0.543933054393305	0.957737235857724	0.835798062213157	0.992343906034524	0.670756646216769	0.576315789473684	0.965174129353234	1	0.985818726327843	0.932067510548523	0.961437125748503	0.821902654867257	0.993735042901337	0.572377158034529	0.88104913188031	0.843537414965986	0.923406279733587	0.431095406360424	0.942138364779874	0.997336465605665	0.969878391019645	0.851407475772958	0.977820636451302	1	0.955444859554449	0.961780415430267	0	0.904902539870053	0.928871217141595	0.984258127597164	0.964611495768766	0.992097383792274	0.996818663838812	0.970434303553393	0.974182168056446	0.75642965204236	0.999530575766877	1	0.975061324611611	0.9983280387895	0.984984844952203	0.951600781602285	0.996812635284603	0.699186991869919	0.99103738135664	0.986424385513723	0.997310974896865	0.831853785900783	0.978659950957651	0.860907127429806	0.337448559670782	0.982479784366577	0.993130227001195	0.935172136098248	0.977449401218573	0.996696351623097	0.997716265700673	0.926684881602914	0.968649595949761	0.99349862703925	0.427046263345196	0.987306843267108	0.988402665226004	0.91025641025641	0.998032657879205	0.979795444562967	0.97255369928401	0.670081967213115	0.957514183929278	0.987676999617298	0.990068472025168	0.978621696985792	0.99082902685785	0.895250487963565	0.979818238796615	0.983172197543768	0.906313645621181	0.892666666666667	0.986925450706513	0.8203125	0.917773237997957	0.974256475855452	0.645764576457646	0.978303348830941	0.998420609748204	0.984393175649477	0.983963344788087	0.979297063071738	0.953279164248404	0.98884655351576	0.999204138479905	0.841354723707665	0.66211962224554
"SRR5928411"	0.786963788300836	0.907272027702963	0.507455803228286	0.858366072327994	0.936802686947458	0.949828962371722	0.912479487379855	0.841670815754304	0.737429615726563	0.959699086512628	0.827067985687224	0.382658102766798	0.501598957716451	0.470401825326404	0.924569343577869	0.581363244176014	0.807264023311479	0.828330037749416	0.48270787343635	0.649175412293853	0.825100748416811	0.836768802228412	0.471832072850749	0.713669618790913	0.667151000335308	0.967277647927174	0.982402739465424	0.63643517607712	0.970131057604389	0.51062215477997	0.966311731228199	0.171082949308756	0.987442521914669	0.871862615587847	0.881012592225669	0.737665887747454	0.514202012482486	0.853969986357435	0.598227089036631	0.933889743026576	0.755050505050505	0.458664666166542	0.899293286219081	0.777046454428933	0.953807007242122	0.525233644859813	0.982089113998385	0.382157123834887	0.462028001697073	0.717517806433593	0.757691491618926	0.425236731997357	0.851396906026322	0.718569780853518	0.892343222597264	0.563936889556724	0.723458637242067	0.888424674367166	0.528533665059866	0.676188434535613	0.705659336871855	0.866840080803609	0.813381937911571	0.925202431115167	0.596005231244798	0.775298107428071	0.418609206660137	0.406739811912226	0.799335920310437	0.813114754098361	0.52563550193882	0.977390852390852	0.885641482991464	0.556872427983539	0.889250225835592	0.601574028529267	0.378927911275416	0.520631067961165	0.977920883164673	0.928032409246167	0.611764705882353	0.718905255818007	0.921142439262209	0.850750079795723	0.326777365790746	0.513437057991513	0.822109275730623	0.841457643161382	0.897304036153966	0.920846720846721	0.657299741602067	0.921744249611034	0.688660442672821	0.928019070876214	0.955665660847002	0.554454666981206	0.298988794752665	0.900355871886121	0.710415693601121	0.622886354699174	0.758984699323924	0.769920844327177	0.894664842681259	0.515895061728395	0.953544494720965	0.415134435923496	0.489377025567159	0.648003724828309	0.830235817439522	0.863432255475002	0.761258874642365	0.606157704095848	0.756142790913305	0.674138937536486	0.566820913046481	0.656169608799787	0.758599774716229	0.966646813579512	0.78642075252543	0.421103315449168	0.676528939877512	0.650221608660902	0.746659642737417	0.789057984973993	0.472939027175154	0.505227143128683	0.751787332594905	0.816564794152841	0.917807519411524	0.481848184818482	0.770950379130162	0.410661107802263	0.688037113088448	0.82568306010929	0.74222043766312	0.748142276825523	0.752575734276488	0.699698189134809	0.460517435320585	0.663454410674574	0.837380011293055	0.64298418047365	0.467064676616915	0.892424981162182	0.801583374567046	0.869769874476987	0.485783915515841	0.971550497866287	0.83639891346527	0.44592516658124	0.468722621342211	0.635467980295567	0.885532766566901	0.703955986376736	0.59417778547912	0.266302225693089	0.887727022564667	0.835261707988981	0.513500985050411	0.964019490787054	0.543114730260288	0.397438348308163	0.76168809009214	0.98264406779661	0.456806918666796	0.465401688571677	0.904902539870053	0	0.589513898037149	0.79956630809133	0.649099728685357	0.899748915772655	0.991348173036539	0.546399140093157	0.744335736354274	0.613771089831281	0.953670595883732	0.862308177422745	0.877828054298643	0.93946273174423	0.767269166428659	0.845013893176906	0.947322913202527	0.952870090634441	0.843143289477059	0.759175596460441	0.963309176777135	0.736493271741314	0.784608604638352	0.732292247629671	0.833802816901408	0.601790450928382	0.878484460108939	0.396339185655585	0.743527648042438	0.957307126089205	0.978988791679843	0.932671673819742	0.517360329958755	0.88678886522665	0.796469939327082	0.964406302757456	0.791235524992702	0.815093205051112	0.975037241658592	0.771275196042314	0.571235469045688	0.606435643564356	0.438880015033355	0.867095978625745	0.818238178436567	0.795431976166832	0.987145152651312	0.711306614532421	0.752037436247963	0.710077030496869	0.795416089832333	0.180079155672823	0.767080745341615	0.954819277108434	0.192836676217765	0.609812483945543	0.663730178706267	0.639765428651215	0.970239948200077	0.732866306549629	0.834939290498207	0.927680798004987	0.529329047810366	0.880566167720924	0.936217415418746	0.928810320114668	0.659945232760767
"SRR5928413"	0.837305536640302	0.513218340989859	0.637719068794141	0.990964943982653	0.988441271460139	0.987505856629705	0.998134596068302	0.920970942954557	0.850282882124655	0.79559942422373	0.877651028277635	0.662661037133268	0.660475792988314	0.689258028792913	0.96403923831506	0.816320645905421	0.898358248798719	0.867225238319155	0.552683594343926	0.800894419599456	0.913157381343887	0.90995561192137	0.640944881889764	0.784369248194818	0.840189125295508	0.964401294498382	0.988424050193318	0.713046272493573	0.98236092265943	0.779763982962084	0.743381743643421	0.614594928880643	0.993616825093463	0.630476860812951	0.922882171249177	0.872554781294602	0.591414590747331	0.9175465057818	0.898093508851566	0.4341758563482	0.880415604783376	0.866769151934409	0.924619792814635	0.857904558784324	0.97024	0.71070466994708	0.986182606339745	0.655696202531646	0.627668659265585	0.862257978958536	0.831226511786812	0.541710665258712	0.929900339699894	0.867753240721192	0.685081240768095	0.819907644946126	0.818647421720405	0.817274472168906	0.770620581304006	0.83969696969697	0.691462167689162	0.912441654595204	0.849688688081988	0.942135258358663	0.810510887772194	0.350904493289243	0.446920976125452	0.725438364613622	0.879868390848573	0.991685183857788	0.786961784540896	0.983025913771642	0.922844550091616	0.793237250554324	0.958398165588404	0.699251008258114	0.64360298336202	0.759722331781967	0.993639254884144	0.590968681718864	0.765562152844283	0.870635612571096	0.937660068693045	0.906193218564257	0.577069716775599	0.704750553379874	0.899027801466826	0.626979690702441	0.921398481446914	0.941906717729552	0.843282446619668	0.937457651479375	0.849755035383778	0.994428655842877	0.964593567522477	0.782219656516092	0.631634945028963	0.669529499626587	0.822976212428545	0.724741447891806	0.987463435018805	0.856418576353681	0.952596345214402	0.776753421743139	0.964542190305206	0.745402875292544	0.744142378969712	0.830158816787644	0.881459235049907	0.906984684421032	0.844816387709218	0.651287345937923	0.830624558351905	0.828580811121449	0.800512163892446	0.748993072337683	0.989118435577985	0.940875750166704	0.894558743909042	0.594292508917955	0.760797863986179	0.791331186258722	0.858505131232404	0.854005934718101	0.68804347826087	0.732830318099974	0.844307956006285	0.900130996194872	0.890087481905721	0.65450715156891	0.882830713694818	0.613592974417717	0.786843946815955	0.865546946019653	0.435478601764129	0.853894124818305	0.862409310205134	0.837013875317569	0.654493376297888	0.798380878951426	0.936365577621183	0.737313937753721	0.759649691858579	0.932645958973694	0.897742620104187	0.908559919436052	0.77354843506059	0.986937861541332	0.884210917468693	0.646282839575182	0.751971326164874	0.764510227839681	0.931369375202331	0.800726099233562	0.649305555555556	0.504071531215073	0.245332381971697	0.909033745546007	0.681064483111566	0.930198166223011	0.794427660288687	0.763967357187696	0.744271751321904	0.989666510098638	0.727431770468859	0.753285827395091	0.928871217141595	0.589513898037149	0	0.861151662611517	0.771797955502105	0.930680073858201	0.99222476053064	0.796237413884473	0.813155843377106	0.765514745793378	0.998623976372667	0.992491787893008	0.97779487743212	0.997959715228338	0.880857699805068	0.358629581875115	0.875664922371665	0.981127836441249	0.782418020532244	0.888411402377883	0.929552807157667	0.902287581699346	0.838499015237898	0.89601226993865	0.9032189298657	0.981597657883731	0.93374708773029	0.352594853903184	0.835749837697468	0.969097007071691	0.841497196135396	0.291613353495405	0.784747167725891	0.943423966649917	0.901405496119153	0.793527880160958	0.902533625273694	0.902219940972668	0.993910420579364	0.801310694072088	0.801342787224697	0.83593900791353	0.741513917175832	0.712279545079941	0.914926147377618	0.842424871542015	0.679447168970129	0.822228328067042	0.845436507936508	0.842330762639246	0.841141062549071	0.585843164469119	0.891929386466896	0.983411791078234	0.61753478635636	0.810087955483755	0.820883848259679	0.836396093667962	0.929429097605893	0.876474614486452	0.871849777631362	0.98014116521115	0.609263764981527	0.905427059712774	0.997478215837705	0.953444715599775	0.830942225668864
"SRR5928414"	0.442759644764271	0.969852539595849	0.729956731992873	0.867239591050526	0.88184392014519	0.912856567104026	0.768968057322708	0.395075140322289	0.368725713520032	0.977971237554711	0.422496570644719	0.629882773693622	0.590937597993101	0.697892459331677	0.607323207705356	0.955738278516445	0.613517517866481	0.495689326314183	0.83870251055321	0.933368136301077	0.53772510567662	0.964664310954064	0.723628333616443	0.42716443734611	0.492835283013471	0.894515437733153	0.709984607838162	0.832249909714698	0.995184275184275	0.621805679526596	0.575571969014592	0.73955773955774	0.96399659312135	0.958817268983388	0.678887164868473	0.554062893081761	0.63916532905297	0.357359593439937	0.900889248181083	0.903648519579752	0.930096533358695	0.921125811072723	0.983288541412167	0.514890282131661	0.959599603210389	0.562380613506124	0.728724097484687	0.731324492194057	0.872193912684203	0.781686121919585	0.863373427600771	0.879222582137899	0.588002451183358	0.485193506854157	0.899110053749229	0.844629910639015	0.444276653578979	0.942662503548112	0.649527245999131	0.477720555306762	0.379782112997213	0.393113558621208	0.83067758312058	0.746762338116906	0.65447409733124	0.791682563906906	0.668609553136112	0.588077867800711	0.463890077497266	0.777502593794973	0.871862189673437	0.872885120129215	0.561139325922506	0.803491185620463	0.652581825935534	0.920511000709723	0.712697317696709	0.499038629610208	0.996458435809149	0.972081731741857	0.919145113244125	0.475246782456579	0.617207415116823	0.580032645302589	0.783086971467858	0.818602298186023	0.902161442797485	0.954073726226814	0.60878875672563	0.661412709527144	0.37242249964932	0.733564388606087	0.580683547806836	0.672838906483766	0.830712050078247	0.521923051097831	0.698691926026161	0.965795903025747	0.933024214322514	0.489959986784626	0.830980392156863	0.945826741454528	0.933348869727336	0.432015718139132	0.991169544740973	0.703786031837086	0.480853178124002	0.322121981839946	0.509610951875088	0.307313988618	0.404946721197452	0.404486873508353	0.239679533867444	0.520161408228311	0.609166983643971	0.703478935854915	0.830548759175114	0.986978019288197	0.371855760773967	0.697181362478429	0.416090991556765	0.675337311883757	0.349828722002635	0.45021542040018	0.892390898918314	0.496647457504259	0.380033034577997	0.290810585538654	0.704255921487213	0.646450475007015	0.462442970697521	0.736808913180576	0.343834800450063	0.547925901252915	0.927165532879819	0.347416454167226	0.176202966504956	0.928629128058921	0.887515106442317	0.934551998484561	0.969239726359711	0.462525223407322	0.899882320992125	0.590455210561014	0.957652408696888	0.94696788398028	0.586643520882263	0.991825997087424	0.433039986927799	0.724842198367708	0.555243478566162	0.874390410646734	0.743911645463442	0.943311309010821	0.835288966725044	0.829029786850525	0.952500308172741	0.97110971544519	0.580434275040859	0.757050168409856	0.446063004898939	0.852466367713004	0.459524977634123	0.894125347733595	0.543859649122807	0.714966034035997	0.984258127597164	0.79956630809133	0.861151662611517	0	0.452175697865353	0.607188028712692	0.993101592504709	0.423349664775658	0.456647753412053	0.892612444651596	0.907891949152542	0.854042056953692	0.874445554445554	0.887612903225806	0.409880225119053	0.918763533188979	0.98452729436742	0.991658079395456	0.708312522297538	0.579038584329107	0.92076008550247	0.864931059506531	0.505025268298223	0.944404846756949	0.971385615209273	0.937838188822995	0.500455189911201	0.73195219123506	0.484888992212019	0.661023290618277	0.827937623544915	0.96697247706422	0.562294434942771	0.745481689898221	0.962599661754047	0.640623283004769	0.531546202346653	0.729775304582438	0.861225815431726	0.404214028278348	0.373356347089283	0.924676678194135	0.669240762124711	0.603700581458185	0.437922176767196	0.511123739167495	0.984529995276334	0.885896496746671	0.354134338284194	0.472547621472955	0.825795502757743	0.802619634288679	0.72230289761176	0.991073618127422	0.760655328703896	0.369382065500444	0.929664480562684	0.289300623320181	0.989977202242806	0.4802404023059	0.475728638217448	0.975130728373204	0.549528214616096	0.56696528783952	0.834374637477006	0.969607151258527	0.926491510955136
"SRR5928415"	0.344039217343532	0.853870507169905	0.764936978228843	0.894245524296675	0.981014968966776	0.989612756264237	0.967909238249595	0.592560514199754	0.380484610347086	0.984737678855326	0.473055517849871	0.514374683177638	0.62658943204295	0.660785178650198	0.82370480805069	0.875738616614529	0.482455124493341	0.806901483997854	0.745268633958203	0.86165723108595	0.765901169258151	0.962807696442008	0.751640419947507	0.169857738795593	0.24276697589698	0.859846842941771	0.950088977284623	0.845127825120415	0.989103847009117	0.509447943682846	0.992000290898513	0.672908272102394	0.962894695328003	0.903851779619698	0.635080553664624	0.433612735084877	0.434385137127691	0.71649788730732	0.897041243275553	0.982050070854983	0.926806575002585	0.862013249313298	0.962454715116917	0.483053788316946	0.823507669562003	0.380434074170632	0.901737691352917	0.743425272610648	0.76695118442505	0.753769213797161	0.900633032802609	0.747025551004486	0.819105317912	0.367333215360113	0.977958032093105	0.847671410090556	0.592718580490944	0.964833367409528	0.496850605652759	0.340144428032168	0.21295746785361	0.572855436081243	0.786629109634259	0.728203873313291	0.837864627584254	0.887303083344554	0.447340325315581	0.516738898310408	0.417909475740801	0.870971224963559	0.836214389183969	0.862182116488925	0.608923884514436	0.837970817780794	0.850682237978907	0.846610082830555	0.562881011515015	0.109513594991014	0.99197682193002	0.871380177029833	0.849075870519759	0.438849924979936	0.717114723066562	0.517425694463191	0.507720711648204	0.706704252972178	0.929659798754193	0.932588791628936	0.81413547438652	0.735223376490456	0.340359833669562	0.674969497888315	0.313370192501715	0.93812171224851	0.808877250121033	0.810200759631036	0.500268590284706	0.961724415793715	0.84392196098049	0.317091595845137	0.957579185520362	0.935178364726928	0.942964649965343	0.383387779146361	0.988037217545414	0.461538461538462	0.256524582367279	0.264031447914392	0.536110029843	0.638450061435843	0.754097693903282	0.178534057501619	0.592494231355305	0.594449065359191	0.79675118858954	0.552808194984105	0.891039758896488	0.99184213427406	0.528718790294221	0.479279001694654	0.101467699063908	0.758163894023413	0.39527713017974	0.40484193828606	0.820253666270313	0.353741915614413	0.355933528836755	0.512037997488672	0.787233536070081	0.70627621219925	0.438233972919207	0.438249255772789	0.25469197327961	0.411556390705742	0.881989900878998	0.309780300397699	0.493081166272656	0.88770770977397	0.770427249458555	0.848770491803279	0.964559697460832	0.124298609416931	0.752281616688396	0.64835251303236	0.908969759097899	0.96078431372549	0.305443044998058	0.978249924478904	0.487787059683004	0.718132721757787	0.289426052431833	0.858478979688238	0.732741715691162	0.892969569779643	0.796412399860676	0.662944162436548	0.913565981049226	0.943058974633415	0.484032910333287	0.862141298228567	0.142651666923512	0.818713450292398	0.317793517922301	0.862927872860636	0.313671582104474	0.440297639809325	0.964611495768766	0.649099728685357	0.771797955502105	0.452175697865353	0	0.683137128203057	0.997764454831826	0.397905226764287	0.22386935855805	0.879592038815724	0.990867152920641	0.905299796414264	0.950545028897505	0.987560224310876	0.823638409105949	0.833182112767336	0.951040969735133	0.986257342347335	0.827845382963493	0.575640078778927	0.968674867533438	0.875794986906098	0.347188468951647	0.85611251352326	0.939976249595164	0.888974031502767	0.678772304983019	0.688300349243306	0.302480916030534	0.848821120993929	0.9975419909873	0.940618118308148	0.418941621167577	0.693405368321756	0.922475639790127	0.985415141309123	0.547808001751409	0.905054589567327	0.966816287271561	0.357449219066116	0.209517772685163	0.867938070337332	0.328808999755441	0.553613888331853	0.609650719677662	0.348882083980033	0.993338070705276	0.860940005062864	0.447921720847485	0.359558612783032	0.884067463566399	0.704169143245309	0.784283789851819	0.988486660024355	0.57803513747735	0.244444444444444	0.913689861655998	0.319078668811923	0.971216665504173	0.392158862933116	0.462087607429997	0.993349315598175	0.249856404365307	0.587696230775361	0.959824436051853	0.871098090716234	0.89311408016444
"SRR5928416"	0.506454529018261	0.991414691347684	0.901926364983472	0.97149322223867	0.774555323778122	0.988785134437614	0.769762944354726	0.509911150540909	0.429920494392945	0.996348765882868	0.328151844882598	0.84679690249912	0.864201034866712	0.856925014917457	0.490009685111786	0.986235662148071	0.511716802393219	0.937764208548614	0.937003458267128	0.969102074367777	0.870346740638003	0.984713064713065	0.855744884691713	0.612275300427053	0.669526188149274	0.988304864912396	0.990933360197451	0.955516810781519	0.997244162299156	0.807241788682232	0.908635964022452	0.890709642470206	0.892647411138445	0.986110448188631	0.271497814229301	0.416865142152862	0.827077481143969	0.74222402378057	0.962825609024894	0.954891748805578	0.975750242013553	0.964792731402612	0.991608597507115	0.425219321424797	0.987849961148132	0.77390934241328	0.989996665555185	0.920125116163104	0.941531587203499	0.918118318859299	0.971905972951774	0.937185270041288	0.894508491384653	0.660478782010617	0.960408476587034	0.939793252300352	0.76644632122994	0.990006999927587	0.849548006849588	0.589496420857209	0.630285152409046	0.511381416928582	0.944047969393761	0.380884322353391	0.948176793165978	0.971957592309843	0.823207904141266	0.843087790110999	0.358275734881409	0.991588598764202	0.955525927336794	0.990234375	0.233209320540435	0.946909174628756	0.95729919471402	0.95997682614783	0.900965861040637	0.713514397905759	0.998227517786367	0.991791627460009	0.964527027027027	0.435346400026531	0.365431699542662	0.390886591934779	0.888896540642288	0.903346189930157	0.979278551399648	0.983888808733708	0.910495373177612	0.105926664451091	0.490060068649886	0.35637408445397	0.736575337610321	0.989994146994063	0.553304877949254	0.917726700880644	0.858767178477103	0.989897775105231	0.968253205897892	0.768029958764622	0.982704024808368	0.977837181044957	0.987160446509845	0.770985691573927	0.996017209588199	0.8352115891497	0.705125030948255	0.728319460232481	0.278304978484512	0.671186045608174	0.906320019916776	0.666872921339624	0.815914750256335	0.712754633877776	0.904512046914485	0.874406267349331	0.972188707797387	0.997249373741343	0.442733119459944	0.844585359295525	0.658121054889384	0.910725113940888	0.602445012963376	0.400867111692244	0.944751910683054	0.772273505701516	0.522316591520744	0.72862143202355	0.307131000138332	0.900039789557452	0.422953847133555	0.859787639531718	0.607436298481459	0.667127444369521	0.968682836966534	0.575504813540472	0.51786277851417	0.973872653377202	0.948570745126181	0.967783225058565	0.984939611754926	0.698103782028599	0.959608352011325	0.255304187580321	0.975170281628907	0.986111111111111	0.761787799476545	0.990716244167589	0.304261048629812	0.898281817376672	0.76503875015377	0.951648039401402	0.399636248788404	0.971586079607548	0.915003129999304	0.910691587025093	0.98099847629291	0.984581605269578	0.837352410358999	0.657578913436981	0.671753335681027	0.943603108637975	0.524116340868552	0.991192578517939	0.752701937000273	0.839423529652603	0.992097383792274	0.899748915772655	0.930680073858201	0.607188028712692	0.683137128203057	0	0.992708844204676	0.658228588132125	0.554786751361162	0.957983998466919	0.724165283735688	0.968767333703119	0.980404272221732	0.6786525865526	0.867397242560895	0.967160184378784	0.993403261989935	0.995820014752889	0.907401343793794	0.7415774129679	0.824998439158394	0.933158553579442	0.463368940608506	0.977584875640516	0.984747005622097	0.990366887905605	0.385218108504399	0.877112202859598	0.537685318903899	0.555942331679865	0.598821044955257	0.988798643341664	0.759936877404083	0.3877845962291	0.983555360366955	0.900322227626459	0.539016556922671	0.855221303280923	0.99316451179779	0.468675147708522	0.612853746452949	0.967342995169082	0.815261546153365	0.492051567148481	0.387035664278066	0.462891540208341	0.99538430293743	0.963170720492896	0.692793415988223	0.526855722896624	0.962837144615946	0.902266028002948	0.849289798930087	0.995771878072763	0.883942264321155	0.629373535857326	0.965693271719933	0.618420338369673	0.995257884404559	0.545106132075472	0.403368428011834	0.98156041096505	0.756023332487953	0.2272058186856	0.709147732910011	0.987917007654166	0.96708316214322
"SRR5928417"	0.994449164542622	0.927078829802565	0.990697674418605	0.994136401949646	0.405459329728479	0.987003801609053	0.757005007129356	0.996649916247906	0.988512471414136	0.99430794042311	0.997908305971057	0.991436203645506	0.990156183389528	0.991841261040041	0.997569724601192	0.974260418916001	0.987788771732306	0.979804099767747	0.988857694332339	0.995974159722872	0.994740882917466	0.990167064439141	0.995301816351357	0.997495468775746	0.996993248993022	0.92836125387422	0.974348616441123	0.988860669250991	0.996802480499976	0.989521938441388	0.942372534995402	0.991524028966425	0.987868126166624	0.994794995890786	0.972755173465908	0.982917509552709	0.990718337233747	0.995704499166821	0.991770204945867	0.990402780926472	0.989774859287054	0.996420395421436	0.996820196569667	0.994505375646267	0.955138190395656	0.992367543534643	0.944421134170351	0.984659397155769	0.991573797227507	0.991967251100641	0.991573415484982	0.996255878726999	0.996604582165815	0.992732193874994	0.988951237548393	0.991255465334166	0.993832519984432	0.988893555462224	0.972801270597578	0.99350342874594	0.989518938086422	0.985494513711049	0.993598696461825	0.995004284116818	0.992006518955415	0.991170144522848	0.995865070729053	0.992745211839814	0.994145005548079	0.992973152137885	0.990000909008272	0.972222222222222	0.995972087271442	0.953147002346917	0.991909954273655	0.988798655838701	0.990214165396647	0.99702380952381	0.998642160903933	0.910714881966009	0.991324626865672	0.984022229940952	0.995014116657656	0.996960361470528	0.993379450833935	0.842159842660468	0.991576849923014	0.994718799221718	0.993340732519423	0.9966130638964	0.996159839715049	0.998767752071717	0.998188107395816	0.975771861354766	0.998810115964928	0.993150912657512	0.991895615528001	0.989895712630359	0.988171148692357	0.992081941014093	0.984878445969524	0.989692671394799	0.990526993470063	0.990963060686016	0.993325272067715	0.996948515062272	0.991709990164395	0.9944415494181	0.993025387589175	0.995561225381403	0.980018766904013	0.991991423886997	0.994048994684539	0.993563351696144	0.993529947548604	0.987916040931792	0.99314902598526	0.992663384496573	0.985492997749667	0.989686954403346	0.997236901184679	0.99196735533207	0.99461311158181	0.98777672856993	0.991259947559685	0.99261172082347	0.993176078663156	0.950208156417638	0.997344873724703	0.988271653855298	0.9946277999673	0.997258680843994	0.997181159657806	0.564496439471007	0.992032585828745	0.994726468864859	0.994143687171447	0.991282339707537	0.99202017885806	0.995048348670995	0.990144483781456	0.993367328745141	0.990976100067009	0.995358663295029	0.977291841883936	0.990370090634441	0.997101449275362	0.919176939475392	0.995038256434037	0.896836750914004	0.961840550496976	0.965275278877294	0.997744392308656	0.991028002077726	0.960831784185725	0.991726714705097	0.989686535650479	0.993711291090996	0.989995767440071	0.708667100682159	0.99447194189111	0.989996016112611	0.99313147501574	0.898847786537295	0.992549998191747	0.988214496169711	0.996818663838812	0.991348173036539	0.99222476053064	0.993101592504709	0.997764454831826	0.992708844204676	0	0.996295704933738	0.991974708171206	0.989791225972593	0.459075859703737	0.994790503832701	0.981355664401959	0.341542116838709	0.995079892044233	0.990619344831407	0.688945809653406	0.994581519109821	0.993150077194726	0.994155358720522	0.85042448455447	0.99077845919692	0.99419930729592	0.991820220766085	0.995217599234816	0.991963064295486	0.95194365192582	0.987475877279351	0.922312192029508	0.998032097173684	0.620654285153096	0.995164410058027	0.993288809252321	0.989678636779506	0.993138282664634	0.867444095038435	0.9957251654942	0.991420956188572	0.524201472781291	0.993014493550782	0.990732678193805	0.995981308411215	0.995857586687141	0.994844696481505	0.995496347878742	0.998140111593304	0.996077627842988	0.990722614690612	0.994337392451689	0.99357921079906	0.978961485268849	0.994193989071038	0.994850395098997	0.994197292069632	0.992358258011504	0.987489372039354	0.990343599118736	0.990585566425634	0.579702873992772	0.997369446609509	0.99525961039923	0.931076572544552	0.995094450139113	0.995780419523674	0.997163214144346	0.984683932052353	0.990363474762595
"SRR5928418"	0.556786485955608	0.945254455058377	0.705353319057816	0.891922900413033	0.819932221678947	0.988720921124775	0.665156142251995	0.663995094818903	0.345176750387373	0.983967221875835	0.444209852847089	0.526056022049869	0.617256082267369	0.53813173963882	0.769604575655278	0.781052631578947	0.638995926456017	0.875659508687032	0.788578935167298	0.877987312070913	0.692460646230323	0.956737269040108	0.534610983981693	0.448901903367496	0.395645497854246	0.988742484329026	0.986883790382792	0.860025421035907	0.99091414796959	0.350157118685037	0.827672140101731	0.570766142985674	0.96821050715946	0.949198970698099	0.735641707731891	0.503942224872457	0.498437092992967	0.581066696863322	0.796520822351081	0.882848714707122	0.925686873092019	0.615949188426253	0.968626731492524	0.509072913229957	0.990803868717298	0.379165450831631	0.993279060961757	0.7149467190129	0.80112938865701	0.753122196922652	0.915207071533803	0.783330566163042	0.758811374594116	0.402469464505608	0.8818334094716	0.762005649717514	0.475494776182791	0.967340590979782	0.455393528747484	0.412398715792692	0.466018535344358	0.718253058979882	0.875413046138783	0.806589383770592	0.793164111585826	0.881172654091073	0.392718035563082	0.414554282165641	0.514368346563288	0.797784888013783	0.828599654235614	0.994737188342872	0.673326203208556	0.807952871870398	0.893512786002692	0.868291418200674	0.672657338019763	0.311800850795652	0.993312279398105	0.95411565641485	0.872421234354769	0.526386653968671	0.799763805897802	0.628118964851294	0.638313393638751	0.629817780231916	0.939968921239879	0.940329042707357	0.85919533983959	0.712124472399239	0.244047390820904	0.794868069805873	0.422528320349253	0.935183638402978	0.877465579006431	0.694688952625853	0.509680901302031	0.96877133105802	0.893441927547298	0.385868642869265	0.880020080321285	0.9311199645861	0.970061390967959	0.31101881260689	0.987615526802218	0.354430379746835	0.197227744049858	0.447077409162717	0.557517296104347	0.606612058773856	0.796959702793889	0.343213942637574	0.599854610072291	0.416034097828293	0.605986171761281	0.690169347108318	0.819594665546571	0.990426217435331	0.602572669562312	0.53837823202924	0.407058330715258	0.75851043821704	0.35003170577045	0.479076019668188	0.814540558734433	0.357297387252455	0.337888698067015	0.657627647946703	0.749909683133471	0.717220308132354	0.596941561987985	0.559805920821321	0.173428875762564	0.617105039877821	0.895883389396124	0.54671192806327	0.414386729122535	0.905234735650205	0.802510460251046	0.88036703601108	0.95745451253734	0.379700901693424	0.793455706304868	0.657970243411177	0.92915908894085	0.965398534733869	0.206964420893263	1	0.478046581517656	0.709060030047684	0.286537343411385	0.866203441867981	0.747313042636284	0.909556615438968	0.74570653811389	0.710778490536153	0.949908617071685	0.952222721149529	0.538862030494608	0.909144156822175	0.262994496448563	0.742462311557789	0.534101327380715	0.998790322580645	0.279838165879973	0.413709592502896	0.970434303553393	0.546399140093157	0.796237413884473	0.423349664775658	0.397905226764287	0.658228588132125	0.996295704933738	0	0.50410138448852	0.867630981414515	0.863302807932561	0.886949879546389	0.944893603259815	0.805133877488748	0.657899668894859	0.916966670537684	0.919673065957042	0.986870087840962	0.769571576049553	0.464302379841344	0.922434101983655	0.776193527715476	0.556551562865383	0.896460726482459	0.949706015377657	0.704365812218364	0.732142546264863	0.617276004119464	0.516741790083709	0.838222090580079	0.8276149696936	0.964440879620346	0.236276391554703	0.744612875850708	0.932979965861109	0.827420207585497	0.503104293838368	0.56021756021756	0.978655672685523	0.447596770542519	0.268911707995157	0.862278042442616	0.378664315627066	0.689964304204474	0.525807727198716	0.559829893488354	0.989879874938292	0.87891226269882	0.411325591916755	0.412267708052788	0.91360845351992	0.58523104134424	0.61672869846862	0.985773672055427	0.543251639627201	0.398275339082203	0.890573270604635	0.379693034238489	0.951716127269	0.396365501105734	0.631688854085095	0.972695782109624	0.301185499112307	0.713380156697685	0.831774228489277	0.984774612950133	0.890643985419198
"SRR5928419"	0.129752922029886	0.94723334359922	0.789493938810852	0.925524641035081	0.98167246928989	0.96027320880959	0.98848421148837	0.481956526340297	0.202781944633847	0.988288569643972	0.292408879144971	0.612385054126411	0.676650122653888	0.759764359351988	0.749056504043554	0.930918621060413	0.360430459209242	0.85544706107601	0.79369232888032	0.908160146699266	0.783918222059964	0.949510886715052	0.817282364278831	0.115581532327489	0.293180133432172	0.917978507115887	0.969885408111385	0.854329875079399	0.990943640333145	0.584658223300099	0.978622789402086	0.746600124766064	0.94997701680144	0.929850308189023	0.506481461964884	0.265212327257846	0.527070909842357	0.73758089907294	0.919794712657397	0.964160070360598	0.921508508355051	0.917973462002413	0.97260054478449	0.353937765130556	0.901655512504403	0.483436631758923	0.938790787793386	0.799305774692332	0.812173913043478	0.811430627801224	0.901732009565911	0.806854039773978	0.849874036185968	0.414948779562413	0.95406048250085	0.882218410520297	0.635531499980101	0.959255036107944	0.618826316748679	0.166408361867003	0.183232314669605	0.45700196802512	0.845021844102092	0.615449368655608	0.871063610904727	0.914851593789433	0.567786069651741	0.606820773297398	0.280051638646833	0.93542199488491	0.87995337995338	0.921344297461566	0.491465105211976	0.875338038387969	0.908315141893233	0.873935523114355	0.673349339735894	0.291339346329163	0.994168623957237	0.952572087658593	0.887133525748139	0.259552947052947	0.594985766711253	0.399544734758511	0.631107332068808	0.81514397440455	0.92728852838934	0.949669471153846	0.837480036984114	0.623524098328924	0.434531125732051	0.575413077248976	0.443236714975845	0.964630668751725	0.744019011850579	0.841122781268633	0.607900512070227	0.961807382903541	0.882854578096948	0.417488835808495	0.96437746189416	0.922491456974216	0.92562351543943	0.479633493604282	0.986936537376018	0.620071324526596	0.39843517876597	0.398126998629511	0.413524863987783	0.653516925779893	0.78447782546495	0.300059721866735	0.644901677928783	0.684848947207812	0.827286229577764	0.652045778279876	0.929509865709992	0.990999678559949	0.368429474357949	0.566615713848976	0.190676531747183	0.794564313536697	0.438448960523242	0.216147403685092	0.859636093575938	0.468890248878009	0.465593477960481	0.516334641437748	0.719418697791509	0.746639943409573	0.290077882972871	0.567649664599418	0.365774679559253	0.339109708174966	0.905736830880785	0.161929488931402	0.326172431477577	0.907977338845506	0.846278915083881	0.891723140181223	0.958346531517263	0.256613890434519	0.822266317057615	0.546450708382527	0.924588665447898	0.94004647560031	0.441858291269396	0.968430547203848	0.306805141152169	0.765304914150385	0.408780487804878	0.865596790371113	0.632712795253907	0.90870340230954	0.830382984451774	0.732967342342342	0.920264155558273	0.954545454545455	0.570872142252329	0.81530644458141	0.325394045534151	0.86547461060278	0.114594270286486	0.922604945021566	0.434897042885896	0.57958687727825	0.974182168056446	0.744335736354274	0.813155843377106	0.456647753412053	0.22386935855805	0.554786751361162	0.991974708171206	0.50410138448852	0	0.878859857482185	0.99579489761168	0.92494623655914	0.958572937448656	0.994446192865209	0.869861586545617	0.86597883316492	0.978557325017069	0.986285898676993	0.840339455456871	0.615043630990549	0.969293989203615	0.902168503377177	0.139469143507471	0.908192188040097	0.952674897119342	0.91824315385633	0.584121175155027	0.750890927148449	0.117408906882591	0.780236822419676	0.986044157988654	0.95236368032886	0.509834530128005	0.607445118194494	0.952485840151038	0.97499866730636	0.395315044469498	0.910916253653577	0.980211941862992	0.150140634457222	0.243446947491835	0.921986896236477	0.509959957423083	0.384221525600836	0.576146459660774	0.148610906952815	0.990806906408127	0.886100893326327	0.513538516278242	0.216237813648713	0.880413164816835	0.794191419141914	0.804285170482354	0.986135740770595	0.671480144404332	0.203503933814584	0.914235393215407	0.271090363454485	0.986844901840148	0.26233908852419	0.269105464023085	0.975098135426889	0.404579350908518	0.426962457337884	0.97272623094847	0.887884267631103	0.903838815538426
"SRR5928420"	0.877124512149062	0.99807969275084	0.47849583427156	0.858832506676841	0.967070081621165	0.756722951844903	0.962172738283798	0.94653295287697	0.911780882191178	0.909529553679131	0.926605504587156	0.615716180371353	0.641323091393635	0.607210300429185	0.972173287794356	0.946395068346288	0.9528453461869	0.902714483851793	0.384934756820878	0.436532507739938	0.93928265393561	0.521625163826999	0.643488108720272	0.887739218020328	0.92065698041693	0.855564715581204	0.978043413023907	0.337528983106989	0.924404272801972	0.79273119827276	0.935307239910769	0.531147540983607	0.997303723519843	0.817594834543987	0.963574242966963	0.939467429790949	0.66649386556074	0.932863008153588	0.673622257891921	0.889804032945186	0.318565400843882	0.700065203216692	0.743243243243243	0.914636421296124	0.717569786535304	0.695215437483479	0.92611817631283	0.50926517571885	0.400754716981132	0.898233506720915	0.38391845979615	0.495357287040775	0.944527954225864	0.922355698798711	0.735764375876578	0.496841646700065	0.835014666952851	0.673815461346633	0.819040563067235	0.88261524555589	0.839588523667926	0.942241657617468	0.868576017130621	0.973015070294326	0.647077359382385	0.759502614102021	0.850724281856126	0.761296660117878	0.899533423450922	0.926484273217942	0.13188518231187	0.860795454545455	0.93754874801646	0.425579655946148	0.829669109482567	0.320679320679321	0.643920145190563	0.846494932432432	0.976608187134503	0.998479809976247	0.3125	0.889186859496217	0.9580188279196	0.945055696029522	0.6844648465813	0.800960074932678	0.528216704288939	0.690101757631822	0.945112245458038	0.967313062974472	0.90249515503876	0.972965844652512	0.927420303493707	0.972907775097421	0.985175737302514	0.783535154416596	0.626570232204035	0.816829381682938	0.528403967538323	0.759003453379378	0.846081356997016	0.35225955967555	0.569336778639104	0.801395007342144	0.875299760191847	0.820299120904213	0.824192835028748	0.871940732901177	0.925092658820469	0.93946929812958	0.883164782867341	0.813862674910511	0.849394418114797	0.848134873224479	0.81425694724124	0.786947551308503	0.87886461960536	0.913446676970634	0.925456408699283	0.643035542747358	0.870920348410116	0.831780494059321	0.877451240899187	0.913475935828877	0.275161987041037	0.729486876330102	0.871446229913473	0.930831340749212	0.969989506820567	0.603715170278638	0.916028902475523	0.738607050730868	0.858006314839874	0.917470848411741	0.574905725059993	0.891844167310451	0.904459662602305	0.383891213389121	0.460730785384292	0.413010590015129	0.645466847090663	0.794175658429052	0.485309017223911	0.946304983975103	0.608695652173913	0.361363636363636	0.845403084130392	0.924791086350975	0.903315616299671	0.598606271777003	0.790374331550802	0.250712250712251	0.971067045823234	0.385054192812322	0.549500944159698	0.555918901242642	0.837048424289008	0.711366538952746	0.697486671744098	0.983723296032553	0.86398631308811	0.2731291443006	0.87524165485243	0.861043118056863	0.739151574085329	0.830663129973475	0.75642965204236	0.613771089831281	0.765514745793378	0.892612444651596	0.879592038815724	0.957983998466919	0.989791225972593	0.867630981414515	0.878859857482185	0	0.991913029599021	0.853691275167785	0.822471147318398	0.988989199150862	0.897259968812653	0.762707434992813	0.996514950860807	0.913322632423756	0.945676605194032	0.906064161171568	0.98076954930184	0.63156089193825	0.912735409285848	0.766515837104072	0.682368775235532	0.798387096774194	0.959099264705882	0.615887380593263	0.919366450683945	0.976764024860869	0.956585975679054	0.912091988130564	0.797001153402538	0.97530082330589	0.702944942381562	0.943188713592233	0.919833130540588	0.733217088055798	0.986791693376467	0.868926019956309	0.8751178133836	0.401821862348178	0.851730970975638	0.928639882049392	0.930524804021303	0.924293363217532	0.984123753307551	0.516936671575847	0.863992922441758	0.890936180779737	0.573585756141537	0.594	0.909395973154362	0.92515923566879	0.653783563873068	0.854456618300267	0.248821372446307	0.853418344801465	0.997904019426161	0.927237426035503	0.90730110536553	0.881645324020178	0.823112012164217	0.935386675594242	0.972772277227723	0.692742695570217	0.324116743471582
"SRR5928421"	0.998684793641263	0.953106719874353	0.973746282432571	0.968673298023511	0.127611818085486	0.99381799765992	0.704929164480385	0.966992746389832	0.900563345190804	0.999425730847226	0.900654733618459	0.975639382997487	0.985771954205546	0.925596927700785	0.867122391098829	0.944529033151083	0.970851685059633	0.982815509137678	0.988857356756098	0.992393264646537	0.964561164847073	0.996294364195643	0.934883720930233	0.999446034530514	0.957364618356106	0.972326625644437	0.980096328665752	0.997512437810945	0.998987012047321	0.943327043156748	0.906435918632859	0.954296377979472	0.983206199389454	0.997241037794245	0.974435025122291	0.952357997911143	0.998797032680612	0.904231198745643	0.960584528757206	0.968972458147184	0.992744947374064	0.944090273753111	0.999530660505082	0.924840480783499	0.984170898266503	0.969138907368045	0.975771059368524	0.971715452688904	0.992911928061359	0.959037587436379	0.996649857178122	0.999080329666443	0.951149395138022	0.923990180164469	0.974006593787958	0.963652482269504	0.944152141324476	0.994185839129659	0.945053420285833	0.957741296348712	0.991068743609791	0.982096258140643	0.992580677882595	0.996	0.972786863537046	0.983121258709234	0.959589140184212	0.95193621501712	0.940673783734642	0.953063523167364	0.982063096940487	0.990485284017622	0.955132279771168	0.963082856946071	0.973743875949327	0.997681345533023	0.982945866554763	0.970914585202323	0.998733306793095	0.945533364297879	0.992938784971737	0.951165490279798	0.997747681000504	0.960902905281348	0.992268572606694	0.864038590550426	0.994816917299861	0.999537588702936	0.99597803387733	0.740999513873664	0.783923941227312	0.999598244327712	0.958630588036641	0.956735610365861	0.999154346368063	0.948731419388733	0.976432508976888	0.997047104027323	0.989339587442034	0.998327248162386	0.964191157002912	0.996020863580147	0.995459946441556	0.95037022213328	0.998553763829633	0.933942442378709	0.940452233437386	0.964731220097423	0.921011989672612	0.887855960985805	0.9816860670194	0.953011739530117	0.972883607433184	0.857198651834922	0.939199759326113	0.995827670133072	0.945547826634352	0.998843909752705	0.956971596279162	0.986165007592374	0.998930716734283	0.98284775865215	0.894816278367773	0.948161891019034	0.988754877616176	0.969195336116309	0.809442967869418	0.950845372759943	0.783922336057711	0.98032699276875	0.972887133007979	0.99529948737163	0.910729086722947	0.770013926258433	0.998420553859113	0.981270865945392	0.89247945855178	0.992925665898494	0.989760124720972	0.993362831858407	0.994166681670057	0.998851381532768	0.97811524567741	0.926196678438681	0.987081348250451	0.99820868786386	0.94287135948749	0.970294740212384	0.901711434853609	0.942914472034111	0.943388788141607	0.983155451620277	0.969547819879394	0.996739403059945	0.960949941147961	0.998494476830699	0.997772866085137	0.995578005069116	0.991819231403596	0.64831180345198	0.93208121055433	0.965963097567794	0.993561645804291	0.959276475343573	0.957169459962756	0.949503858875413	0.999530575766877	0.953670595883732	0.998623976372667	0.907891949152542	0.990867152920641	0.724165283735688	0.459075859703737	0.863302807932561	0.99579489761168	0.991913029599021	0	0.96781272860278	0.982020447987725	0.184170346222094	0.897216050189518	0.996694643377945	0.770910139435256	0.997794290466634	0.965183752417795	0.923055442729488	0.736755696151844	0.958617058617059	0.997462724862445	0.985918438480307	0.996291695919065	0.948270811434873	0.941375555490156	0.959421641791045	0.951228657129672	0.957294487094596	0.44219631627352	0.998990867349513	0.933849638790254	0.965619114089853	0.993564276340626	0.855158952171372	0.919232162260051	0.904250421973301	0.506157960773955	0.95208585673643	0.922421665643667	0.986152995128567	0.956611966030266	0.998300387954923	0.64842776641101	0.99962924408573	0.998168711121446	0.990677514233131	0.937848493382146	0.931805929919137	0.992068647225736	0.952191509515198	0.922000677600291	0.997252399631243	0.967752327020566	0.958504136267444	0.991031550362668	0.933710983320459	0.490106567908699	0.915478816861963	0.99882891514958	0.968152113342002	0.983795212808884	0.999142193363913	0.731550386783244	0.99597771726556	0.990181727301939
"SRR5928422"	0.891215380222709	0.874294205052006	0.631100428466924	0.0561157724578554	0.929250956806998	0.529185683401393	0.883739991173318	0.903796240145543	0.916859716859717	0.999115826702034	0.95749282225288	0.667921146953405	0.733901103676023	0.662558203231991	0.867950729906405	0.831132181961847	0.945313724875357	0.71527887501975	0.816470588235294	0.923577696009057	0.719553486403555	0.94229035166817	0.84889447762758	0.999376908218581	0.916117950186086	0.718038059501474	0.752327333983509	0.754510862894317	0.994641449960599	0.816301403595174	0.862385321100917	0.701039168665068	0.996293165523935	0.92979226926111	0.978368460442771	0.967916100213634	0.907283554741182	0.70549428413154	0.336748952026083	0.710928512736237	0.867881548974943	0.868640148011101	1	0.875293601828944	0.798360455157225	0.71246258074681	0.809792053694493	0.644914995418915	0.888403188480329	0.532450600937054	0.735373537353735	0.99500328731098	0.890455858886445	0.890416308677654	0.717703899689405	0.457968926844326	0.432190526040304	0.886443291742605	0.750470928042195	0.80868204207522	0.883785783393091	0.898267901329048	0.449481865284974	0.997617433059033	0.636949891067538	0.736993035641131	0.938978454120838	0.766576250753466	0.86037561027761	0.748645583973794	0.783545289384895	0.706691449814126	0.891937885556265	0.625123098807309	0.428328852412622	0.9781206171108	0.625681519082534	0.867808219178082	0.99304347826087	0.891905704976682	0.922172452407615	0.863667820069204	0.955480761875621	0.924870616968076	0.85432178698608	0.781695808032775	0.682507063960956	1	0.921041235625271	0.978811591095866	0.909796672828096	0.982301584166239	0.921373700858563	0.693983236346164	0.989391964639882	0.572397186490083	0.832209593527259	0.960159362549801	0.85815409746801	0.82759141734663	0.303349282296651	0.926758097461336	0.712751677852349	0.793934098851722	0.994983539739771	0.797940519910708	0.864239345187694	0.80381309888373	0.886975422170206	0.892981107461504	0.703072294648555	0.796785304247991	0.78986220472441	0.7484401307319	0.689106766231545	0.776522284996861	0.149880178021226	0.994082840236686	0.901445591739476	0.830639698054776	0.997134474994883	0.370892018779343	0.54320317394028	0.942168876951486	0.910519951632406	0.695274547328132	0.804326965017884	0.770722377519494	0.937567594140203	0.660573935295193	0.860293859802925	0.900613496932515	0.93005612779868	0.953164961636829	0.999005593536358	0.826666666666667	0.855619755124501	0.895170454545455	0.932880543347982	0.914498664041626	0.937026945201332	0.959409325671056	0.774755841265917	0.916656290208774	0.89276667604841	0.880371660859466	0.841550669962274	0.950288382312552	0.915793854477353	0.698748619801251	0.807017543859649	0.824596774193548	0.980982181660148	0.960761517221334	0.810073571024335	0.980943073540191	0.935152922957801	0.933970720047804	0.773881809629693	0.970177924736262	0.833154953026519	0.73911995177818	0.941199263779909	0.696905833892135	0.75739423436915	0.854188139902426	1	0.862308177422745	0.992491787893008	0.854042056953692	0.905299796414264	0.968767333703119	0.994790503832701	0.886949879546389	0.92494623655914	0.853691275167785	0.96781272860278	0	0.181125226860254	0.959329096780915	0.543829108185544	0.884046631718958	0.964873673939671	0.989331659868215	0.911591962905719	0.622474620564881	0.948122725900504	0.736168096481412	0.984540698496489	0.56176714437996	0.965225279709707	0.733289357959543	0.924943396226415	0.761874718341595	0.964423972166414	0.962083478126569	0.930531324345757	0.96958174904943	0.824013659369474	0.969311484835418	0.958744394618834	0.889636779273559	0.778184285840734	0.81576780568135	0.841123436785907	0.904010876954453	0.884994400895857	0.888795045045045	0.873349383526665	0.974579949159898	0.696601815823606	1	0.826445865002265	0.502499456639861	0.484037494905583	0.864307485255116	0.52807109252483	0.785276073619632	0.605995578098582	0.985902255639098	0.830346475507766	0.833440652500537	0.906210032684383	0.797129095331203	0.979393808547132	0.895142002989537	0.911168771702217	0.376385917136744	0.924884792626728	0.935024858563346	0.728547997237569	0.809103448275862	0.888151391046462
"SRR5928423"	0.874486019736842	0.931104016131743	0.681937336162776	0.224700428583924	0.942301920768307	0.398049645390071	0.928126966370691	0.924370383442156	0.947958808385436	0.975516449885233	0.987173904437671	0.679441782961883	0.736455925218615	0.814582224587547	0.893811411825547	0.870976578550883	0.967230409125375	0.716390268541123	0.821377124747911	0.879811183732752	0.748717099817911	0.900706436420722	0.921603005635567	0.990890897798634	0.96	0.718526206538661	0.788098627117866	0.676430414326909	0.976603300605807	0.832493531254256	0.874645831544604	0.752899408284024	0.997851565362878	0.958333333333333	0.973208238215889	0.960391946086741	0.878807310035268	0.758307998742006	0.274708510406451	0.762721447418017	0.805708013172338	0.895728796964876	0.975112199102407	0.933230171533928	0.826455026455026	0.774604885057471	0.820609425606451	0.59588626739262	0.840836012861736	0.602122939052508	0.649461328187812	0.973540598643956	0.929132452695466	0.958083832335329	0.792852137351086	0.467957358166891	0.49450048441329	0.837847533632287	0.772132516703786	0.800545499628068	0.859863860613252	0.912653082910501	0.519498757696878	0.990378266201302	0.600080669557326	0.718230487461257	0.942301126664391	0.742701041488817	0.924612308040599	0.791561888795753	0.740728692257645	0.712671158443817	0.92770729552649	0.560216330299433	0.486641221374046	0.944723618090452	0.661453744493392	0.934672596227572	0.984896161107615	0.9418233416105	0.878625134264232	0.858825453950597	0.94871289470572	0.971311974661956	0.923466078609418	0.892989843943522	0.5834938985228	0.978715980460572	0.931563687262547	0.992171420170538	0.955781296683597	0.997228336186517	0.964806533151857	0.741365864527629	0.99755413777588	0.577585600787457	0.817769718948323	0.947561615102255	0.893572909467864	0.787806131186847	0.191305222904297	0.882175226586103	0.668024439918534	0.777962118069957	0.966397013067828	0.930894638656825	0.92436974789916	0.839148116438356	0.935970636215334	0.923227537528101	0.704612365063788	0.883116883116883	0.860249440358171	0.829577162481219	0.719111667187989	0.79356757179748	0.300068981375029	0.976973684210526	0.890229635324397	0.933675213675214	0.987479960302313	0.405069094243238	0.625318265064546	0.96281993713516	0.902463891248938	0.735949451280346	0.877386746536878	0.781293366638912	0.960205488034081	0.686061381074169	0.887087799992581	0.95475553393335	0.979665643125213	0.965993352083866	0.971327269924464	0.858749769500277	0.884584635511302	0.843122947829259	0.886741724079987	0.915721231766613	0.893423137876387	0.944211994421199	0.849333945796968	0.950158702925281	0.892934390771449	0.822514071294559	0.937608569774175	0.928022361984626	0.962751136530283	0.648335123523093	0.829256965944272	0.720915647538413	0.984276448621509	0.926357317302273	0.91150199257936	0.958056729028364	0.963528607248689	0.89018691588785	0.71682289097188	0.973665332929493	0.939580602883355	0.764880510613033	0.930008382229673	0.707465375520775	0.832669322709163	0.904578684109273	0.975061324611611	0.877828054298643	0.97779487743212	0.874445554445554	0.950545028897505	0.980404272221732	0.981355664401959	0.944893603259815	0.958572937448656	0.822471147318398	0.982020447987725	0.181125226860254	0	0.976441199905248	0.646511627906977	0.935667825002228	0.979790178284096	0.964700996677741	0.921179346618268	0.692813461062604	0.956867981595289	0.878180416345412	0.977109720738593	0.53202614379085	0.930379746835443	0.796232422393208	0.93627774969869	0.830344972213484	0.950023873945567	0.973480468060918	0.947408816364668	0.98259317116715	0.877771039687353	0.982291397094162	0.91153546375682	0.900594562094996	0.814318849543838	0.935033096347144	0.868448244136506	0.947237528648754	0.93767635872899	0.872701045798774	0.938266523993744	0.969315960912052	0.750540657439446	0.99378565607172	0.806324758315582	0.381475667189953	0.554202192448234	0.937819025522042	0.408267765705008	0.880845442536328	0.684156449071854	0.964359718193121	0.814989394296488	0.813912636140063	0.901806899069173	0.827005306269641	0.98816842877223	0.966193159273074	0.898576007140249	0.240715268225585	0.925667422788344	0.926854066985646	0.796641207735942	0.865073787772312	0.842476914720261
"SRR5928424"	0.998121599829881	0.940135442027948	0.965544836171253	0.960502396298132	0.227862261455137	0.992547379009213	0.627052537150435	0.905117298609118	0.87692202904967	0.99819918015307	0.878301947425927	0.968224660240033	0.981416759014577	0.903644597800302	0.817953060730704	0.926596801879122	0.964283591846437	0.97872655722589	0.985153812874286	0.988842595861874	0.941874598817279	0.994818283378099	0.91432384341637	0.998445575719893	0.924931263858093	0.964042051062004	0.976556194355109	0.996464971077036	0.997509697811408	0.84533787576702	0.885247805671241	0.94042927903137	0.974345618931378	0.995351323710573	0.969312059137406	0.928158006605409	0.998186998186998	0.886784416552422	0.948691280984573	0.959820959505747	0.990151033199029	0.871483630886457	0.99832843804475	0.901585793193562	0.978894241798578	0.960133857122072	0.969253800092123	0.962997347480106	0.990322954045607	0.949534705313365	0.995323424549706	0.997675607828553	0.890550305045787	0.836225685397309	0.965676717297665	0.952410492733073	0.930009904258831	0.992056404230317	0.874685935765343	0.914140707035352	0.988563448327923	0.978691468546463	0.990484600551461	0.994909979995555	0.964599505246097	0.978077359203729	0.947464623852457	0.931812113619093	0.92784901855761	0.86715018229319	0.976161213273659	0.987786127292808	0.947121941177984	0.951611455247329	0.966256987749995	0.996662514395845	0.977592009553794	0.962172861227183	0.998275118585597	0.931114157039358	0.99041375907521	0.940221726602308	0.997263678755886	0.952643566200169	0.989660728672455	0.826264107892271	0.99282457236766	0.998360924438617	0.99511580478807	0.702552767778009	0.732197626934469	0.999023743941982	0.873633725476567	0.948489962815077	0.998706046000065	0.934880268760498	0.969125963448984	0.995830991193554	0.984940252087085	0.99761576881179	0.954169508867667	0.994464289938729	0.993654792731005	0.937092980307537	0.997272466264714	0.890029206555249	0.92332977071528	0.955949194258304	0.905866513330435	0.86834984172368	0.977090053177578	0.940761209001268	0.966090747618279	0.822265379151607	0.842484894259819	0.994452707320014	0.930750469793291	0.997992303831354	0.946959277641572	0.981814207650273	0.997763310300755	0.978102748640992	0.870590613523803	0.93582580808507	0.984927671488567	0.960451400934637	0.765078929777351	0.941039163136509	0.744059596694781	0.974330766409974	0.966965933619045	0.992919884063101	0.886500096842921	0.718369980642279	0.996916846900741	0.976681950670735	0.869753306560402	0.99039027722166	0.985929273633695	0.990218209179834	0.992004378554601	0.998291432755675	0.971038477451386	0.914117914428908	0.981939185852362	0.997258007327739	0.87631667027623	0.961638445865243	0.880842321520288	0.925980339202765	0.927808397635034	0.977625539178373	0.91855135460825	0.995413494727883	0.948748079182862	0.99775244822604	0.99685239021618	0.993778347700126	0.989216726809595	0.727562070217992	0.913659423758017	0.955161054172767	0.99179494497262	0.947967550593161	0.944968424505864	0.918070842505503	0.9983280387895	0.93946273174423	0.997959715228338	0.887612903225806	0.987560224310876	0.6786525865526	0.341542116838709	0.805133877488748	0.994446192865209	0.988989199150862	0.184170346222094	0.959329096780915	0.976441199905248	0	0.871820923956183	0.995518486244243	0.701265762208982	0.996027852886985	0.942740603056588	0.841229468006864	0.714590398720325	0.94537505752416	0.996574495885864	0.981212950296398	0.99443268064048	0.909329858692966	0.892961760747368	0.947368421052632	0.938628546861565	0.953054750275154	0.329539003913836	0.997736029779916	0.833680716381041	0.912970913443062	0.99045289381813	0.825713986818705	0.841437022074737	0.875301885538298	0.580836988032409	0.940607494520024	0.9019088912664	0.980715411208579	0.943693510300464	0.997783524196527	0.582408371300715	0.998763403819316	0.996852615584979	0.987494116856048	0.92295652173913	0.878279499011206	0.989329064959317	0.93741160624088	0.841083221253381	0.99588526590273	0.957809990981281	0.94790298410819	0.987798558439723	0.916575036356542	0.584544153548278	0.866928285378838	0.998312345839283	0.958379833256745	0.97836364762475	0.998807072356742	0.687424314704048	0.994328169311177	0.98668172619888
"SRR5928426"	0.85320336582521	0.844596731681603	0.733593877218694	0.521046237404416	0.850196808129965	0.831911153038034	0.817733990147783	0.525827107790822	0.763633990340687	0.993113263853818	0.811546372028507	0.744523035748423	0.698588785752019	0.640511792816402	0.636026571914105	0.850423409071854	0.792645992407115	0.356900101709211	0.842604809533943	0.929558950183582	0.4287391806663	0.966280197699663	0.73583829162931	0.903813941502384	0.693711234111201	0.717886054681534	0.463725441266989	0.841327456572466	0.994751640112465	0.735971061813758	0.594549150500665	0.726672799264088	0.97767703547793	0.956373611787089	0.931366988088486	0.850515463917526	0.846082593593207	0.360361183717487	0.654411193159736	0.840971838763114	0.933784458876425	0.814107749555088	0.984059659752971	0.675574308485701	0.872841850828729	0.748347719310918	0.584874692254277	0.721814811830123	0.86923110701269	0.398786039453718	0.869313191638855	0.88353982300885	0.514380224543336	0.666855496170045	0.879179331306991	0.722586388281945	0.414193548387097	0.959146782357195	0.614630833414185	0.743450078980337	0.845912915310446	0.571444387039634	0.424473151395899	0.955346617211536	0.608160181337363	0.78875	0.806714068414164	0.657409700357307	0.756596060943887	0.542842333732871	0.875776397515528	0.690700834789361	0.77725813206757	0.801359078478495	0.462185450925195	0.926418079096045	0.705223735029064	0.797330630174016	0.996622889305816	0.830527277473245	0.922760738967433	0.78183148396537	0.835094446178311	0.776549434084513	0.820624845437309	0.664526932737929	0.868574689434178	0.969934933811981	0.589681936316543	0.888317434372754	0.721195577999181	0.880190792581643	0.70386531986532	0.34552109346703	0.923452484742807	0.383155705744736	0.794695984552942	0.976115650534255	0.918714471151694	0.787538521483476	0.614873537183843	0.948830610096572	0.896547115170417	0.631709597343564	0.993449985964256	0.633404888858112	0.773511159872459	0.534803212167646	0.698787366600499	0.539691309001761	0.339560826361249	0.764368347987043	0.350530935862948	0.524624172326579	0.518040445018133	0.643597436247102	0.438108108108108	0.994770509408414	0.638390359371638	0.813408085912824	0.898219344394982	0.407139714662812	0.485875706214689	0.83468562450094	0.897138782422676	0.725761869773626	0.631971730703304	0.432666394446713	0.818332762574847	0.658480163473031	0.735245449531164	0.840645812310797	0.747692899256601	0.896349234113796	0.944878472222222	0.66447901686495	0.48787184316217	0.931835715906512	0.894063277639531	0.926535782140595	0.97064950696727	0.877044047039176	0.84474094610986	0.790190088792517	0.945522827021402	0.945254306996299	0.741249300273305	0.983750056111685	0.790823427411075	0.75563546378997	0.743494045397482	0.881034407570538	0.912327633756205	0.945876759919547	0.835921107847251	0.864889349035848	0.947881707268923	0.962653879846927	0.75044964028777	0.81934302714502	0.697859365668123	0.828595963933018	0.882438764344435	0.767004796728788	0.757389770723104	0.614999323135238	0.984984844952203	0.767269166428659	0.880857699805068	0.409880225119053	0.823638409105949	0.867397242560895	0.995079892044233	0.657899668894859	0.869861586545617	0.897259968812653	0.897216050189518	0.543829108185544	0.646511627906977	0.871820923956183	0	0.885728686635945	0.871699069089988	0.993354859843699	0.72638036809816	0.54257169617769	0.90524529882373	0.847729837659519	0.908759527228543	0.816195921153682	0.969919940765422	0.802166784276286	0.611383189940437	0.766730548102721	0.895429636743687	0.784384987056353	0.870765262252794	0.969116206153243	0.733006306937631	0.844842960467651	0.966612866036431	0.672624809102837	0.685567010309278	0.747642750192222	0.709341528864017	0.806475984889369	0.753523055851469	0.926241006380379	0.680928158316494	0.919666476202569	0.516481464189	0.917755976233246	0.89748149847972	0.76038351861801	0.422352877717245	0.690496298872274	0.745765472312704	0.7646229739253	0.524556840287644	0.993638617334768	0.772754502975358	0.752311855133656	0.932098765432099	0.635190746301857	0.917473162003904	0.654795832834391	0.832532401339741	0.742928353839459	0.858861324290559	0.860620486868162	0.651334561640932	0.920071926275568	0.928247870991122
"SRR5928427"	0.91817881887166	0.322989094635146	0.790216946377405	0.871608306806124	0.979445463294173	0.941610974322898	0.989666334661355	0.926571400984841	0.933823842129886	0.857776505937902	0.948190363407594	0.824870192730793	0.82869342442357	0.715489422732162	0.978958277011805	0.7837122048113	0.919424191437652	0.880794701986755	0.658968171894749	0.852249277754849	0.953797984581788	0.893831121481698	0.853683562487174	0.921363524489294	0.878077595576769	0.821516321516321	0.950925660319071	0.780838323353293	0.988087965791081	0.884112604122332	0.577010576731191	0.817060033297424	0.994571453607	0.679344346267128	0.967807034403229	0.951133035301372	0.792768483540205	0.953202896009219	0.87036021210459	0.342277539804413	0.843641898436419	0.871123640757149	0.94867176947321	0.865500715752785	0.774355300859599	0.830037993331783	0.88656009473061	0.813684420506683	0.796767322390678	0.876596088572814	0.826315789473684	0.835553278688525	0.931854778109367	0.891820682707583	0.68660071942446	0.81173150574481	0.903252537808162	0.8159760087241	0.804823609647219	0.917723250934963	0.803195679081805	0.918485432950969	0.849963008631319	0.974984479421539	0.840041102928584	0.382011605415861	0.665355791348223	0.87012987012987	0.886852533257855	0.88679480002488	0.778480212416235	0.830885706467208	0.925338727888596	0.793406122885892	0.837204436074493	0.80635483431065	0.730283184208099	0.824359927041816	0.995710784313726	0.298940464177598	0.811351572070233	0.928737649258002	0.965825316696828	0.921785125877966	0.760718057022175	0.729382929642445	0.876079609463012	0.732817296143067	0.925878043525102	0.973369884472293	0.933891864670604	0.94908418422554	0.884744548426096	0.949502190362405	0.970668717067324	0.883133133133133	0.834671705243269	0.738839882384389	0.778513710425222	0.870228439616043	0.94528979312703	0.842425960039677	0.863844244087286	0.882911197387071	0.975995138255849	0.807948899929028	0.896486956521739	0.850946256540662	0.88683532378287	0.931323904474843	0.88510004064857	0.729330987913522	0.847683087267943	0.843604451635044	0.894736842105263	0.789683631361761	0.870340356564019	0.959849056603774	0.94481974872151	0.743925588458618	0.913728129205922	0.897827363476218	0.922643697200596	0.935416753360243	0.803295840962595	0.850025382551309	0.856111375329673	0.907569907569908	0.870002819629525	0.794347240915209	0.893454038997215	0.800661123910648	0.913499025341131	0.903278233638562	0.580989330746848	0.869782117426342	0.915024420232931	0.837360209857794	0.827800829875519	0.804484550177741	0.924511675723307	0.875555555555556	0.723106608779547	0.934406580007853	0.853878779586811	0.878719503596108	0.843358798228157	0.951636606546426	0.914867238351069	0.826935236202692	0.832164021524419	0.770487774910923	0.962409922394678	0.847826086956522	0.728479752157557	0.831922755989987	0.232463217845278	0.937074090184138	0.850706119704102	0.898681842119742	0.840079901298396	0.780183572605319	0.836059283418869	0.83161059951137	0.84791267148547	0.802114394144755	0.951600781602285	0.845013893176906	0.358629581875115	0.918763533188979	0.833182112767336	0.967160184378784	0.990619344831407	0.916966670537684	0.86597883316492	0.762707434992813	0.996694643377945	0.884046631718958	0.935667825002228	0.995518486244243	0.885728686635945	0	0.767427437360456	0.986011859510415	0.711770552321454	0.935174708818636	0.904502803842096	0.836284259034684	0.932866479925303	0.863058061531344	0.933401789643538	0.868588020217228	0.937559912035036	0.575323066029386	0.93847646773411	0.977360090174279	0.835728693898134	0.213466380677049	0.887483435730635	0.953848081777332	0.931814884665603	0.658664311177009	0.932250117315814	0.854622441778405	0.970556552962298	0.866445123046524	0.908653047666501	0.861502668673874	0.813371675053918	0.64412679831182	0.951797280210564	0.94072827560417	0.499252615844544	0.820095693779904	0.916180561787669	0.853216052776251	0.813063063063063	0.844604008144893	0.926031202558222	0.985425838773341	0.830584561335025	0.903710388024842	0.8353591160221	0.911770262610996	0.865224466353977	0.898824314801765	0.934040136312003	0.962613257033858	0.796566588520003	0.950058236981904	0.958357506607362	0.769757144773917	0.833333333333333
"SRR5928428"	0.997456055118806	0.707610446270209	0.992648361381754	0.959244164505372	0.723261958191928	0.993897579525013	0.844087693384125	0.856279941678817	0.970357039778612	0.976921443235718	0.997756769748438	0.977626147034288	0.994224807847467	0.948135097971812	0.953593634225702	0.885489313835771	0.856257965086986	0.949956491043722	0.96461862965231	0.989122535574466	0.941794400163499	0.996828026985442	0.989187752027296	0.997405112316034	0.79858176095068	0.841270519835841	0.884842702615634	0.995930312314235	0.997663105684853	0.887489148258898	0.650315172972884	0.960306147064629	0.963326636953912	0.946385165636503	0.969667064873007	0.92754662840746	0.984905173525997	0.982869663368966	0.959029486681345	0.838613094365696	0.992397043294615	0.875684024713151	0.996813393260565	0.822546725511685	0.931404807604424	0.982976079527804	0.830100615937871	0.970934073193288	0.989531693144873	0.828588532659306	0.994189263973437	0.996897860913048	0.841688525590191	0.784009020050003	0.95041098365098	0.973250937982785	0.99338160011701	0.973597977717442	0.818351223867849	0.912586802526433	0.956397426733381	0.879345384533105	0.890447873812047	0.995341304878319	0.970169549143756	0.847142020252741	0.879995907090965	0.931318175306469	0.954942499842896	0.767725638783639	0.984017368408897	0.872667256369873	0.965494223363286	0.958238318801699	0.943086978381096	0.994943938578217	0.951199463540202	0.941862086828316	0.998282278843401	0.634532823354929	0.989282789282789	0.947078781188617	0.996813945814321	0.885489747803101	0.968344553925721	0.784490458790093	0.992023422551122	0.965812364450456	0.901110722293505	0.997662862447442	0.956492110918908	0.914262848394168	0.775194469950278	0.848849465456586	0.939414985544231	0.950595655220743	0.968764274682966	0.95987870305575	0.971632857442299	0.996764085444529	0.959011171048719	0.996560254446931	0.987732627030041	0.93993993993994	0.996473671670241	0.847204818303084	0.962220927194904	0.904686856385551	0.89031436685927	0.968618660689269	0.962488484068904	0.915451510063949	0.97510328915598	0.842574168683338	0.892385290021455	0.848421727287294	0.925372539644593	0.994573108323614	0.94661974771121	0.97500217751067	0.996775991084222	0.977564958602007	0.979575382961569	0.986569952372137	0.992889343309941	0.97291416719198	0.921014406070031	0.91117626767851	0.872536529895091	0.981045709496486	0.944312722281151	0.975623195433206	0.997027256582503	0.705782397096428	0.945549546246219	0.943508777892966	0.945443580187731	0.989256644226033	0.985104408352668	0.985621282375533	0.99421759840747	0.997284040698853	0.953525641025641	0.949484942167898	0.976344942267607	0.996845500129476	0.869675267340332	0.9570825461246	0.988420644159876	0.937364127510278	0.912960115041243	0.980196200059733	0.930022767301001	0.994349218308533	0.959483185521992	0.996619229275647	0.839470417873397	0.992952583658508	0.989044920057525	0.745072596564808	0.911198458280066	0.968828327940573	0.961235485534435	0.87508146860743	0.965063539410779	0.821354499042757	0.996812635284603	0.947322913202527	0.875664922371665	0.98452729436742	0.951040969735133	0.993403261989935	0.688945809653406	0.919673065957042	0.978557325017069	0.996514950860807	0.770910139435256	0.964873673939671	0.979790178284096	0.701265762208982	0.871699069089988	0.767427437360456	0	0.996377933992613	0.276949231125879	0.910602402273908	0.553042455021212	0.978365494797635	0.996620194338826	0.970749875096516	0.993602653714015	0.895047776758341	0.816775970471041	0.917619843207814	0.937676345583771	0.994970794686285	0.675576613624173	0.823859816529678	0.89001731102135	0.850647144563657	0.988458172701686	0.483953672097426	0.911346497035289	0.986183150506544	0.775320506873968	0.976099625364229	0.936053581785186	0.986368427216302	0.87216519939957	0.73886129493434	0.957054800987308	0.997640055652419	0.572072559414332	0.986828299064586	0.988868467593716	0.842311105268347	0.984010984143857	0.961135087993918	0.907064373671756	0.996235854675402	0.957181987509587	0.946447341730134	0.996856526226893	0.943104667609618	0.29602232608184	0.805135442895864	0.997831645037056	0.96568787740065	0.9542901812347	0.997790023941407	0.95322665299596	0.967881235265283	0.99104799400075
"SRR5928429"	0.994328156650912	0.989250275633958	0.967904903417533	0.987034035656402	0.996506801463034	0.954759660697455	0.988402195298747	0.996459267296765	0.99006196656144	0.86254295532646	0.995246179966044	0.968926553672316	0.982651329436168	0.970098968203832	0.99793611674295	0.942749529190207	0.993615447502628	0.992046881540393	0.93815331010453	0.835266821345708	0.994620253164557	0.795555555555556	0.957472297094939	0.991467750126968	0.989291039718043	0.979555021046302	0.995631167763158	0.947503860010293	0.333333333333333	0.983067729083665	0.991848991848992	0.96267087276551	0.999640524326988	0.911554921540656	0.99517278587046	0.992221483035669	0.984292082360433	0.994986571172784	0.968660339880821	0.984579282601408	0.81219512195122	0.959716312056738	0.7109375	0.994480506860497	0.948197054342306	0.978120184899846	0.988552895163598	0.953025697706549	0.921219822109276	0.9910582847173	0.921169739351558	0.93576017130621	0.99646502364949	0.991238016699309	0.963037364403375	0.95846372688478	0.988993101309976	0.86221743810549	0.983542480970994	0.992009794445518	0.985044426849653	0.994848016486347	0.989039515431208	0.996939556235654	0.973060140390818	0.979336777203799	0.982461103253182	0.980475382003396	0.992679690716933	0.98717683557394	0.896138482023968	0.982001755926251	0.995457692840327	0.942078364565588	0.97906683480454	0.859611231101512	0.965719440685611	0.983087184373511	0.40495867768595	0.991745158217801	0.868085106382979	0.991416742401293	0.996962332928311	0.993969492727918	0.959516813581456	0.97722705961152	0.921618204804046	0.931860036832412	0.995192579605226	0.997588908981314	0.990282456594973	0.998018999594795	0.992213989702374	0.995137244865315	0.998147041971937	0.985172809856949	0.966969842029679	0.890232558139535	0.851138353765324	0.984926052332196	0.974295974295974	0.858461538461538	0.886035313001605	0.982688391038697	0.405714285714286	0.981517636339971	0.978664658634538	0.990742059535679	0.994272623138603	0.996133213517414	0.990339392398627	0.987339514978602	0.993482572966846	0.989849892780558	0.987476849810389	0.981556621172999	0.985001785501726	0.660550458715596	0.993510347829528	0.977718575926374	0.98627706139832	0.985314882801469	0.991995941604194	0.990354062641852	0.885391444713479	0.980764020590626	0.991508192799904	0.993880709837659	0.998110797722314	0.96411988180667	0.992470756957827	0.965324384787472	0.990808272554701	0.994580233793836	0.940249864204237	0.992021588642497	0.993791535501924	0.851674641148325	0.869731800766284	0.843439911797133	0.646766169154229	0.990189579742808	0.9342175066313	0.995950645514744	0.83370288248337	0.865497076023392	0.984514721919302	0.974025974025974	0.995581087052585	0.963550600343053	0.980662315687696	0.901847575057737	0.996687515831726	0.810930576070901	0.954389965792474	0.955600403632694	0.977713178294574	0.746938775510204	0.969028967024959	0.998592901602437	0.983983418127002	0.922525107604017	0.990998476665282	0.991499409681228	0.980142637393372	0.979638280033537	0.699186991869919	0.952870090634441	0.981127836441249	0.991658079395456	0.986257342347335	0.995820014752889	0.994581519109821	0.986870087840962	0.986285898676993	0.913322632423756	0.997794290466634	0.989331659868215	0.964700996677741	0.996027852886985	0.993354859843699	0.986011859510415	0.996377933992613	0	0.995258151794929	0.99280971111957	0.998579426756915	0.922784121805329	0.990541530673416	0.944618133095132	0.697560975609756	0.959197786998617	0.996495426959569	0.965242281741975	0.989298035626276	0.998541974700181	0.994865921567079	0.974976830398517	0.986071603727317	0.996845425867508	0.68724279835391	0.993278507037799	0.994871609664488	0.960136674259681	0.997575867763587	0.99104722274762	0.98541523678792	0.842222222222222	0.977342396374783	0.99501036309204	0.994744326964694	0.995062057920726	0.993266486130425	0.947965310206805	0.991057371370993	0.992549451702608	0.952395120499851	0.951436388508892	0.993157380254154	0.211111111111111	0.967708333333333	0.986325611325611	0.889555822328932	0.988486285133762	0.997797042853996	0.993092041253162	0.996000599910014	0.970573810691515	0.979166666666667	0.997430020143085	0.997508222864547	0.902485659655832	0.838084378563284
"SRR5928430"	0.824325127250401	0.776416610382654	0.867592070890744	0.914429688235848	0.933536462470509	0.945771499616433	0.979663858132251	0.714322084240898	0.846628904843996	0.972589140446185	0.882265169816683	0.773851416197062	0.76312707398009	0.871333168439278	0.832884371029225	0.877973706176962	0.851681658193195	0.757122260142719	0.888353477104563	0.961579509071505	0.708357485768642	0.981843846004816	0.92019477191184	0.855642929315117	0.776266481609993	0.917973936562577	0.858592629335192	0.901233255368913	0.997264251018927	0.728177423940859	0.47943087485505	0.834063568443713	0.977475068424199	0.928970148046275	0.893875708764704	0.811922784397523	0.798425430778372	0.758928184301427	0.918482045160649	0.806324585204216	0.962028437577053	0.863082181298781	0.990483345855247	0.788920010422095	0.958193891102258	0.80185435488843	0.804956242959882	0.82972010178117	0.92527177560059	0.789234015771352	0.920115960702206	0.929615446847527	0.733556578027976	0.789880725450684	0.928844642389311	0.91437901826717	0.734469556625911	0.953892379131385	0.682708191088695	0.771796875	0.779034177860908	0.748070706776551	0.871844033179277	0.919300333174679	0.771683922641141	0.716136461782064	0.71247456199855	0.686682729420571	0.840800862039	0.759476086525104	0.932549821154829	0.904913388175063	0.84704538489399	0.879635384296665	0.79032812822453	0.954052503619526	0.798878225102829	0.800803139959616	0.99798893916541	0.722889430534013	0.95330548046203	0.779011299944131	0.818904474800964	0.877597031516651	0.854893660953954	0.841932044685486	0.942785068298312	0.945548997742541	0.773573751108484	0.920726498227054	0.823815951640354	0.910739922349974	0.781114965024125	0.815892080849729	0.93844297947533	0.683945379822352	0.795328533079104	0.946348895418435	0.948347500203677	0.775056774284176	0.866494191154935	0.971374308441826	0.953692420180356	0.672095118788598	0.994979919678715	0.739046213448944	0.808288849687278	0.643464794964101	0.83473830760522	0.753411413734048	0.708956530195468	0.745570079109538	0.676727513705645	0.774234462764994	0.6809442790302	0.792714657415438	0.853364184928089	0.992590322850219	0.695038718991994	0.817734237628737	0.850364798114832	0.772546648237733	0.827411927670248	0.866016321170622	0.946424702058505	0.753198801755567	0.812224490964258	0.714789953042766	0.795913212143083	0.787624631980009	0.753767631134255	0.825916397075681	0.854629021667761	0.859121850975211	0.906401577741059	0.71536404498644	0.676908100353526	0.958868472218419	0.934029092088899	0.95747239532087	0.984701937200344	0.835276698130668	0.907629239205665	0.880354866538764	0.968345953038297	0.969531142582153	0.746806091280016	0.986561114284937	0.864279466995936	0.841516916594374	0.746877488340348	0.926175393579772	0.866899611503184	0.967434952417625	0.91908540405095	0.899264530175504	0.796880102489387	0.9834674186503	0.74981782851591	0.802207071062065	0.795874284479965	0.909191994069681	0.811423897212856	0.918178174165748	0.795666791184161	0.741903247785601	0.99103738135664	0.843143289477059	0.782418020532244	0.708312522297538	0.827845382963493	0.907401343793794	0.993150077194726	0.769571576049553	0.840339455456871	0.945676605194032	0.965183752417795	0.911591962905719	0.921179346618268	0.942740603056588	0.72638036809816	0.711770552321454	0.276949231125879	0.995258151794929	0	0.786258512575012	0.636461947460911	0.958102345415778	0.866059099696217	0.949630801687764	0.983652434124851	0.858502061027143	0.750112152478873	0.800601399980282	0.851254911394435	0.879088921118484	0.903609717714173	0.788434132559942	0.744005580259831	0.865715997321838	0.977825089169685	0.373919603759041	0.80653305980748	0.963820069910443	0.887553597419456	0.834853129486632	0.791410524536832	0.963150269265466	0.772647276769174	0.596565967441484	0.777705910888324	0.870487694159907	0.517833981841764	0.93153907805269	0.74833204034135	0.770880526123493	0.886686132882537	0.879860121745888	0.777929042219381	0.994701765148769	0.820753523443233	0.748384012636917	0.969326833543299	0.696427863457955	0.50238369517058	0.79767768550954	0.812549385819984	0.98863150481652	0.795044356072193	0.835967429236138	0.91827259177186	0.963950227353173	0.961978226379999
"SRR5928431"	0.60980069482538	0.964788961567249	0.776361874953424	0.600727032385988	0.824450020100085	0.845126001172104	0.884636281316028	0.536054979997948	0.570566056334557	0.993764290168364	0.632553075666848	0.673854163002568	0.727550736725049	0.728155339805825	0.57517809565201	0.884644825474587	0.691700569568755	0.787014206880357	0.867980907291707	0.93614136018081	0.429085032593104	0.969485432429043	0.77428017305684	0.605018308421874	0.543830277029325	0.928184948352189	0.693163420694077	0.861976707585773	0.995257050902007	0.407752215558142	0.879822416371881	0.727316053818235	0.948052314337287	0.973386934673367	0.759788720395297	0.606872181150323	0.691881918819188	0.402979836091466	0.682473932295386	0.856109242841129	0.93948874161281	0.746573820282984	0.985587256100131	0.575772357723577	0.960144642716768	0.580616093181591	0.94045235010013	0.782814114867858	0.8811035253723	0.385899459511168	0.888125848438872	0.894186700972903	0.647093945917069	0.426285714285714	0.892227101147831	0.74581295390544	0.425908616044427	0.962953856241292	0.558367223979515	0.45363151415675	0.562456946039036	0.716097042677528	0.432527248868536	0.814400267290344	0.796548844976343	0.871276379181652	0.648757489441116	0.602632526767296	0.598632252371498	0.739130434782609	0.886526526526527	0.930357843661922	0.69210111114841	0.833535292335656	0.765181670541031	0.932046395344072	0.754541871215107	0.527691487025009	0.996948376705942	0.968896178846972	0.929955351656904	0.581367406825481	0.784045657768002	0.681203182161315	0.806753090141694	0.774258193806969	0.880502893634005	0.972718758907122	0.8576357610266	0.777480441816965	0.523452157598499	0.804934089402754	0.480088327114901	0.611956660758985	0.873748862602366	0.674069591527988	0.703952840765253	0.979631741893433	0.944830387974812	0.585445009014916	0.705812821582534	0.953654188948307	0.915206925846515	0.523263148409576	0.99314952638701	0.615419180896136	0.502942018383639	0.537145141943223	0.644323205719123	0.680111635324606	0.744739459790344	0.50191703421834	0.687302136263269	0.648880228492112	0.510628518901528	0.755869138771119	0.564849093304888	0.995272466337428	0.631421303134745	0.740815882907036	0.586794462193823	0.486801970905678	0.304071432037657	0.598754166970825	0.906604078989964	0.564673472694863	0.533723099888046	0.596402232020915	0.770410697811166	0.778526106837758	0.628183287467785	0.765610558615845	0.516337136371782	0.676258482491192	0.947775934265624	0.597275352303857	0.553047793721006	0.938212184787527	0.90184841391557	0.940853158326497	0.97344502617801	0.558034562806293	0.883271551384179	0.720021388740356	0.96225641025641	0.950407749306619	0.47278130073829	0.988676632316403	0.631867774331388	0.778156875288766	0.531105301288311	0.889704423725451	0.657378934139102	0.950973084886128	0.86369904995403	0.850952661559615	0.96637802978153	0.966197888411301	0.680339755541744	0.891329207354684	0.482148619708393	0.843060553903927	0.621152578135303	0.931211202540782	0.542254440961337	0.635095217145371	0.986424385513723	0.759175596460441	0.888411402377883	0.579038584329107	0.575640078778927	0.7415774129679	0.994155358720522	0.464302379841344	0.615043630990549	0.906064161171568	0.923055442729488	0.622474620564881	0.692813461062604	0.841229468006864	0.54257169617769	0.935174708818636	0.910602402273908	0.99280971111957	0.786258512575012	0	0.920415249086578	0.878634639696587	0.649794730551369	0.845986309894213	0.972783988611146	0.810278778683861	0.69488679218432	0.762022281765618	0.630321690200658	0.850213047615108	0.913718899864737	0.979056461189679	0.399429725555424	0.647336304422352	0.967611336032389	0.890495232236235	0.338845236699113	0.851102464332036	0.775045822343422	0.566837850205929	0.479803011756668	0.933122717761457	0.631714876033058	0.71793163325055	0.445744280621294	0.658077433110585	0.903759155536407	0.779910090287484	0.321305143321813	0.502633311389072	0.811433256316613	0.784899799219608	0.163685580426861	0.992728195154949	0.725039358547212	0.511432948057374	0.938451411174196	0.489931481772059	0.94040261521035	0.523268754684413	0.655672094948937	0.762259083154876	0.598137937865232	0.714619166969598	0.623457275371433	0.966882825563848	0.934948665297741
"SRR5928432"	0.970858461767553	0.911877938716905	0.958279412363163	0.94860912049538	0.743884019361821	0.974609856769335	0.851777294300735	0.96672296969344	0.926020818997701	0.991722323079229	0.924247939192806	0.956482612328855	0.961395158770222	0.934035686403915	0.883478889775052	0.97539192010151	0.966305523221776	0.935763137390702	0.963808335249105	0.987088948339177	0.944910655195235	0.99391413088787	0.947020083198333	0.975924852139627	0.966824079729468	0.975885419595306	0.956972956594197	0.978887214578033	0.999063866065981	0.957264165508723	0.806178880620783	0.953561928242393	0.982549277444207	0.978561148698946	0.964890735988935	0.966729238138391	0.964093357271095	0.898607934121953	0.949173996823375	0.906253487000462	0.987782579787234	0.980605567973989	0.997144193192825	0.935328830038491	0.982991545167903	0.945725851258036	0.978520268035051	0.960331061818241	0.975403472256636	0.936709687248351	0.984934708812039	0.97823012216607	0.957274378405461	0.948337676923298	0.960586610268139	0.946608137219038	0.91642057084161	0.985983442526302	0.954899320549133	0.94593353528022	0.953189115667051	0.961743509708388	0.942309999400156	0.979196825907458	0.964030103148969	0.929275463940526	0.942845856048037	0.962123127488781	0.937930205083583	0.983401718665325	0.976578899522322	0.98608692848391	0.946646958645288	0.96510801649855	0.948144079102252	0.98603291647983	0.958009908499685	0.964095827860136	0.999398098995996	0.885350022101761	0.985802059116573	0.95922645112199	0.975408846051646	0.954526372807908	0.967902221714547	0.915945339266727	0.980310863712195	0.983397741031297	0.970644832173161	0.836994151355822	0.874755439615818	0.978770390795622	0.967495163410276	0.95562424547951	0.982255831609033	0.935867737861896	0.96101165930885	0.983578685465478	0.9843669700436	0.968988082066197	0.955333317306536	0.990595089471494	0.983138157785765	0.960825858335911	0.998495926467516	0.956173387952792	0.95092101547055	0.961450330233185	0.924052499631323	0.905045991947409	0.939186890870639	0.930918938768016	0.954646150161657	0.898239568507004	0.945352685361398	0.965165748670015	0.949148169287183	0.99777811189629	0.963639126620663	0.961222690469065	0.975412846904723	0.936214197336366	0.8926122660138	0.949140923543654	0.980884386983493	0.95400450812566	0.867642524702324	0.92622266280104	0.810401512349484	0.956857000273668	0.963430715096641	0.969807273554552	0.931170806662085	0.849522845575477	0.971056773885167	0.96187365429965	0.923145000421431	0.987518282143332	0.979802160506602	0.986346308769424	0.994712348417875	0.9711751139378	0.975532396918894	0.929713528442799	0.986877294397103	0.990031951008454	0.960379264785886	0.9835293337093	0.917343277281362	0.941351760574724	0.952572510839451	0.975171571862215	0.970296392129773	0.990147865232116	0.959305991107909	0.973164748687048	0.935483870967742	0.993249437453121	0.965468961268592	0.834592786164883	0.948952457076103	0.969685256310089	0.95562258290902	0.971455125873843	0.948583114227286	0.961532745660897	0.997310974896865	0.963309176777135	0.929552807157667	0.92076008550247	0.968674867533438	0.824998439158394	0.85042448455447	0.922434101983655	0.969293989203615	0.98076954930184	0.736755696151844	0.948122725900504	0.956867981595289	0.714590398720325	0.90524529882373	0.904502803842096	0.553042455021212	0.998579426756915	0.636461947460911	0.920415249086578	0	0.97235843380941	0.974485737438017	0.965154962666031	0.994579267784171	0.982482515197072	0.949427526819647	0.926843581931169	0.951683956231349	0.95056525828523	0.676165749442415	0.931656651805906	0.952766105092718	0.970275581230172	0.993315886853466	0.714362671970827	0.916420384675485	0.944948460312815	0.856800159566153	0.939524678452435	0.950227210344933	0.986461794019934	0.965134681857909	0.852645753466068	0.7852824572264	0.976919530657466	0.796069478759115	0.953909451582883	0.913723694221408	0.944976508202282	0.96360114275482	0.959468731621251	0.917890761669397	0.99841243315508	0.96038592508513	0.961980414152745	0.987567832597874	0.951707444233419	0.506653310892922	0.943993831039013	0.971713869952618	0.95533185518458	0.957471737547104	0.973606484416092	0.82086298486519	0.990161432150382	0.986841340123113
"SRR5928433"	0.956672128163117	0.909243697478992	0.536352800953516	0.762771996215705	0.940558259660276	0.909786336059087	0.794808405438813	0.958789860997547	0.850439414114514	0.933362949800089	0.886914378029079	0.73977358490566	0.786288009179575	0.455593642879402	0.964397058473548	0.770120259019426	0.950504459716333	0.926567537654588	0.592938209331652	0.649940734887396	0.969040247678019	0.686644643699858	0.442092651757188	0.954142782699323	0.917919990257566	0.872934815259838	0.971957319928045	0.789036544850498	0.938121546961326	0.86010760953113	0.882561401781759	0.645167184359583	0.997113236967424	0.678931943992185	0.975654719947948	0.961056105610561	0.889968652037618	0.914949259501407	0.755483870967742	0.701637197118533	0.588589795098433	0.753561802079322	0.822337662337662	0.872463133304132	0.771852666300165	0.658046329207011	0.932192231731402	0.735249621785174	0.688559975331483	0.923138430784608	0.747069710055521	0.821498371335505	0.923707545591434	0.842912059228323	0.551707551707552	0.61766975308642	0.799176389842141	0.795227097767513	0.86656132034062	0.941238073074238	0.919760662779994	0.955749149022097	0.901782840960288	0.987047253538019	0.812391930835735	0.853715775749674	0.907083190296373	0.884399679523864	0.85148346510244	0.907046476761619	0.564175339009776	0.878875502008032	0.907873140255202	0.696785403996525	0.719554120220856	0.740269749518304	0.749959036539407	0.84441132637854	0.959776536312849	0.927145169994603	0.618244538137217	0.932107101280559	0.984169859915824	0.888676780870089	0.700338123415047	0.660389752572805	0.714549369424792	0.811978221415608	0.963706084091707	0.949999027974883	0.835019000292312	0.977262372263566	0.923728331912475	0.965499438151061	0.98700119474313	0.83620842966388	0.824867453394903	0.806122448979592	0.471362504446816	0.91840018388691	0.895977011494253	0.632600258732212	0.704974271012007	0.894333710505701	0.924078091106291	0.727544910179641	0.710075749714641	0.903379797594042	0.888552199291889	0.912117107730777	0.912313968855944	0.758478851377571	0.808425720620843	0.776869531898589	0.841174661746617	0.870842685166293	0.799602780536246	0.940646528881823	0.962360801781737	0.660917557778544	0.944674965421853	0.91750732183534	0.84585265327151	0.856735603586793	0.592847317744154	0.773284719920451	0.810015768582459	0.947096774193548	0.954524748480471	0.66567816450757	0.93620215161371	0.755195424213537	0.784209624935777	0.940553467714383	0.85014245014245	0.917819930537002	0.878652051668636	0.602395209580838	0.709482178883658	0.562888198757764	0.693867696764848	0.923795049934868	0.574563871693866	0.919772742892488	0.5316997277324	0.749256268593285	0.808838453731894	0.868219876228613	0.868307337750525	0.745776093478604	0.84652519360354	0.699500147015584	0.979316852236271	0.664109121909633	0.401395348837209	0.815393043001917	0.795066413662239	0.716535433070866	0.85526683431126	0.987345389231334	0.730521859480583	0.56436170212766	0.937806467630811	0.880081300813008	0.726984126984127	0.839089638650429	0.831853785900783	0.736493271741314	0.902287581699346	0.864931059506531	0.875794986906098	0.933158553579442	0.99077845919692	0.776193527715476	0.902168503377177	0.63156089193825	0.958617058617059	0.736168096481412	0.878180416345412	0.94537505752416	0.847729837659519	0.836284259034684	0.978365494797635	0.922784121805329	0.958102345415778	0.878634639696587	0.97235843380941	0	0.954441913439636	0.641248720573183	0.70947570947571	0.765402324051743	0.968554627050449	0.590548780487805	0.948840725806452	0.967454396785819	0.916635791033716	0.868337510442774	0.802596089008766	0.973709434478981	0.664037122969838	0.901190608656949	0.883030179167518	0.386990928392202	0.983065374157702	0.826468910439247	0.780562851782364	0.535227715064227	0.8512865242041	0.972297370414457	0.912038806408937	0.968898228760132	0.983433342029742	0.782729805013928	0.829496238887622	0.831435739096874	0.800397614314115	0.572828216851731	0.869799016055833	0.92644672796106	0.816663641314213	0.927948372455854	0.545963229416467	0.845929171230376	0.987848499454578	0.851068616422947	0.966685123661868	0.897337741430311	0.883087802003536	0.976955651117749	0.927705078825865	0.671454880294659	0.534956794972506
"SRR5928434"	0.0802279701885138	0.997375446852799	0.842267135325132	0.983911234396671	0.986458612165205	0.98113763631005	0.994775510204082	0.404018931493663	0.159535509718614	0.990275526742301	0.165435162727734	0.683216324056771	0.729177007842748	0.849224173131891	0.692877422540427	0.986169847982627	0.26873920552677	0.899572964217346	0.861952272594667	0.92295447309774	0.8014770794307	0.966259072778395	0.846221537784622	0.209332469215813	0.387100043923371	0.985982250907624	0.992186773323412	0.890265697605147	0.99252536038441	0.640879315195113	0.98835508046938	0.795784844747144	0.939170155447213	0.968605724838412	0.407151418298042	0.139076314564914	0.600900071596604	0.756416354724629	0.940848559925674	0.982123119803931	0.951605694949882	0.938697735191638	0.97734949334393	0.266551639142223	0.98441589340947	0.571274551164862	0.989891810787333	0.844653883652909	0.853810074922337	0.860053037608486	0.932504873294347	0.837970943117459	0.877447148855725	0.488158855307344	0.978306023540272	0.910011983876239	0.677047289504037	0.98173979203652	0.707307144311012	0.244582043343653	0.276688286913392	0.378344481605351	0.897321584061858	0.531755324198601	0.897683205727354	0.943484935712915	0.621320677223566	0.665099721601022	0.189209809264305	0.98980132990658	0.91557051085959	0.990411876900871	0.415246918426631	0.911238609517381	0.966802792780925	0.896759464772655	0.778700005187529	0.410645896983519	0.995188452285485	0.997612382677425	0.914845086485459	0.140927588097781	0.512333623278791	0.31094741245091	0.735954428683123	0.878698224852071	0.950563165905632	0.957938351434491	0.868937356836968	0.541299738442728	0.485253806268371	0.501527039568042	0.520101400760506	0.990932951562873	0.694634267192435	0.866257166257166	0.674885652699648	0.975499434602337	0.945573975602127	0.497691428571429	0.981722459521208	0.949267411088879	0.968301323885885	0.546608279609131	0.990677853242775	0.70496315368907	0.472096795405725	0.491362298770988	0.331701291409321	0.683706318116588	0.837524937044184	0.403660923289459	0.714354777443972	0.752436444351958	0.852112138110152	0.741034122562674	0.983393563930477	0.99256357479583	0.258712668893653	0.672570103310141	0.281593406593407	0.825492813948009	0.48962681070464	0.0867034219361198	0.885462007213033	0.55185601799775	0.545509266592745	0.572306681681682	0.669403490839601	0.81808896379143	0.199698568198945	0.670557576415658	0.433606953162723	0.420966639931082	0.923879165667706	0.237354573677444	0.339148879756065	0.939154282798648	0.876764924448848	0.929396825396825	0.97074450639554	0.352720450281426	0.905188904830225	0.476216454025517	0.967608764687202	0.96045597990597	0.540915337525507	0.991709063501036	0.207482720892376	0.812785154047265	0.520093437729809	0.905641025641026	0.552264071096064	0.92860824742268	0.887146617832208	0.775096582466568	0.956776131990933	0.961390465010109	0.641058430060988	0.780655909302	0.433083238402011	0.902444785638361	0.111490524159126	0.992661704581193	0.519959989087933	0.672904449810279	0.978659950957651	0.784608604638352	0.838499015237898	0.505025268298223	0.347188468951647	0.463368940608506	0.99419930729592	0.556551562865383	0.139469143507471	0.912735409285848	0.997462724862445	0.984540698496489	0.977109720738593	0.996574495885864	0.908759527228543	0.932866479925303	0.996620194338826	0.990541530673416	0.866059099696217	0.649794730551369	0.974485737438017	0.954441913439636	0	0.947430043320454	0.962499180489084	0.983648153369044	0.517675497655705	0.805209283470153	0.141430833849756	0.73487771194369	0.993675928692361	0.973798214938149	0.571211758127646	0.539590947974182	0.966990671276665	0.98410365018064	0.348537571710712	0.950967038953964	0.994705984216906	0.130471599791558	0.327068945997962	0.940545004128819	0.609505056833438	0.273198523119055	0.604526478628494	0.0100908511850883	0.990738791833298	0.915139285914467	0.561421782436039	0.232847619609463	0.921226104152933	0.827207744695222	0.8336844777256	0.99094721427145	0.727773912112616	0.291145737855179	0.934804797142128	0.345649824371791	0.997761161587619	0.31546088872567	0.147276588417609	0.981184926800909	0.478738630592363	0.320301578935307	0.993451568894952	0.976587576310655	0.93295165394402
"SRR5928435"	0.954499674151312	0.876246648793566	0.825174825174825	0.579945799457995	0.947925495220262	0.459794798377476	0.936380692478254	0.948503639795093	0.929700130378097	0.945680875141456	0.972050784694057	0.768825622775801	0.897449810092241	0.719859196245233	0.95404912480163	0.716765453005927	0.93507710044675	0.803503139606251	0.665979381443299	0.628795632889799	0.884760462146188	0.803890432711393	0.826923076923077	0.948967601141514	0.891695892528087	0.897704732218759	0.913032868890461	0.811565304087737	0.949321266968326	0.877611693781485	0.982236810348989	0.747658777456155	0.996172470419807	0.71593200806684	0.962774231615083	0.937528921795465	0.888495575221239	0.890946906883274	0.412121212121212	0.706782825140012	0.703703703703704	0.740436181623168	0.852903225806452	0.931285076989495	0.825160970777613	0.737586166608249	0.945666029318037	0.739451476793249	0.65138622014823	0.788926996570309	0.760021965952773	0.818443804034582	0.954781126447122	0.917935820408924	0.751206669591926	0.305157593123209	0.774081496325985	0.835890593729153	0.838012043083708	0.779395042074141	0.914557904138136	0.945531283864712	0.750392169166092	0.987387959070358	0.690463215258856	0.800743494423792	0.854032169821644	0.837802342125424	0.920170525787846	0.884828349944629	0.635956314757771	0.904905660377359	0.96107298161052	0.703836930455635	0.631363136313631	0.744908180300501	0.703829001999077	0.831629240324892	0.967123287671233	0.899808994617121	0.641076769690927	0.931794285714286	0.983886039412754	0.94633001751545	0.706936866718628	0.796517726033145	0.522322651328403	0.80729001584786	0.966444925329273	0.986882463010475	0.922193658954584	0.977716117097933	0.899416504584607	0.885138176253488	0.987039239001189	0.666838399450455	0.758283976308628	0.852417302798982	0.616318903768296	0.91693220525217	0.55	0.721956601691798	0.604826546003017	0.875346959374211	0.941176470588235	0.819319114027892	0.867091760486201	0.881447458258333	0.939844414349154	0.951587956279645	0.76071448632253	0.856228829506963	0.926845844918134	0.881063578055919	0.791467780429594	0.880807684767693	0.641069723018147	0.95102754700481	0.945574250182882	0.808970635688932	0.939555217639232	0.69429561928774	0.804139323573953	0.955720306707967	0.732769044740024	0.822029414876733	0.898568463626204	0.855678391959799	0.975269638625976	0.792272660496548	0.921663522270527	0.772187776793623	0.948004636529227	0.943319450428455	0.844501278772379	0.897358095736333	0.940579768253077	0.628227194492255	0.676348547717842	0.641129032258065	0.807365439093484	0.921348314606742	0.516944865958523	0.958593448502872	0.701110737125547	0.777697057755176	0.842334727288905	0.88496981251986	0.952062836552087	0.830387642952621	0.814753939862709	0.758484609313339	0.975014047574452	0.686088856518572	0.762553191489362	0.811404591458899	0.810553493625948	0.683470105509965	0.856311193437417	0.985531187695813	0.861073878419932	0.64375	0.931803040397311	0.908629441624365	0.756616052060738	0.80860049913611	0.860907127429806	0.732292247629671	0.89601226993865	0.944404846756949	0.85611251352326	0.977584875640516	0.991820220766085	0.896460726482459	0.908192188040097	0.766515837104072	0.985918438480307	0.56176714437996	0.53202614379085	0.981212950296398	0.816195921153682	0.863058061531344	0.970749875096516	0.944618133095132	0.949630801687764	0.845986309894213	0.965154962666031	0.641248720573183	0.947430043320454	0	0.737797498991529	0.719411408990123	0.960912718714827	0.772701149425287	0.918018682399213	0.98725128442304	0.991529755385177	0.87752545027408	0.879158512720157	0.965567438520215	0.716634050880626	0.976389751836556	0.855232206465488	0.779251030281312	0.943736044188506	0.93786949247072	0.893333333333333	0.644324688447289	0.813623067279565	0.970984603349571	0.887258462879558	0.964350630313691	0.838037121789982	0.293072824156306	0.79596612435926	0.90959863687997	0.449723756906077	0.722811936711396	0.838398257015138	0.953757225433526	0.677102724657302	0.897800151713675	0.733976567884218	0.908637281691814	0.983896615260355	0.922121546961326	0.963573758608191	0.571823653814869	0.849859313449634	0.975504649580404	0.911566076633255	0.738041733547351	0.64765784114053
"SRR5928436"	0.969036544850498	0.981856990394877	0.870735090152566	0.964422940088231	0.986709197235513	0.911939034716342	0.983025159139133	0.98326763279544	0.967139398132134	0.824817518248175	0.978614241189163	0.882602001539646	0.918094894461483	0.881739827620766	0.992131607936181	0.889464594127807	0.977012380915648	0.96641174038859	0.767350157728707	0.441016333938294	0.979585427135678	0.449275362318841	0.844649343392009	0.958353991075855	0.958916900093371	0.965576592082616	0.99157131181038	0.792029317453046	0.706036745406824	0.942607003891051	0.986552308343922	0.854104846686449	0.998706543999696	0.665042630937881	0.982796062836675	0.971083362822911	0.908301353261967	0.980740740740741	0.863760217983651	0.968417660328714	0.443396226415094	0.852324037184595	0.310483870967742	0.977278853929988	0.925758261656858	0.903417533432392	0.986943952252168	0.847110650427572	0.64167585446527	0.965018029169582	0.68450082735797	0.730652041438147	0.985399653551101	0.971693310253538	0.926713081714914	0.826897470039947	0.950536488851686	0.774165953806672	0.940774944790203	0.958753728028428	0.949168605152063	0.982248698739357	0.953926850014176	0.990781703327229	0.88205407367084	0.905463867969877	0.923939808481532	0.919266557197592	0.973299542924379	0.977800201816347	0.661308840413318	0.981651376146789	0.982776172788554	0.814173228346457	0.920440636474908	0.586620926243568	0.870346598202824	0.935618341824919	0.800554016620499	0.985963463721746	0.5	0.970068841664172	0.989768606458297	0.979458318677453	0.821374508023009	0.915639195327709	0.643249176728869	0.683257918552036	0.985225549126454	0.990921815636873	0.96274559836693	0.990596032421298	0.96263763454163	0.988634198996762	0.994238553074595	0.933788326372619	0.860117700316886	0.770342205323194	0.597684515195369	0.937568756875688	0.951184234315675	0.489887640449438	0.755047106325707	0.941351888667992	0.681927710843373	0.929824561403509	0.932261208576998	0.958689259207394	0.980282066706771	0.9840380921462	0.959308876925003	0.948498603351955	0.968375592086932	0.958538299367533	0.943863891527766	0.941956288068793	0.966670524244879	0.764192139737991	0.976637528909098	0.896086060883497	0.94846428160589	0.940163858970818	0.963850731327512	0.96730855351545	0.601081812035159	0.922592495408029	0.965216365994576	0.97680311195175	0.992175481406822	0.881478505423865	0.973839400523212	0.854297693920335	0.959020392233389	0.976180482686254	0.798173954829409	0.962860118014578	0.974472135687089	0.451672862453532	0.619417475728155	0.515257192676548	0.43613707165109	0.941667737376333	0.722352941176471	0.985836767561935	0.605954465849387	0.493506493506494	0.939851222104145	0.974203338391502	0.980148666375164	0.879690048939641	0.929997650927883	0.700811359026369	0.98921665599969	0.389312977099237	0.841866945315221	0.789378937893789	0.896062271062271	0.180821917808219	0.897015185896317	0.995126222574676	0.948774645292058	0.746889746889747	0.959814739136357	0.992402234636871	0.912055202273035	0.924321806962394	0.337448559670782	0.833802816901408	0.9032189298657	0.971385615209273	0.939976249595164	0.984747005622097	0.995217599234816	0.949706015377657	0.952674897119342	0.682368775235532	0.996291695919065	0.965225279709707	0.930379746835443	0.99443268064048	0.969919940765422	0.933401789643538	0.993602653714015	0.697560975609756	0.983652434124851	0.972783988611146	0.994579267784171	0.70947570947571	0.962499180489084	0.737797498991529	0	0.91698595146871	0.987456416361935	0.885012668095888	0.961503842691962	0.994489511635529	0.995383592191229	0.901668129938543	0.943459511260182	0.988569588666184	0.234159779614325	0.979163402788657	0.976726699846038	0.866204690831556	0.994565463520674	0.963356313272468	0.953261600537996	0.512280701754386	0.925351930776185	0.980451814102076	0.980052783403916	0.972415604886379	0.986621592462058	0.799258801729463	0.959674917798871	0.969428467796259	0.838933629547348	0.813527180783818	0.97378186511778	0.752380952380952	0.840686274509804	0.953440656565657	0.561975768872321	0.956947684105298	0.996667054218502	0.973264089247932	0.975201304154523	0.958314034275127	0.921201814058957	0.984363160432596	0.993510353710492	0.788491446345257	0.44136078782453
"SRR5928437"	0.946041524070272	0.834836640609341	0.813044192541482	0.734777579135556	0.907215692379544	0.78447563996697	0.938444139268115	0.852687915639986	0.936050030260238	0.982445520581114	0.996229163988516	0.757228444907528	0.883115264797508	0.654397001740062	0.94215604470508	0.359866096336247	0.907775704882256	0.897224512228634	0.724990035870865	0.880022321428571	0.856593438610804	0.901639344262295	0.935654182478139	0.995066443860906	0.729114213778897	0.789132408247957	0.948023250228179	0.797642015005359	0.969961578763535	0.617301363422661	0.954328497894244	0.599448360404536	0.990038538116573	0.857904946653734	0.976910303381744	0.830840407851592	0.875151352078569	0.941708986531243	0.655315042051565	0.935313075506446	0.759457933370977	0.340483432047383	0.982538616521155	0.82171605328834	0.676827968450224	0.819366044290056	0.876107535024612	0.689954265888661	0.822160148975791	0.787494658880501	0.756461001164144	0.979626485568761	0.87013895365103	0.787561019707105	0.864901170600652	0.670675004008337	0.922934135569353	0.763900301287319	0.552073288331726	0.731045447069788	0.905174249414437	0.927265600940676	0.875828812537673	0.998120631937511	0.719004128612536	0.769116129771867	0.740604575163399	0.575076608784474	0.901135115342365	0.550193673337637	0.680397727272727	0.776586974443528	0.950086280165864	0.686759766660774	0.816184754036801	0.941337719298246	0.64812744550028	0.78971037956467	0.974674639465353	0.869361597239339	0.83397050791917	0.838334517045455	0.980249948780987	0.956392339544513	0.790492653414002	0.659958770982625	0.726301115241636	0.986344537815126	0.955151769772083	0.997332926922198	0.866284833131402	0.984006448328525	0.746782496782497	0.874867569158328	0.990513610137694	0.725180909016993	0.671304347826087	0.925204108506716	0.778985507246377	0.903424236210785	0.669287407962062	0.877224199288256	0.654737903225806	0.693669271248605	0.968933379357957	0.54887073522345	0.848082319925164	0.762109281794321	0.907850882607086	0.934845988084675	0.87310359774599	0.784904577414263	0.903195153818743	0.820248922929631	0.650380485029514	0.84633809304468	0.631933830801043	0.969387755102041	0.859607759082628	0.848489271639177	0.991946308724832	0.853278381416261	0.899428236328984	0.983682296274452	0.914668013127998	0.788598574821853	0.879037235136803	0.885716159066321	0.928485221991115	0.785254691689008	0.855402436588776	0.84217211813274	0.993559029141466	0.946151703648686	0.985535831689678	0.851983002832861	0.854966007658045	0.77796514896009	0.86292525453191	0.856158721410857	0.892445582586428	0.940574768631271	0.516388105057521	0.949087329992842	0.858167770419426	0.760422783323547	0.604439959636731	0.903157894736842	0.945487535500158	0.819929596533983	0.614405238268461	0.751683879658734	0.925836833632478	0.905266254780818	0.881935363347656	0.95578231292517	0.901897810218978	0.900373599003736	0.844842284739983	0.981948874030663	0.780443911217756	0.58570538125909	0.926240969470986	0.77260313353457	0.774131469664742	0.563363743112637	0.982479784366577	0.601790450928382	0.981597657883731	0.937838188822995	0.888974031502767	0.990366887905605	0.991963064295486	0.704365812218364	0.91824315385633	0.798387096774194	0.948270811434873	0.733289357959543	0.796232422393208	0.909329858692966	0.802166784276286	0.868588020217228	0.895047776758341	0.959197786998617	0.858502061027143	0.810278778683861	0.982482515197072	0.765402324051743	0.983648153369044	0.719411408990123	0.91698595146871	0	0.88739448281433	0.790358597136477	0.953677991137371	0.985236830013784	0.965410262810684	0.947144075021313	0.62235813269335	0.909801816996972	0.895885286783042	0.963161276504605	0.823813751603038	0.881616939364774	0.954310658421244	0.942635742345154	0.786618444846293	0.859193815571507	0.666308068459658	0.96969696969697	0.885935895973537	0.997063474135984	0.992432102532804	0.754545454545455	0.920219343046073	0.755934070979294	0.792865362485616	0.696068012752391	0.804062477084403	0.958649207443143	0.637610484608351	0.769169856143592	0.915049226441632	0.774689769543089	0.94116984391233	0.798350373743449	0.957227722772277	0.958823529411765	0.909834346823233	0.970554638913568	0.904979698511224	0.674097664543524	0.823839955543206
"SRR5928438"	0.520834689758448	0.876285215842025	0.897541557480346	0.923501769232209	0.888406162112244	0.95786493804874	0.933727768597978	0.217803471039965	0.554697797025042	0.991145568547704	0.500780773635133	0.822767632119732	0.813976775982592	0.885002433090024	0.465653707508043	0.912380024755991	0.316996943841356	0.672944111472816	0.923633539103062	0.971445417789757	0.64768746963925	0.987084714079361	0.938637045932152	0.654335853801066	0.523004235907462	0.809977719655139	0.711005634922491	0.92447857687002	0.997904505313576	0.704478876222073	0.791034715200539	0.871029149315883	0.850466857990865	0.973890230698759	0.324145009347165	0.412154094941587	0.825622845121452	0.649545772187282	0.936861035635397	0.983951931852753	0.971799519453695	0.869553947079819	0.99270508937332	0.346067198319351	0.922749254038481	0.801114541757663	0.635959305888739	0.867131057816698	0.942240663900415	0.720750534886943	0.938255980414531	0.945738855227268	0.49790312917646	0.489459017386563	0.979843225083987	0.934026046548733	0.749323836242377	0.975354852276312	0.657947043373323	0.54274680183442	0.636473367475385	0.173429787875363	0.813039309683605	0.437827025319787	0.82076035223616	0.885724057993045	0.795217520858164	0.739933698364808	0.417782515368778	0.665304817393776	0.948886303191489	0.825290141065218	0.28488716442446	0.892818950384375	0.800021995747489	0.964628196500673	0.829964747356052	0.70201010504889	0.998459794211393	0.855764600980829	0.964049951646134	0.413053949903661	0.33856806954721	0.283655902480753	0.880134436193121	0.794235639940101	0.955774975107866	0.980340375586854	0.548177782114456	0.447445952114196	0.712255486449035	0.249626570600123	0.507481775163064	0.653690103230445	0.468213933171145	0.727203174207782	0.83946145972758	0.9844028427077	0.960852453525373	0.741063774274106	0.89406167536645	0.97901683729588	0.965282419786096	0.65871806682493	0.996153928334865	0.742436796847668	0.748983404769755	0.539889233203666	0.300440320805158	0.598555471571345	0.644515715202053	0.677500777981398	0.591090184715683	0.680018476969777	0.703717760717674	0.706130499096039	0.870899740127574	0.994321578003586	0.299470075246533	0.855698945916658	0.696181847891211	0.816031721078097	0.706184846272158	0.503315175097276	0.959678261777917	0.745408087690713	0.678190313822062	0.470049860900184	0.469907217341325	0.833813565921657	0.355227084814111	0.860921875622485	0.751567052176216	0.640619747578156	0.96711164297357	0.468055032039201	0.428875651097873	0.968353630272639	0.949260395151363	0.968274672332906	0.989282980352131	0.724639553988444	0.925790027004185	0.338773022751896	0.972016495539471	0.976706827309237	0.687468635744498	0.958368271004528	0.457981979900658	0.833183856502242	0.701785063752277	0.93490218784896	0.389588246704851	0.974969875060778	0.931177294597722	0.921947004608295	0.969657563935847	0.987307920876136	0.793149764942915	0.476618769484359	0.67037037037037	0.930578648110516	0.552859107879741	0.836810129568825	0.769938821429236	0.702228285584357	0.993130227001195	0.878484460108939	0.93374708773029	0.500455189911201	0.678772304983019	0.385218108504399	0.95194365192582	0.732142546264863	0.584121175155027	0.959099264705882	0.941375555490156	0.924943396226415	0.93627774969869	0.892961760747368	0.611383189940437	0.937559912035036	0.816775970471041	0.996495426959569	0.750112152478873	0.69488679218432	0.949427526819647	0.968554627050449	0.517675497655705	0.960912718714827	0.987456416361935	0.88739448281433	0	0.893472057767339	0.535813510003452	0.519893346665	0.938816072942583	0.979270542970437	0.685644392038155	0.222798143175337	0.982976736287995	0.810756695125003	0.525667765592411	0.972675415852248	0.831428850473679	0.555843615472018	0.639133866373838	0.97264655136136	0.726505200539452	0.522812328013209	0.660056728967229	0.51629552684542	0.992867687306142	0.946638723198452	0.687832973362131	0.458323818223339	0.907976073779183	0.90736629667003	0.781561718508528	0.996367987010212	0.859628264574169	0.582004131531715	0.977412082007628	0.547262628072519	0.854711418070197	0.442023160965735	0.402842606072431	0.965288734616598	0.770367875453763	0.24272076372315	0.919892113695567	0.960983386474241	0.971749152685094
"SRR5928439"	0.778403563565614	0.690072639225182	0.387336136532278	0.780500521376434	0.932605315900875	0.867017390033611	0.834747530950063	0.870565145186453	0.718880285884455	0.812558928908165	0.794600568361225	0.40601426061796	0.476855546687949	0.383738120380148	0.923504420714204	0.706616052060738	0.851420678768745	0.808081231905341	0.408009120706855	0.748522299838796	0.859034718207098	0.858828079675111	0.424813895781638	0.751064121927777	0.769858793324775	0.883213182286303	0.958425962001238	0.628151260504202	0.979843685726039	0.608427613305332	0.769352561085198	0.302521994134897	0.99050733619188	0.618161032173771	0.888076518603836	0.818728876432281	0.48197625106022	0.826214328686145	0.71054907047125	0.54037615794891	0.7347049269085	0.73247635217075	0.93128390596745	0.741395165528113	0.852017937219731	0.442868611185443	0.933175480136806	0.457074340527578	0.557744241461477	0.773653629346978	0.723863997457896	0.573668735707285	0.850170412777617	0.744061683870165	0.440221914008322	0.548324429334628	0.652252865736012	0.701238938053097	0.632070899397632	0.747826086956522	0.593734460467429	0.857415557558725	0.790306095002421	0.928221552373775	0.655524419535628	0.502145122178698	0.393096429480112	0.571634574603444	0.745353299721574	0.887429643527205	0.550377631367508	0.897165031799073	0.845784549061872	0.569487983281087	0.777725081021263	0.702142730653444	0.431785909339159	0.643211100099108	0.985130111524164	0.73803810868031	0.697933227344992	0.773637216129164	0.912220275935366	0.819877852389779	0.461459403905447	0.511570654849828	0.772171981596065	0.655243671431031	0.884838959159744	0.901818648951203	0.703924195068711	0.923936267627129	0.784859785925316	0.952194335584647	0.955805053485799	0.637012169534201	0.432520507922238	0.659075224292616	0.731536755927	0.629881732323662	0.828605673192169	0.789610873207969	0.804591922238981	0.634000412626367	0.963235294117647	0.543534343760077	0.521790527228308	0.725523636945051	0.776182309682295	0.820866711707364	0.74734783671474	0.434397941896216	0.681053246270638	0.639677195232751	0.625155666251557	0.646958145324413	0.806584362139918	0.946142943915772	0.829554547879435	0.429152542372881	0.722331865796265	0.66762252346194	0.705369067758882	0.747147012754531	0.612751677852349	0.504255143352888	0.679149372755678	0.836133161036244	0.88047818739438	0.447721746484829	0.808093511873937	0.52103169820417	0.645756958587916	0.821672826133129	0.464797317890887	0.763127670326641	0.737687094552966	0.729710275328415	0.595087952207103	0.735252309879176	0.876244388053875	0.659654272667971	0.614592794429307	0.856454617476393	0.815401031477859	0.797594819611471	0.627384637535095	0.945162959130885	0.780044605316076	0.441875332978157	0.598614851866102	0.624670695800403	0.903358195638985	0.780659503519822	0.443960826985854	0.437266895419961	0.573059102723472	0.885242755709077	0.535553379040157	0.936719851517879	0.601956309096837	0.485320023487962	0.667588582163544	0.900401965163019	0.477762803234501	0.628768171384851	0.935172136098248	0.396339185655585	0.352594853903184	0.73195219123506	0.688300349243306	0.877112202859598	0.987475877279351	0.617276004119464	0.750890927148449	0.615887380593263	0.959421641791045	0.761874718341595	0.830344972213484	0.947368421052632	0.766730548102721	0.575323066029386	0.917619843207814	0.965242281741975	0.800601399980282	0.762022281765618	0.926843581931169	0.590548780487805	0.805209283470153	0.772701149425287	0.885012668095888	0.790358597136477	0.893472057767339	0	0.767596702599873	0.940085983175502	0.825111510551894	0.620227951753901	0.572137302225798	0.916748195595592	0.84597657000192	0.811148502315663	0.792471459426103	0.683711891169683	0.972428030088796	0.661063064813915	0.620931794589974	0.710016011385874	0.632362565445026	0.765848903330625	0.820595138532927	0.816511899325113	0.833442123585727	0.691410804508356	0.688932038834951	0.696804037005887	0.742143033902499	0.373185088293002	0.769343763877976	0.961232401550704	0.439084219133279	0.698128607240716	0.73352538710839	0.6601662732218	0.952863597508853	0.760810222732128	0.825109205630157	0.927264461870667	0.496922943572853	0.870505743696852	0.929948944329253	0.863013698630137	0.723115398356556
"SRR5928440"	0.137052317720071	0.873079994363286	0.844464881020807	0.96416906820365	0.937989441617889	0.983410708758898	0.858927817644576	0.47800383251111	0.168566749092778	0.990147109134451	0.281747864234588	0.643899099478646	0.726623913942904	0.816207006708551	0.733926682019045	0.916586768935762	0.343101711983887	0.86984462211495	0.849102823197991	0.909768378650554	0.787346876164179	0.976109921977491	0.825696523140686	0.182929893625932	0.347761142182235	0.908632110188203	0.96486920389083	0.89471707561342	0.993085931988147	0.60495160553317	0.932009424436217	0.758591691427931	0.942013866070842	0.962293488824101	0.451005076142132	0.218919401918151	0.590695689287239	0.743348126958753	0.916828269769446	0.994899744987249	0.951524944455665	0.899988609181	0.976065504933865	0.355985915492958	0.941382327209099	0.552599522486966	0.93449176048295	0.800022660321777	0.844300634330749	0.839933279792426	0.93361527617583	0.831929506284826	0.866428057487593	0.452250635561537	0.993584311826655	0.882949623888762	0.671047746342912	0.977008421334046	0.650684066512313	0.209122902003249	0.244015748031496	0.444439719328088	0.889322963334648	0.596647006026414	0.87277248238707	0.91444544274733	0.575131497891295	0.627505805412066	0.286040679855113	0.9659114879973	0.889925973607982	0.970412609607833	0.498025449758666	0.827911362564828	0.966489095296635	0.897720435858012	0.737694265446472	0.361273351464622	0.994913098770666	0.857252363512478	0.901288986842984	0.230355506959426	0.584138653715008	0.396016389171778	0.709990641085634	0.730765652618848	0.952993916106308	0.95568489979496	0.866585686810406	0.60917198250866	0.450405510875836	0.574373449662133	0.486431456323642	0.957563312799452	0.740069120586276	0.844811520542143	0.633298555817912	0.98226105374636	0.928039538714992	0.483883218609067	0.949492858621403	0.958046720697405	0.982328686432358	0.508824885758605	0.990850225225225	0.66494750414441	0.419390027726012	0.457809439002671	0.412055358572572	0.66884703286311	0.801995498370679	0.364806526991168	0.712174499982237	0.727509545730293	0.831704240895475	0.731751330867094	0.965053044486048	0.99480738193811	0.336657846529615	0.667327386851668	0.256337276527617	0.799805321219987	0.464090136589665	0.197018037085005	0.881220534311158	0.511650712117675	0.517476833035279	0.502941598507677	0.712927564828413	0.805124926748708	0.294777967314147	0.644499971605429	0.41610514932202	0.330654734727422	0.916971147788837	0.202290936001802	0.311150250643544	0.92682762795077	0.844829834398227	0.918741633199465	0.977277450640804	0.334538375973304	0.86669179545169	0.543050968490583	0.944827586206897	0.974587212067677	0.498168340300823	0.892528621533982	0.321168480484412	0.670963256137348	0.438741202313175	0.869077069457659	0.607766930868807	0.930659415363698	0.847215554488718	0.771963783952545	0.96420901932713	0.963368450044757	0.618174367380391	0.791589110783172	0.386051040694608	0.865418010419251	0.113257243195786	0.87059338734399	0.482817220543807	0.636582968456796	0.977449401218573	0.743527648042438	0.835749837697468	0.484888992212019	0.302480916030534	0.537685318903899	0.922312192029508	0.516741790083709	0.117408906882591	0.919366450683945	0.951228657129672	0.964423972166414	0.950023873945567	0.938628546861565	0.895429636743687	0.93847646773411	0.937676345583771	0.989298035626276	0.851254911394435	0.630321690200658	0.951683956231349	0.948840725806452	0.141430833849756	0.918018682399213	0.961503842691962	0.953677991137371	0.535813510003452	0.767596702599873	0	0.775956921696208	0.931036235198455	0.97296855414464	0.536321611358758	0.586390485941561	0.946277291824506	0.920457724094088	0.386271032069412	0.958392704474209	0.956444599930032	0.163109654111193	0.274942582428277	0.916426705953258	0.564450222882615	0.377853169356649	0.588348174820501	0.142630690237431	0.995450606585789	0.90159121601785	0.543527681198181	0.226217816995044	0.913188455789353	0.784749660907	0.819204354023584	0.99014986280166	0.691042354389302	0.243982618552806	0.943764294362976	0.307521355649698	0.9618648713844	0.281216571742461	0.269009284287225	0.913091491358843	0.428269941004365	0.41905807084316	0.986005723253023	0.978645798793023	0.930248155600268
"SRR5928441"	0.737325049985718	0.994582591550374	0.935061190809946	0.965079945004759	0.947247203334065	0.980995329360606	0.939408115719646	0.599615858684392	0.715380309285564	0.998200482597849	0.661277866883916	0.911761827399244	0.899302609119727	0.925586686410842	0.481911677088496	0.992490763639276	0.736276432157124	0.723141987724999	0.965011354729798	0.988193793075323	0.817469065842791	0.992526005405848	0.937709449985581	0.817684253785013	0.834232335500464	0.970668519043938	0.812199744369518	0.962708616951545	0.998993457473578	0.897521955585389	0.860343488392164	0.942133708154337	0.825468794123476	0.990205223880597	0.485861415444091	0.703073747676918	0.914551715342431	0.737371110363186	0.979912140182599	0.976702717370237	0.986087595112299	0.984297299175162	0.996491516034387	0.678793646145963	0.98665201479973	0.88691761801913	0.918722436284295	0.940837556152755	0.97420948216527	0.92700085667558	0.970221165038717	0.973535585005526	0.801837079305928	0.823552613527233	0.978417626941862	0.967499528475138	0.834221733879389	0.992216075231022	0.902397516457211	0.79022715782191	0.811306854285425	0.613604773496955	0.947015933027275	0.338581270907605	0.918082210492424	0.952568710461816	0.91993633260461	0.896174129830281	0.65254998782321	0.937619279272537	0.976094971840687	0.964864705535577	0.475050064878082	0.959303892888166	0.904823493609251	0.983168276480417	0.93015660659479	0.863867901304702	0.999260347431248	0.994693965557649	0.985024754996842	0.68904877465222	0.358704905449724	0.664146971581667	0.948048063020392	0.954550230687669	0.979717420347354	0.992920209952394	0.832800337898992	0.46508653532165	0.805180280139892	0.511945440682274	0.865662671898752	0.801416562889166	0.445097153185721	0.870485678704857	0.931558185404339	0.994323326245969	0.983774551665243	0.866959541120724	0.96220967096856	0.988454307667157	0.982410529309014	0.844789895555016	0.998377773442714	0.920785472570421	0.865671641791045	0.790893730227207	0.589815923847948	0.486236888275038	0.760437692552852	0.829580036518564	0.75515996335483	0.85206632377801	0.890181556912704	0.916169142423236	0.953646459577933	0.998583743842364	0.616271950233891	0.925447208216988	0.84162763189023	0.911224442486902	0.788975583448588	0.699388746669453	0.977453001696103	0.869221062292073	0.799813943691638	0.631064854443493	0.36364902022206	0.911082777559827	0.652319404358556	0.935018551955396	0.814904272085498	0.825701039278882	0.986917416189697	0.726782651310953	0.647859176978034	0.987130065879377	0.979457407614157	0.984408278898185	0.993772023272966	0.857624206557534	0.97719636352629	0.423766558432229	0.987464840406017	0.988683022490961	0.885404917662982	0.996317395727365	0.635150018355972	0.936281726635652	0.879730037157807	0.973219879944217	0.396673017240799	0.988130624419044	0.960862467827707	0.961755574372001	0.986877158362112	0.994698706402489	0.897693528443886	0.410864161292986	0.841481508958047	0.971182020480702	0.760191288150165	0.970273120632386	0.882479185229897	0.922706046167982	0.996696351623097	0.957307126089205	0.969097007071691	0.661023290618277	0.848821120993929	0.555942331679865	0.998032097173684	0.838222090580079	0.780236822419676	0.976764024860869	0.957294487094596	0.962083478126569	0.973480468060918	0.953054750275154	0.784384987056353	0.977360090174279	0.994970794686285	0.998541974700181	0.879088921118484	0.850213047615108	0.95056525828523	0.967454396785819	0.73487771194369	0.98725128442304	0.994489511635529	0.985236830013784	0.519893346665	0.940085983175502	0.775956921696208	0	0.938650106493231	0.991983296893774	0.879907277246618	0.536332274295376	0.994330044622754	0.869092511876194	0.738645915892115	0.931959417872814	0.927768417828151	0.729066261064882	0.815408071419387	0.986690038931127	0.912284554786345	0.720626886011876	0.766717090639664	0.734403964066733	0.997601118275691	0.977289962083416	0.797526104985809	0.750156947394673	0.957328773251941	0.958480618297286	0.898024208780199	0.998418923636065	0.947081989273911	0.799058857862002	0.98490643006476	0.765115593774277	0.995905752017019	0.760855168197796	0.660584346342504	0.99431391905232	0.889617255233665	0.544359446419502	0.926933325567512	0.989070704603737	0.98587141561076
"SRR5928442"	0.9720227221541	0.797698028203783	0.910155702062	0.935061682008892	0.499817115298644	0.95380046199538	0.470236727189152	0.981154025127966	0.853326076153063	0.964714568841565	0.835074072455535	0.942272561198392	0.933210744073028	0.852642140468227	0.847284226190476	0.940444508379486	0.98855187064794	0.960508777082439	0.939301198673808	0.994464306308384	0.978467339782559	0.982735049412132	0.874903474903475	0.998056920790948	0.996892619972435	0.906635700066357	0.957011067230695	0.9552668487488	0.996916020876166	0.946293086300475	0.714879335144638	0.928164393023657	0.987929213632038	0.934771965502956	0.973694672674264	0.984292490826099	0.945147679324895	0.856599785206526	0.958695505693686	0.783912330880226	0.967425205036387	0.984865392662854	0.997717164560948	0.894178230276347	0.939823008849557	0.918270598274391	0.925801201100073	0.94084115397984	0.983610851262863	0.971029154787087	0.95756623259991	0.997213015968665	0.956920439062476	0.934774313738693	0.859623733719247	0.931835624084281	0.878482077157574	0.945245398773006	0.947810627132739	0.974280796656012	0.918505942275042	0.968597372222604	0.970065865347651	0.993960005441437	0.953126027217145	0.817411402157165	0.896775394928773	0.964368850678171	0.896613342409803	0.966457023060797	0.954151502645106	0.945265425657252	0.920334334595795	0.913123976358328	0.926725310601252	0.989799440119646	0.959709312151428	0.990401526216949	0.997863247863248	0.791734104046243	0.987888543942356	0.954979202348911	0.981920015721725	0.948519900264337	0.993832848940242	0.785749325484425	0.95758051846033	0.947021382017761	0.977624642638772	0.636230162437768	0.679897504126937	0.998965115777672	0.997955060009251	0.960963676009147	0.998693810527887	0.94338862013361	0.966313205359883	0.935788911766949	0.975734986498308	0.964577572010067	0.950134682346758	0.977830316654393	0.953782626813653	0.959394927225415	0.994866935165443	0.960285070353901	0.929104139617742	0.970913173270737	0.866467273357285	0.825031515660859	0.95910480616363	0.863227651442242	0.925790103649375	0.755346056564728	0.939983557138942	0.961122461242639	0.937827849308536	0.990145453112066	0.968029828249574	0.95266393442623	0.997083680514224	0.96651199194946	0.821971463209923	0.913080070134424	0.978097764304661	0.938831340485046	0.661165906431352	0.935728859669009	0.692289288740468	0.932885007862424	0.975181189954492	0.997075921606851	0.833674630261661	0.604148188578836	0.914493183165382	0.972841671208854	0.848072798450742	0.98083657213222	0.992742667069852	0.990329265484688	0.984737604195202	0.981158622377195	0.984909010208611	0.886940848762903	0.9681418646605	0.969343913295916	0.976166195623671	0.932517442525449	0.825453632196898	0.86121079993292	0.938788332086761	0.930885689841164	0.984752589182969	0.990398017655258	0.898783384925491	0.992112925220212	0.835718433006592	0.994149994149994	0.959921671018277	0.843375557489021	0.933678176988676	0.946479700462521	0.93423079837345	0.88320969168992	0.942975667141354	0.983164179104478	0.997716265700673	0.978988791679843	0.841497196135396	0.827937623544915	0.9975419909873	0.598821044955257	0.620654285153096	0.8276149696936	0.986044157988654	0.956585975679054	0.44219631627352	0.930531324345757	0.947408816364668	0.329539003913836	0.870765262252794	0.835728693898134	0.675576613624173	0.994865921567079	0.903609717714173	0.913718899864737	0.676165749442415	0.916635791033716	0.993675928692361	0.991529755385177	0.995383592191229	0.965410262810684	0.938816072942583	0.825111510551894	0.931036235198455	0.938650106493231	0	0.842399972850986	0.932326147230238	0.990080827848746	0.993681007918243	0.659457209127134	0.908705526116578	0.79890451104211	0.797068696930469	0.882766019701551	0.932349824761594	0.983647460750067	0.995835119740307	0.894580607362562	0.498860810129224	0.998554949298652	0.878858143968671	0.96149063909908	0.87916158908116	0.924134811128704	0.949144219977553	0.956046304541407	0.912198458845543	0.993762583395839	0.980959608154255	0.963547348535242	0.972983374384236	0.930303637639042	0.7869429241595	0.92180628787713	0.975328874518315	0.930343152348695	0.95138736822348	0.979052738900732	0.629643245561632	0.975493377104249	0.977178423236514
"SRR5928443"	0.975311247098544	0.299421154183477	0.912661429902809	0.968901490899113	0.990494584564114	0.994575622208041	0.995073534738825	0.980034212474788	0.96969696969697	0.789763113367174	0.98061467630548	0.931443638760712	0.935231241401207	0.91141090500281	0.994197537999191	0.766504925746214	0.973586297053598	0.966377160546909	0.765290282520956	0.899760383386581	0.985956470654059	0.923411662315057	0.929458917835671	0.966121077835752	0.958306878306878	0.940229885057471	0.982813878953969	0.916570865495155	0.97714019127595	0.961934301423939	0.653593050802843	0.93685534591195	0.99834820576996	0.564888248017304	0.987246906993878	0.979060244015705	0.883030371457604	0.986668791162099	0.942145902961853	0.237143987341772	0.898912605718888	0.919176117846435	0.922308041799182	0.935192314129816	0.93426001635323	0.92591199699135	0.971563333105475	0.935350933676755	0.913286713286713	0.964957531017921	0.913271550970449	0.914548404542996	0.982218611788067	0.962884321386105	0.668123587038433	0.934473306356872	0.970552003285035	0.820689655172414	0.936111912316123	0.971319603356217	0.857280990137304	0.974800096922704	0.95658931941823	0.990439005808971	0.946692152490177	0.338917906770474	0.666726105563481	0.955234528268236	0.96877283390378	0.974232773595831	0.911118980169972	0.957940703286601	0.980422846637351	0.920350233017935	0.938058959920503	0.897476340694006	0.908857808857809	0.937171105086908	0.986876025310523	0.412431040823832	0.902477388910735	0.979041416165665	0.989688258948123	0.975630875804057	0.891524483284783	0.849797605718715	0.91340782122905	0.655963302752294	0.980054672471398	0.990763409748498	0.973547135124094	0.984351836600231	0.961040255081706	0.9875155349678	0.990693572530954	0.963419077461196	0.939692455550216	0.64872629764413	0.817700453857791	0.957595276435856	0.992158524954964	0.898665554628857	0.906899109792285	0.961764284691393	0.969451515852812	0.933384056133232	0.951296021132574	0.956674730591599	0.949804895352962	0.963639922679782	0.96066398390342	0.799765655513605	0.958383528638703	0.955668284075871	0.9675815305134	0.935825392947308	0.969873276480434	0.94775435380385	0.982935037563314	0.87238670694864	0.960155567902214	0.966145304353714	0.9770640105999	0.97124483233808	0.90677808727948	0.93910478834143	0.954859114433583	0.97262505089736	0.896381288614298	0.911301215668618	0.970218073245399	0.898730898730899	0.96510067114094	0.967168858312288	0.555704025388341	0.962816157040393	0.958472129691317	0.900441589723003	0.906439185470556	0.844844646744508	0.944591029023747	0.959962357772265	0.8676836345548	0.982917100242803	0.833597464342314	0.921325051759834	0.940823069990988	0.958652373660031	0.971616372871228	0.937570942111237	0.936553945249597	0.914596801633209	0.97706744550814	0.89633008500933	0.815552604397226	0.921344647519582	0.0904036741600193	0.91458153580673	0.947898287493513	0.932283414157904	0.945528455284553	0.919512586179253	0.882827630729503	0.963966113828899	0.93839072320085	0.936934773909564	0.926684881602914	0.932671673819742	0.291613353495405	0.96697247706422	0.940618118308148	0.988798643341664	0.995164410058027	0.964440879620346	0.95236368032886	0.912091988130564	0.998990867349513	0.96958174904943	0.98259317116715	0.997736029779916	0.969116206153243	0.213466380677049	0.823859816529678	0.974976830398517	0.788434132559942	0.979056461189679	0.931656651805906	0.868337510442774	0.973798214938149	0.87752545027408	0.901668129938543	0.947144075021313	0.979270542970437	0.620227951753901	0.97296855414464	0.991983296893774	0.842399972850986	0	0.964995467540618	0.985335273704243	0.892487046632124	0.724233983286908	0.975247369247683	0.89710107077566	0.990448901623687	0.919628130154446	0.952411087204151	0.892588188664289	0.932354708558675	0.729271523178808	0.98624356023238	0.97553836504286	0.560334662249424	0.930011198208287	0.974931335830212	0.941736694677871	0.904622352471027	0.928995756718529	0.972541640532441	0.977346278317152	0.937891309792136	0.966220291953191	0.904800160674834	0.973454603141029	0.900190616737379	0.967209132863736	0.980371858047952	0.988813229571984	0.836526181353768	0.985124468731026	0.99205022810425	0.910631741140216	0.900059725263787
"SRR5928445"	0.53815180189249	0.945026329494821	0.626736370425691	0.83071615512729	0.834761718150994	0.908948711616037	0.895437455543136	0.581006082671047	0.518852972614353	0.985858395399265	0.612924281984334	0.442226820639477	0.540970772442589	0.599702179504535	0.781154620429898	0.772712933753943	0.65440188172043	0.839997254350139	0.730379027676325	0.871038853678699	0.664576576576577	0.930310262529833	0.672702783597725	0.470659285354806	0.40990354735865	0.926202211269482	0.967672722071234	0.774899732620321	0.990360023608105	0.117069524046848	0.911833432148711	0.481958203774676	0.962852220584094	0.949067996849567	0.749126917466071	0.519718595684232	0.414087947882736	0.679660043643046	0.744160483649354	0.890813582640235	0.865560165975104	0.500959409594096	0.966734753428655	0.545256209442828	0.92763048190762	0.304268846503179	0.947045055588063	0.631486367634125	0.759979308561083	0.713812310512586	0.8277289187791	0.771573604060914	0.676740711226218	0.345566996295919	0.847211123541633	0.685081240768095	0.512867486696327	0.917473069198466	0.3050083556996	0.365408706545568	0.443156320119671	0.71052019896797	0.831917297953375	0.817792545902987	0.721888075313807	0.81842006739049	0.372448084235156	0.337038553793951	0.5731133554984	0.608936278243209	0.755356987941355	0.930320279816199	0.716410145241708	0.726851851851852	0.83625730994152	0.85133777737193	0.592087972888858	0.330655230443516	0.992903607332939	0.954195337372908	0.844049247606019	0.510241024437666	0.794628695667671	0.675153735444197	0.614303178484108	0.63156089193825	0.853881278538813	0.93969939699397	0.836076409544583	0.800551885609165	0.441734417344173	0.806747846529653	0.317405880312897	0.910907637526343	0.885265490570957	0.635955514743394	0.425614306836584	0.962162162162162	0.890212232470672	0.327079791288034	0.812353094802821	0.895269320843091	0.883062727353385	0.265003779289494	0.986274509803922	0.327874407047662	0.254710165064192	0.425021814102298	0.643236708892639	0.699409600410713	0.75472650335805	0.328562685372628	0.568783397539456	0.558942327711847	0.393091181426699	0.626610860226897	0.76131553239987	0.989065703407205	0.590265185856754	0.500211954217889	0.429050763069596	0.704668733049206	0.49945977094288	0.561720134543745	0.795099431818182	0.279140575630493	0.493849777545145	0.647833677194096	0.795255255960277	0.640181534918377	0.583400333972416	0.539739725020219	0.408305880003993	0.621494193101057	0.892971515253666	0.529385689483211	0.526096604553607	0.861707025135807	0.789585172109444	0.875411635565313	0.939196317253285	0.370104735883424	0.758186397984887	0.741419424308266	0.927885055367438	0.896535624241292	0.129460797082574	0.986850400792579	0.615250344510795	0.633331064061543	0.230668342532379	0.777324147316492	0.703387343918104	0.889366473556345	0.740834386852086	0.684017656367119	0.940083374549565	0.943128863528293	0.458424648704396	0.90750605696991	0.32060661853772	0.670518322878838	0.520905709731475	0.931977559607293	0.221588262692129	0.379775770109938	0.968649595949761	0.517360329958755	0.784747167725891	0.562294434942771	0.418941621167577	0.759936877404083	0.993288809252321	0.236276391554703	0.509834530128005	0.797001153402538	0.933849638790254	0.824013659369474	0.877771039687353	0.833680716381041	0.733006306937631	0.887483435730635	0.89001731102135	0.986071603727317	0.744005580259831	0.399429725555424	0.952766105092718	0.802596089008766	0.571211758127646	0.879158512720157	0.943459511260182	0.62235813269335	0.685644392038155	0.572137302225798	0.536321611358758	0.879907277246618	0.932326147230238	0.964995467540618	0	0.698774316122199	0.931119779278851	0.920548177931308	0.463859574693748	0.833050158823964	0.966222970484558	0.511782430657498	0.3208800332088	0.854462242562929	0.356686444545869	0.686022339865296	0.626301007764745	0.579864859461837	0.990881458966565	0.799278200107502	0.485639283508338	0.391624260761931	0.837740923352757	0.561510541354545	0.539115597073199	0.986673199412053	0.489073205914172	0.374627065057666	0.863694971449622	0.363695038321904	0.932724728765741	0.457506294758183	0.617823364859465	0.959157626037013	0.317973992043228	0.704526134109586	0.905018242717866	0.944178484328426	0.857824252430747
"SRR5928446"	0.576358983960557	0.910255049701086	0.944840161832583	0.96440100590344	0.915281577980153	0.994475138121547	0.97628056125825	0.357555484383711	0.574983430740495	0.997031926841007	0.519693262944046	0.871824182307607	0.9030869286434	0.907275452980696	0.56367972898041	0.922020909948592	0.350104709946778	0.911600432786502	0.944860211718174	0.972878111040204	0.838480749734181	0.992962277809057	0.942380418464111	0.669964652358483	0.542632269348492	0.882368115568167	0.905072907454022	0.967086383601757	0.997774315602048	0.701594686625535	0.987104372147799	0.900915495610896	0.810924313424347	0.980546128955884	0.184582066059953	0.434665736744983	0.857907506528624	0.847545656585177	0.951721702934235	0.99489574283232	0.985549479062712	0.876266404075217	0.993096208970891	0.388580037062219	0.944508399836101	0.829269167324105	0.803229314816364	0.927600612464793	0.951982067012742	0.784037975245109	0.979628355127323	0.948503442969043	0.58502884228413	0.476268126492342	0.994861988371868	0.954201943292233	0.857260022835823	0.993069247774392	0.723747542539489	0.576148516226601	0.68332536397962	0.376949160782217	0.863277909738717	0.306090679120451	0.944714314519825	0.962483946240255	0.809625212947189	0.816149068322981	0.455825918272677	0.778124575926177	0.966249212350347	0.890857758460567	0.241102275522035	0.945726487542371	0.945116409144935	0.969526768642447	0.884689850323926	0.715870869308922	0.998542598627614	0.900461425822819	0.970570666241886	0.476406901343214	0.291286568103177	0.308162949194548	0.887935810488108	0.851304914797258	0.98533343818811	0.98669790343075	0.750366239780729	0.318297459920042	0.724867888377268	0.124861265260821	0.514691448901975	0.862155450707723	0.374852451775529	0.90896889175827	0.864010475121586	0.99237444645233	0.966563541170871	0.806868629470469	0.96434134095615	0.987583113033726	0.988283723875871	0.764948732699401	0.997290575651576	0.754586149389976	0.762305676855895	0.68909102394037	0.343295679043615	0.793988721585954	0.896733111849391	0.712783893682436	0.852298179753305	0.735364774307751	0.786938519654905	0.76441696420796	0.934781478078463	0.99850505050505	0.4697195283892	0.873359420344124	0.710297046851996	0.913062348718805	0.740387628127658	0.525423728813559	0.964014964074345	0.8070379782578	0.72038058299497	0.709510400581343	0.398839657361426	0.924361347649019	0.450715832111181	0.867910250104052	0.762830783761448	0.694957563654518	0.974140797684017	0.588831262815101	0.619231089059512	0.97829123269085	0.95287326783561	0.97051146665604	0.993317768295628	0.747329520457545	0.935974358473235	0.215747720897616	0.975211222700462	0.992194692390826	0.701635530007528	0.982764098490866	0.487985315385471	0.917213509806102	0.741608172909862	0.95946210844082	0.208174706519686	0.979503192617947	0.942326584863136	0.928760923845193	0.978917805654372	0.989070159929277	0.863833050336857	0.510576256040635	0.685388005876853	0.948182897631051	0.588883309271232	0.924659454005269	0.790512643311538	0.720393538199927	0.99349862703925	0.88678886522665	0.943423966649917	0.745481689898221	0.693405368321756	0.3877845962291	0.989678636779506	0.744612875850708	0.607445118194494	0.97530082330589	0.965619114089853	0.969311484835418	0.982291397094162	0.912970913443062	0.844842960467651	0.953848081777332	0.850647144563657	0.996845425867508	0.865715997321838	0.647336304422352	0.970275581230172	0.973709434478981	0.539590947974182	0.965567438520215	0.988569588666184	0.909801816996972	0.222798143175337	0.916748195595592	0.586390485941561	0.536332274295376	0.990080827848746	0.985335273704243	0.698774316122199	0	0.984327278572577	0.984525437820152	0.429603357108521	0.977686858355116	0.953575920544737	0.588106166433846	0.656962814664085	0.974253716472042	0.739226908514573	0.553228204311352	0.737835056598226	0.536285554241613	0.997362777027564	0.967635807192043	0.790211936587836	0.492515473873663	0.966947172463575	0.913190054782975	0.729067909093372	0.997088674133678	0.875230601257483	0.64610947272904	0.98299910206525	0.653535684731525	0.878419308665016	0.463673071966551	0.481446200476294	0.985869565217391	0.786159934400513	0.315999795071469	0.956964233788892	0.971546653950087	0.978946948703124
"SRR5928447"	0.969721010181145	0.95324881141046	0.873947296930182	0.958327467267352	0.984075782940672	0.930270713699754	0.965105785621177	0.97951156012112	0.95396624956951	0.815144766146993	0.978309684200468	0.860394537177542	0.91635522334935	0.85705824284304	0.990711737316321	0.818916189835072	0.970003461139099	0.959851760345892	0.714395099540582	0.385398981324278	0.975560847223963	0.548302872062663	0.795896032831737	0.95590985139258	0.949701393497014	0.957775683317625	0.988426634036912	0.787516600265604	0.785557986870897	0.922556971803785	0.984286015608521	0.824271844660194	0.998351742398468	0.650756693830035	0.978048574564489	0.96071914186433	0.906504873682117	0.97782770649796	0.850629255209408	0.980261063355619	0.438380281690141	0.811507419942723	0.402097902097902	0.971355066620589	0.92472647702407	0.893623273582133	0.983331789980554	0.801778907242694	0.616931216931217	0.958192635471941	0.700370566437268	0.739079790331974	0.982117275107445	0.959326503702201	0.954367201426025	0.809971286870269	0.948853748959673	0.706024096385542	0.920103606296075	0.952889169561099	0.93135324830951	0.97592531444181	0.946559503666103	0.989070364663585	0.870413459817433	0.881905968022796	0.898998104522069	0.901950162513543	0.965543679249538	0.964149809733627	0.594059405940594	0.972906403940887	0.979791878311963	0.753306674869271	0.911714770797963	0.57487922705314	0.83578947368421	0.916896235078053	0.835240274599542	0.963748079877112	0.423566878980892	0.961236457608588	0.988233772950608	0.972637339507472	0.785735424681859	0.896928415370775	0.652265542676502	0.664764621968616	0.983855597286843	0.989498063331071	0.952513966480447	0.98998614153516	0.955424208841276	0.985431050864635	0.993223796859631	0.926816941271606	0.838896306186026	0.791516894320633	0.50480109739369	0.935764833968427	0.933654360620653	0.523809523809524	0.827144686299616	0.922849250197316	0.69857433808554	0.909488686085761	0.903186866248189	0.949575149742304	0.973264884325622	0.979859067469424	0.951401869158878	0.935310440513354	0.968957871396896	0.948273451698588	0.937880737880738	0.936560539708841	0.961684065618906	0.820224719101124	0.969515769726814	0.894263217097863	0.945717869768503	0.928695493189505	0.959904746081852	0.95752508361204	0.60128617363344	0.905949597298	0.956215518253316	0.971456027333879	0.990116587175411	0.853977047882865	0.966856688320297	0.82065775950668	0.956610169491525	0.97366220735786	0.756142790913305	0.958299735053565	0.967828186993272	0.371527777777778	0.518815545959284	0.455437448896157	0.543175487465181	0.942995292021886	0.663789186733303	0.98155941179252	0.548440065681445	0.626	0.923676997680793	0.959827833572453	0.98012725529504	0.838955823293173	0.909196740395809	0.6748046875	0.985010748106978	0.442094662638469	0.821513403461147	0.798955613577023	0.894239423942394	0.339950372208437	0.865977605512489	0.9933791236007	0.927172918572736	0.690901537183216	0.949451145141618	0.985497692814766	0.90304004285523	0.90998268897865	0.427046263345196	0.796469939327082	0.901405496119153	0.962599661754047	0.922475639790127	0.983555360366955	0.993138282664634	0.932979965861109	0.952485840151038	0.702944942381562	0.993564276340626	0.958744394618834	0.91153546375682	0.99045289381813	0.966612866036431	0.931814884665603	0.988458172701686	0.68724279835391	0.977825089169685	0.967611336032389	0.993315886853466	0.664037122969838	0.966990671276665	0.716634050880626	0.234159779614325	0.895885286783042	0.982976736287995	0.84597657000192	0.946277291824506	0.994330044622754	0.993681007918243	0.892487046632124	0.931119779278851	0.984327278572577	0	0.977507029053421	0.974147473665417	0.87042842215256	0.992701940620335	0.962415775483711	0.933010357500835	0.404605263157895	0.903568231231615	0.979901403109594	0.976853836262323	0.970722781335773	0.989412690464268	0.773083886541943	0.955294844087681	0.961496774193548	0.844982322545553	0.776543209876543	0.969840759208622	0.681451612903226	0.825794032723773	0.937088170693442	0.610095735422106	0.94827929182415	0.993856875524295	0.964258336527405	0.977951670849943	0.967683204369595	0.895401009534492	0.983854345585709	0.992385284810127	0.828193832599119	0.416596814752724
"SRR5928448"	0.931934288290093	0.690901229229724	0.856566152982062	0.900341596414805	0.827749769610235	0.924900895610043	0.666637913683545	0.82804316379296	0.843421426541631	0.961328976034858	0.86684741019306	0.890418245894009	0.817255546425637	0.838639483110709	0.850592142597985	0.933614141195954	0.980397173729064	0.75231722204639	0.924137427967029	0.978525246305419	0.81612072917034	0.971453151884874	0.860229788131127	0.987988675036463	0.986508175343565	0.859785460462954	0.818034169347534	0.909329392203953	0.99612080908839	0.920766736818156	0.181357093899931	0.907349789117057	0.987265904066598	0.919092142964862	0.966820795836855	0.975012874191165	0.933295344082057	0.726395142584254	0.944693622904934	0.689397838394236	0.951430113329736	0.970398296505742	0.986523760737647	0.883498200554583	0.937617659001144	0.905099329368594	0.724813930627721	0.864166173758742	0.968085106382979	0.904148356072982	0.908672035961791	0.983938468499039	0.815873307602769	0.925433474081394	0.857737858100033	0.917309774068513	0.736001893590721	0.941422594142259	0.883595454023648	0.964075687113998	0.892022253281811	0.810148144324575	0.917414721723519	0.989140049808794	0.767051623729148	0.67046878514282	0.883822067594433	0.872382727555141	0.886076757700249	0.820016095654173	0.938551682692308	0.87815890558663	0.873585183007497	0.856720248066436	0.710698293597967	0.976197788697789	0.896603058600623	0.978041649263083	0.997147724121539	0.60597032194614	0.971989870309263	0.906339031339031	0.878444038758601	0.940726290516206	0.979137839276211	0.772854205664836	0.928999400838826	0.933531746031746	0.825639838635011	0.916733429471773	0.846540756447557	0.99390314045784	0.987867862015202	0.802625044341965	0.995147126072065	0.677973428629067	0.952150170648464	0.928694125281521	0.95994517209869	0.892517260682963	0.865583796402854	0.96414713642713	0.945767597087379	0.824967088317784	0.99288453176266	0.94762993446121	0.916530673919613	0.777142273516495	0.855193051602073	0.72974371412402	0.733698844722929	0.85172546645385	0.692644885060401	0.774596031908366	0.758865637256246	0.904976695233799	0.867434298839603	0.989502762430939	0.785287639156232	0.940583227923832	0.986537602382725	0.834997901804448	0.820637846161025	0.903335984653535	0.962368650658169	0.871954221018951	0.806567249784915	0.761639226508894	0.826117304509104	0.805358338914936	0.88072098661326	0.982646874346644	0.826819618001196	0.848982749988621	0.901346289359493	0.831341301460823	0.656123682126933	0.964866322520995	0.977068906799864	0.974413154558377	0.976022566995769	0.970365834991581	0.969563446513867	0.886206485455412	0.954426683061789	0.957064248624351	0.964073253236907	0.932442748091603	0.857555704473111	0.803733297522326	0.92034974248413	0.914575109853281	0.979331004800963	0.97434009070119	0.885994306921774	0.979117473435655	0.747897435897436	0.979618928627206	0.872398810884976	0.792048678205813	0.922039400044773	0.931209348473156	0.923718531998787	0.832271689886569	0.930096365382828	0.970780675808909	0.987306843267108	0.964406302757456	0.793527880160958	0.640623283004769	0.985415141309123	0.900322227626459	0.867444095038435	0.827420207585497	0.97499866730636	0.943188713592233	0.855158952171372	0.889636779273559	0.900594562094996	0.825713986818705	0.672624809102837	0.658664311177009	0.483953672097426	0.993278507037799	0.373919603759041	0.890495232236235	0.714362671970827	0.901190608656949	0.98410365018064	0.976389751836556	0.979163402788657	0.963161276504605	0.810756695125003	0.811148502315663	0.920457724094088	0.869092511876194	0.659457209127134	0.724233983286908	0.920548177931308	0.984525437820152	0.977507029053421	0	0.900816117854235	0.785639449605364	0.823253772290809	0.87258131420345	0.921039752025668	0.967719621858428	0.983141762452107	0.633539158980772	0.797208881464467	0.989777600478707	0.386412272785871	0.946728307254623	0.75200604863296	0.91471447002105	0.871502299617316	0.941239392426727	0.874944639046584	0.992490712196664	0.966645949865341	0.906428076902594	0.959391254093624	0.805600822323063	0.66141693795153	0.912693200227681	0.905019390581717	0.929315068493151	0.938380612436596	0.917946435195489	0.863609893646367	0.970880464689697	0.961229278049156
"SRR5928449"	0.334309811240521	0.959971243709561	0.826512109830333	0.782020637789308	0.825529959965873	0.892648696062886	0.880299117710351	0.344419571474257	0.29084593837535	0.994662111668624	0.353679311920888	0.73604311008468	0.783377003229541	0.738378579397546	0.576004659289458	0.889838934181746	0.441867458557306	0.814501082970556	0.875968472245514	0.945245058313661	0.692958270606742	0.97389967463978	0.789941020156848	0.477571994433144	0.464622808885104	0.950043066322136	0.906459333744788	0.906048469214581	0.995950831525669	0.486141803562395	0.89256395260684	0.768923794017176	0.90720780129089	0.965907126309602	0.549285896454986	0.339396515087123	0.730561588582066	0.648757148241	0.755382215288611	0.870987009108556	0.948551466177353	0.778379074861487	0.987686768676868	0.335123765165458	0.955100379815518	0.623629039371931	0.957844323982948	0.83614875714561	0.897638607225106	0.721979938944614	0.928777670837344	0.908990318118949	0.593050569516465	0.377890496792481	0.904625433217809	0.77908100792679	0.566996536368135	0.96822272215973	0.617625735076931	0.284353362145081	0.480327110013887	0.506874215083614	0.791045497378404	0.637444318511294	0.84391582799634	0.907219570405728	0.689843591893377	0.670222916124555	0.324854180168503	0.77864422275404	0.902828985906757	0.952236944660951	0.483465358984031	0.881329217836737	0.803040988462298	0.942766742837054	0.79876693894157	0.558290407907559	0.99739507959479	0.963914737069898	0.939913559858041	0.332995245641838	0.61321613433505	0.443357446732126	0.820482636845203	0.791504687857306	0.909556372633243	0.97657752141234	0.873475294604093	0.59688959619092	0.498870911418927	0.613071822743637	0.485418345033951	0.858618166970073	0.74554084892743	0.729296959240889	0.74174212070543	0.981394698188431	0.941802449321377	0.655813145784492	0.784699786650412	0.96031098015549	0.920597948896228	0.595436406973941	0.994944753376183	0.649338105789444	0.561078704877843	0.558672794206107	0.407143231761682	0.650477880514305	0.778327514854461	0.48878275461469	0.726528161402666	0.675588426606278	0.580369550671676	0.795355099293167	0.748608017817372	0.995962072322169	0.40492517522258	0.762512639029323	0.534749249416213	0.730271092234282	0.42023862129916	0.31723633785969	0.919744071214966	0.632617976562276	0.547433376279921	0.54748643761302	0.637836837645959	0.819884056173854	0.380719216567667	0.784466956102267	0.526700063952249	0.563823129545307	0.956743869209809	0.397150230001122	0.360798555297573	0.947028742726151	0.917291146267	0.942869204249631	0.977293076895527	0.574582168729679	0.887022173853897	0.52228025496036	0.95763695858696	0.957522249406092	0.521055357191529	0.987341329510088	0.357195557239427	0.830345213311376	0.581426535914844	0.907968958326211	0.49482496194825	0.958008228117463	0.871708126036484	0.871394190027457	0.959237842449521	0.971080724052983	0.74321376635967	0.801193245019719	0.497862743555451	0.865180682201959	0.355639760730202	0.953202746110726	0.592385347562734	0.667614586818334	0.988402665226004	0.791235524992702	0.902533625273694	0.531546202346653	0.547808001751409	0.539016556922671	0.9957251654942	0.503104293838368	0.395315044469498	0.919833130540588	0.919232162260051	0.778184285840734	0.814318849543838	0.841437022074737	0.685567010309278	0.932250117315814	0.911346497035289	0.994871609664488	0.80653305980748	0.338845236699113	0.916420384675485	0.883030179167518	0.348537571710712	0.855232206465488	0.976726699846038	0.823813751603038	0.525667765592411	0.792471459426103	0.386271032069412	0.738645915892115	0.908705526116578	0.975247369247683	0.463859574693748	0.429603357108521	0.974147473665417	0.900816117854235	0	0.836937256292095	0.923012767049464	0.293084370677732	0.416515634971283	0.942644005770787	0.664782136942493	0.473615440613742	0.495397978785601	0.355840489354194	0.913214511194211	0.810007536782777	0.481312502880317	0.266907123534716	0.857124352331606	0.81348750123181	0.45616562001882	0.995090075453988	0.760515322554928	0.430952917323722	0.947234762979684	0.416753381893861	0.939744765398135	0.318107124284971	0.400909052649299	0.851504889704719	0.645492937236056	0.495391827819509	0.826255339906284	0.960721162261509	0.94421749542189
"SRR5928450"	0.952291758483914	0.953576146442725	0.629342478008051	0.834731957745088	0.879633902476542	0.952049780380673	0.570890068466805	0.964601308552512	0.694835680751174	0.96177370030581	0.741870851943065	0.803808146541335	0.808675534991324	0.407984179953034	0.925213799862328	0.887276971819243	0.95914430397189	0.939520798076067	0.728272437034409	0.812083729781161	0.97326999026959	0.824894514767933	0.373746445142943	0.947524076742246	0.934792219274978	0.907093986316169	0.980924882851328	0.824787133396405	0.971863336204421	0.883724405918398	0.76343792633015	0.739714525608732	0.997476131383949	0.809443507588533	0.979200705412485	0.968098588471791	0.892462436359121	0.826061000759796	0.819636733138575	0.756768371293511	0.782316194137434	0.82554244939566	0.904947192884936	0.846571949499467	0.859913387309358	0.7259967453214	0.945605786618445	0.810659388018963	0.814076484947111	0.936816861135452	0.814038657171923	0.852835757959098	0.93018018018018	0.834945480126627	0.682730234951123	0.724952603179233	0.728867819983993	0.922734722547413	0.895437844458053	0.951540215259	0.934461894078455	0.962024271443903	0.921092388146426	0.984294307653624	0.859979101358412	0.888686717328481	0.92988859008836	0.910854947166186	0.799912694948212	0.944512757454657	0.731626754748142	0.913649025069638	0.871168910183284	0.790664330093994	0.789744499645138	0.803655107778819	0.825360082304527	0.879706934741864	0.979208778515738	0.961535454616527	0.78654834189631	0.940988422325903	0.981387821161238	0.88031206393505	0.802654176424668	0.728509299528084	0.846872461413485	0.848690153568202	0.963517982637453	0.882324145202591	0.666950686974119	0.976132652206683	0.939069960556363	0.976763005780347	0.986248579761751	0.86485022060531	0.876595744680851	0.879556259904913	0.681088314005352	0.915750915750916	0.94625275107147	0.762024048096192	0.824324324324324	0.913994833611913	0.960193346602218	0.782857142857143	0.752077807250221	0.921537045559135	0.801962209302326	0.830126045176588	0.92881107150346	0.796812749003984	0.821514491923473	0.604546503577198	0.865812955520741	0.881655773420479	0.856425104317466	0.968539325842697	0.967637088036906	0.724534868156873	0.938618058499364	0.934264232008593	0.695963572546602	0.812267480683011	0.732809430255403	0.816299888101455	0.658393141945773	0.955338495646307	0.912694571115583	0.737623762376238	0.946365230949133	0.830297773923099	0.535765111227623	0.940889811388864	0.866872467682809	0.932803609966647	0.75547417410544	0.781235040689325	0.831719388853023	0.73170157684161	0.847222222222222	0.92044097381718	0.740195140616032	0.848777689524314	0.716305372290292	0.856929955290611	0.847506393861893	0.918099547511312	0.737948559987679	0.809143142643018	0.882403581267218	0.788726842727631	0.981449975303222	0.777556606120926	0.548300686422233	0.84259954921112	0.827041499330656	0.874217118997912	0.891971464160344	0.988756262182058	0.758096875895672	0.713602061476164	0.948268106162843	0.916061765870397	0.779662632231011	0.876486185955008	0.91025641025641	0.815093205051112	0.902219940972668	0.729775304582438	0.905054589567327	0.855221303280923	0.991420956188572	0.56021756021756	0.910916253653577	0.733217088055798	0.904250421973301	0.81576780568135	0.935033096347144	0.875301885538298	0.747642750192222	0.854622441778405	0.986183150506544	0.960136674259681	0.963820069910443	0.851102464332036	0.944948460312815	0.386990928392202	0.950967038953964	0.779251030281312	0.866204690831556	0.881616939364774	0.972675415852248	0.683711891169683	0.958392704474209	0.931959417872814	0.79890451104211	0.89710107077566	0.833050158823964	0.977686858355116	0.87042842215256	0.785639449605364	0.836937256292095	0	0.988261590597736	0.774722699578191	0.80117348979864	0.737859500235738	0.889718764407561	0.968703224928562	0.820387805424793	0.962789175032737	0.985886503969421	0.855205047318612	0.753498777378908	0.846346145261372	0.830523646128599	0.69996808171082	0.837240983724098	0.964224872231687	0.872737399053188	0.940788639533409	0.691976047904192	0.865466394212183	0.992050775670405	0.805757804000335	0.962647247804669	0.922371967654987	0.91041543610947	0.973052028877272	0.857294014813452	0.816317228805834	0.731215927945011
"SRR5928451"	0.969619185794179	0.91473409131333	0.962860198271626	0.82877995042688	0.459977816400143	0.940372305201972	0.893416346535965	0.843635354076189	0.978731356780284	0.994639765113303	0.998102905793078	0.953891141279012	0.936740890688259	0.953132526706526	0.561004574837047	0.956401121364327	0.94298513986014	0.792783565836718	0.975399609564209	0.990733938076318	0.505075282501822	0.994146312025708	0.99288729543746	0.998176484579402	0.940635586384901	0.897037643670046	0.429853453625471	0.968690982058546	0.998302361536363	0.957138903167135	0.840461168783513	0.959188362508437	0.980235510743507	0.98685208596713	0.976308758040574	0.973856209150327	0.980692900884554	0.567860845756621	0.894690466715934	0.96192147522946	0.985987127361109	0.975143458577237	0.998032955559927	0.933508082131935	0.944426418099761	0.963026976203974	0.831306672257456	0.940073719979266	0.985194416010207	0.682586071708604	0.967539981604012	0.997620251658387	0.851155155986151	0.942112981756321	0.9754983753403	0.932197035242545	0.826656844565245	0.983164075372218	0.892555092316855	0.938391188907464	0.968523316062176	0.838692704644339	0.716565664169835	0.996286955303349	0.880625562556256	0.928891611214745	0.975062754619151	0.92864295414329	0.954384764511347	0.857753996529939	0.978703497438182	0.904786259216639	0.93894327924817	0.940553745928339	0.808386318343885	0.994907053730583	0.932144534418717	0.962198062751755	0.998908330048215	0.909354161685396	0.98972638641367	0.943086677798667	0.925393804558573	0.95879731555045	0.978140966093823	0.87781385576687	0.961403248535192	0.994769796320925	0.856237956420772	0.997491414582667	0.979598616938808	0.97075869575076	0.94212257977715	0.558867454243957	0.977506357193096	0.808831719931044	0.966319578351973	0.991331380402941	0.981754385964912	0.956412543745282	0.859175524436196	0.99244919753922	0.967322112732748	0.90739296524923	0.997273057811174	0.936177158713749	0.975664286391783	0.841577464788732	0.935716903104225	0.872498927415266	0.803915799281572	0.955612662072188	0.843875470612515	0.909274269320872	0.868371948375058	0.919449476786632	0.801573403022874	0.9959728088901	0.858315770987004	0.980560875904062	0.997765393210026	0.776917442712148	0.848684997726566	0.990054758738033	0.993827528625954	0.943399576589497	0.928920113863485	0.77866558420749	0.940566111335702	0.924501565798983	0.907267488031221	0.984123096428417	0.997916721605443	0.784532148890175	0.993882436386204	0.879559357617732	0.854438870413167	0.986980455684051	0.989901397122345	0.990740185795625	0.993779723711029	0.990623637156563	0.965533536135149	0.950582015489496	0.984805574286357	0.985808139272667	0.964588083143341	0.970318781665197	0.983495924849937	0.92541526589784	0.939465907404159	0.971316510027381	0.984174676067399	0.993985866786949	0.976425566721197	0.995782643957826	0.986163719786738	0.991375540913409	0.946215753904826	0.606791357039148	0.948225568040603	0.969318650256169	0.980516972905637	0.885682479876691	0.961142168146443	0.930306543366315	0.998032657879205	0.975037241658592	0.993910420579364	0.861225815431726	0.966816287271561	0.99316451179779	0.524201472781291	0.978655672685523	0.980211941862992	0.986791693376467	0.506157960773955	0.841123436785907	0.868448244136506	0.580836988032409	0.709341528864017	0.970556552962298	0.775320506873968	0.997575867763587	0.887553597419456	0.775045822343422	0.856800159566153	0.983065374157702	0.994705984216906	0.943736044188506	0.994565463520674	0.954310658421244	0.831428850473679	0.972428030088796	0.956444599930032	0.927768417828151	0.797068696930469	0.990448901623687	0.966222970484558	0.953575920544737	0.992701940620335	0.823253772290809	0.923012767049464	0.988261590597736	0	0.983328028986217	0.973931783866097	0.99121873735633	0.935311443220247	0.987266969212184	0.826480204524389	0.998391467352974	0.953305826708262	0.93119379349421	0.819414529077736	0.9348112896386	0.919848541781079	0.975915179545355	0.692471095867677	0.997485343795919	0.964232916624804	0.941199770012138	0.994329943299433	0.908235936375592	0.558243940644187	0.94543286761046	0.952770399366233	0.890174650627226	0.984087874575011	0.956207002229808	0.470806398339074	0.971979246101168	0.989356918003298
"SRR5928452"	0.110979967869906	0.945788120451475	0.73992443324937	0.910935136577987	0.929953229640909	0.955650367708977	0.867287359949503	0.458234737340274	0.0866237765649297	0.93891722485098	0.182834793147138	0.635685571753766	0.673335238639611	0.661350293542074	0.689516622476035	0.922162869290309	0.351346125960655	0.881504468005632	0.773280702729749	0.926780643992026	0.79459093696475	0.954773558019949	0.68176563321072	0.235588972431078	0.396288388898013	0.945551257253385	0.973371426478399	0.863218781898605	0.993810005053057	0.604679180754732	0.856023763068231	0.727622467299307	0.945035018276634	0.901246124144387	0.47591734108588	0.244777475022707	0.564454465248505	0.686469787199447	0.896251607160518	0.849286604792908	0.914117860820059	0.914862614487927	0.978553959992475	0.24037857936163	0.944394110985277	0.491546819349894	0.961488500038206	0.801760745727602	0.849290472053287	0.842559943582511	0.902571825764597	0.847296981043763	0.835341293567963	0.417091727694982	0.834323432343234	0.839633447880871	0.559037493005036	0.90517448856799	0.681186794160469	0.247100288369112	0.244216128316949	0.432221491948735	0.876112182414831	0.584699453551913	0.866138727220685	0.871657754010695	0.592988005799394	0.651478535963795	0.182646212847555	0.958597847088049	0.864945035770372	0.953277028695609	0.40794655957989	0.860624932889509	0.885779602895728	0.900583739543841	0.748372670807453	0.410636442894507	0.9954464963319	0.950517104216388	0.908363898743311	0.219483336619996	0.559818061153466	0.329368063626627	0.73189719526501	0.765244429089653	0.924390667515776	0.907253978661262	0.856149491704699	0.545408716640442	0.394866193336974	0.555769966562973	0.525002372141569	0.975888730324395	0.726121037228055	0.819772043691626	0.660274799939604	0.915424072527735	0.907087269054833	0.493816837565462	0.95157754265561	0.93084878526406	0.927850268642617	0.530085061346086	0.990041598386487	0.652263198425601	0.397861279005875	0.478491911344298	0.304608467590858	0.599801579730606	0.819188544152745	0.301222730144572	0.638541282249136	0.625282167042889	0.800813910469848	0.719442578912021	0.916403785488959	0.983279904456597	0.334358673892876	0.617053481331988	0.306825712392313	0.812343239340275	0.393455372098588	0.10136575116314	0.865682220909628	0.498461405105535	0.430228611976676	0.562246963562753	0.652721369214683	0.749375887219149	0.276602462898642	0.669486687081538	0.328793774319066	0.420764393961346	0.877024868811316	0.23383327733146	0.24041179368825	0.920372723422279	0.877735937867734	0.907097240631401	0.960603989312123	0.358009813204786	0.881770596267638	0.46827805038753	0.934550714156572	0.936610687022901	0.516914042073931	0.978412546961655	0.203361081391404	0.760746745271432	0.503359065303568	0.869253285886472	0.587208261206948	0.927663734115347	0.77426045191573	0.785322242969501	0.901407740047429	0.964649898028552	0.627289896128423	0.791966712329771	0.357080402965216	0.83972556517827	0.0873792851690837	0.955635852654823	0.460642675772699	0.668136439267887	0.979795444562967	0.771275196042314	0.801310694072088	0.404214028278348	0.357449219066116	0.468675147708522	0.993014493550782	0.447596770542519	0.150140634457222	0.868926019956309	0.95208585673643	0.904010876954453	0.947237528648754	0.940607494520024	0.806475984889369	0.866445123046524	0.976099625364229	0.99104722274762	0.834853129486632	0.566837850205929	0.939524678452435	0.826468910439247	0.130471599791558	0.93786949247072	0.963356313272468	0.942635742345154	0.555843615472018	0.661063064813915	0.163109654111193	0.729066261064882	0.882766019701551	0.919628130154446	0.511782430657498	0.588106166433846	0.962415775483711	0.87258131420345	0.293084370677732	0.774722699578191	0.983328028986217	0	0.259662851501079	0.918027846422759	0.611796154177805	0.327632051742724	0.53556633428399	0.137138572872184	0.96164066226068	0.892557119161004	0.457649667405765	0.153726618705036	0.891349989502414	0.773730862207897	0.741072981636558	0.990296767689497	0.723414059699964	0.289336130569285	0.91043330912612	0.297478329393223	0.985009692009477	0.235578116809667	0.24015240656693	0.970863473114472	0.449149153596659	0.389951669101944	0.924260609426222	0.949931289956384	0.913085465958474
"SRR5928453"	0.32514450867052	0.927222281506776	0.712207932125783	0.889782739561101	0.905439553132065	0.978101116990006	0.85735231518706	0.554131636097792	0.25405707890319	0.977626781571097	0.381203077785739	0.542148157158497	0.631067961165049	0.634739759778257	0.757370411805445	0.766918888338873	0.465633658838404	0.869468592718478	0.785517341459875	0.886297376093295	0.724550898203593	0.959785522788204	0.650860033726813	0.168065257137499	0.208231707317073	0.966373292867982	0.979483312829874	0.867748901630799	0.99157134256472	0.427018489268791	0.912855910267472	0.594375408763898	0.956795768759922	0.93544382371198	0.598698156435347	0.330583040577561	0.518923257393344	0.672682016179216	0.807204844852344	0.87588815035526	0.929790346172599	0.709013390180534	0.970873786407767	0.382527611318625	0.969528056484578	0.400979083222074	0.980153853156721	0.719960278053625	0.813935681470138	0.751902638548966	0.920667738724251	0.79747031892605	0.783297196840638	0.261978761978762	0.873202146690519	0.775081661222585	0.549678107188256	0.962303664921466	0.51612599019238	0.234438067024625	0.195816741784448	0.569858148056561	0.87307722647314	0.698721697719108	0.803544787253088	0.874535369131355	0.415391248113818	0.460062520211275	0.37546111627628	0.853847608243524	0.838620264859871	0.976686198728338	0.573953058351369	0.805561334165453	0.890193654717759	0.874798582017402	0.678140703517588	0.217784931093451	0.993796846730421	0.937616431812754	0.881055850635764	0.327623673782436	0.688817869177059	0.48054239338643	0.650285242972026	0.625982797741544	0.94383226201408	0.937161947184219	0.855447404371585	0.674513517043228	0.259341802243518	0.680188881734278	0.355756602947614	0.929580759872731	0.807778264914401	0.706879361914257	0.536006128702758	0.954780670328795	0.873455812480203	0.412463548979371	0.876259164332121	0.935893210283454	0.961828463713478	0.337745236083732	0.986622073578595	0.438155355000261	0.189575408656317	0.334299592604199	0.476438010104936	0.591570038789438	0.792432035268185	0.180336534226059	0.607921256151863	0.585806249018684	0.672727272727273	0.68948468321525	0.820686880876955	0.983424470266576	0.434611094485404	0.549151456932437	0.160639951853152	0.764982586277082	0.332603414650837	0.299965647543799	0.826797642436149	0.379054483782065	0.389818491208168	0.491685130007385	0.734818234275822	0.718318540433925	0.411402704222018	0.575753551985128	0.247266806234008	0.405068303306276	0.89149846176934	0.329314453946446	0.337796146457885	0.911702645674404	0.8117426315378	0.877995642701525	0.960464333781965	0.245467444426927	0.7967242539825	0.612777736216054	0.906360994510817	0.967789646672145	0.290666150271108	0.976599808978032	0.413882049478251	0.712941176470588	0.302024291497976	0.862308972613103	0.665037336602608	0.915810244183178	0.733654459162712	0.728838728838729	0.938516715767901	0.955577822311289	0.558527245949926	0.858036915541715	0.147420814479638	0.756941887014804	0.296821968528232	0.980153934228102	0.305360304770081	0.470935215528107	0.97255369928401	0.571235469045688	0.801342787224697	0.373356347089283	0.209517772685163	0.612853746452949	0.990732678193805	0.268911707995157	0.243446947491835	0.8751178133836	0.922421665643667	0.884994400895857	0.93767635872899	0.9019088912664	0.753523055851469	0.908653047666501	0.936053581785186	0.98541523678792	0.791410524536832	0.479803011756668	0.950227210344933	0.780562851782364	0.327068945997962	0.893333333333333	0.953261600537996	0.786618444846293	0.639133866373838	0.620931794589974	0.274942582428277	0.815408071419387	0.932349824761594	0.952411087204151	0.3208800332088	0.656962814664085	0.933010357500835	0.921039752025668	0.416515634971283	0.80117348979864	0.973931783866097	0.259662851501079	0	0.868399806232844	0.397756595923956	0.522589238145978	0.480744661434568	0.330009066183137	0.985685315519504	0.884009942004971	0.42349716791522	0.248976919299394	0.898700074089042	0.609437890353921	0.68444419779122	0.98371335504886	0.568315281221454	0.141817877748976	0.898043672376005	0.152260866252714	0.96128813941684	0.285937207415267	0.436565149734828	0.963634027242354	0.328379412086111	0.559136047666336	0.9087915068387	0.963932333226939	0.898082989565639
"SRR5928454"	0.945945945945946	0.943901828199349	0.701587301587302	0.892244246374884	0.974046481496477	0.949509116409537	0.924521035910272	0.963973035719281	0.910854451670778	0.885670731707317	0.944342937456079	0.713330988392543	0.804077573346594	0.702500456287644	0.980866195742428	0.813293943870015	0.950789264488776	0.935087188791452	0.521480502313285	0.227386934673367	0.960779461800186	0.593220338983051	0.628901449987712	0.919621749408983	0.916429863084474	0.967476831613919	0.985419504565864	0.663299663299663	0.887485648679678	0.852367688022284	0.970998039013314	0.649316277018086	0.997221524319052	0.708255159474672	0.963279272261941	0.938434216368211	0.845616614592906	0.95356308411215	0.701957802699107	0.927718040621266	0.450322580645161	0.616921269095182	0.65314401622718	0.938390596061534	0.94220081511671	0.780332409972299	0.985374119325783	0.634398712347666	0.496527777777778	0.931833674164963	0.584020842379505	0.598310652275927	0.960146699266504	0.919034373137294	0.848400124262193	0.625441696113074	0.89655931332991	0.790235081374322	0.876004592422503	0.923195273555296	0.894023311564851	0.961158715569129	0.912590765858337	0.980239972295219	0.74337610398267	0.808646560689348	0.84	0.838163631700436	0.927834595121087	0.9525	0.287634408602151	0.982217177449868	0.959603637844441	0.566166439290587	0.873672055427252	0.475845410628019	0.750580945003873	0.832785448170064	0.915393654524089	0.955987818056784	0.302994011976048	0.922574990261005	0.980904780212739	0.943637621023513	0.668336409174796	0.801098230628432	0.682525951557093	0.631057268722467	0.972126787099634	0.976594059405941	0.901645428677471	0.980200212615167	0.922670509125841	0.9819932474678	0.988714491125047	0.845735907635587	0.742868785656072	0.791689750692521	0.323717948717949	0.890749806750837	0.893705364557382	0.444927536231884	0.799595141700405	0.861042654028436	0.87182320441989	0.806252228693688	0.817199356173833	0.912401841321419	0.946402735762199	0.956478786746055	0.921768707482993	0.863552653607902	0.91768826619965	0.889266304347826	0.868257519264231	0.895295046823875	0.90712955864637	0.921940928270042	0.951540325372101	0.748507923441037	0.903952956550147	0.889720778648815	0.913919116452818	0.922741636700447	0.312341289994921	0.799063116370809	0.906600962640385	0.953702079898986	0.978522676364403	0.733723482077542	0.943323351994098	0.737575476079888	0.888071515038644	0.954987212276215	0.670167250097238	0.926867686768677	0.932632827726464	0.305236270753512	0.376904176904177	0.251069028711057	0.584805653710247	0.898464885772997	0.507456978967495	0.96183742273834	0.492647058823529	0.722772277227723	0.835353535353535	0.97787610619469	0.947688356164384	0.709306637004079	0.856063971568192	0.528838342810723	0.970567328197345	0.324804548685146	0.636417732817614	0.685103244837758	0.845615479621243	0.563934426229508	0.805434957388648	0.989090550079805	0.856311706629055	0.436370081531372	0.919852359609807	0.990332326283988	0.793173455145286	0.848661746888424	0.670081967213115	0.606435643564356	0.83593900791353	0.924676678194135	0.867938070337332	0.967342995169082	0.995981308411215	0.862278042442616	0.921986896236477	0.401821862348178	0.986152995128567	0.888795045045045	0.872701045798774	0.980715411208579	0.926241006380379	0.861502668673874	0.986368427216302	0.842222222222222	0.963150269265466	0.933122717761457	0.986461794019934	0.535227715064227	0.940545004128819	0.644324688447289	0.512280701754386	0.859193815571507	0.97264655136136	0.710016011385874	0.916426705953258	0.986690038931127	0.983647460750067	0.892588188664289	0.854462242562929	0.974253716472042	0.404605263157895	0.967719621858428	0.942644005770787	0.737859500235738	0.99121873735633	0.918027846422759	0.868399806232844	0	0.840884246325762	0.966173835125448	0.95192889103882	0.946551285314329	0.983325227541166	0.664163090128755	0.904268769944006	0.91763100712517	0.766805182107064	0.564860426929392	0.935527252590776	0.85054945054945	0.72691466083151	0.903662057438079	0.246321177223289	0.897386253630203	0.992349067382123	0.923423846659776	0.959195485457966	0.916389351081531	0.810760667903525	0.971548570654383	0.979883510351916	0.877252252252252	0.215930304915993
"SRR5928455"	0.609538002980626	0.694838577010076	0.726864834548514	0.856657223796034	0.942213253808104	0.98011634056055	0.953031194820483	0.651461491240497	0.596464667130406	0.98104864181933	0.689709460426506	0.43217511595736	0.579930357708136	0.583843734481046	0.87371519029676	0.646575891069283	0.575469412477286	0.793079977311401	0.702772873610967	0.830628431970714	0.709089975085403	0.952717461133239	0.714205397301349	0.497380370241006	0.329017068864038	0.701022561272521	0.909784841604498	0.816300129366106	0.985014717687985	0.349220054106948	0.989530810977253	0.526084223758642	0.969107370420036	0.88712077847739	0.777485311398355	0.579519237925132	0.363002324809034	0.75946918688637	0.778658125421443	0.976689976689977	0.908990555623697	0.650027629397679	0.954934774015022	0.552813067150635	0.760911631907117	0.323157057078782	0.79445442299057	0.660883856829803	0.724710901538116	0.589312144582067	0.883673927689198	0.698648958094802	0.733195798160116	0.445894894333271	0.970067196090409	0.774520648967552	0.560343975486804	0.957879448075526	0.259923776018763	0.506563976894801	0.515080213903743	0.67403917679147	0.688033583321541	0.843711843711844	0.758489368454459	0.844457777111144	0.255155176004999	0.321019373654607	0.610962658444673	0.633711697935658	0.803961516694963	0.697871982504836	0.741654772319168	0.782820412933385	0.792439232129988	0.814747548129313	0.475652247811677	0.273316803356857	0.99034075664073	0.73602669526874	0.821346549014868	0.58303548398983	0.837217573613373	0.64062719927934	0.43574451712197	0.469928368698473	0.915199102636007	0.920418101912341	0.766155287504392	0.848064024657198	0.517501866572972	0.765317360641484	0.364375080613956	0.837371407841206	0.86330065798308	0.681490242460083	0.366692728694292	0.952188392007612	0.809793510324484	0.397424295161852	0.857889733840304	0.920080170362019	0.92773050472083	0.340873316620999	0.981619605753863	0.167820990942994	0.331285536893014	0.353543859649123	0.634364446845873	0.76670601053205	0.730524125373911	0.422826028357324	0.562590330551541	0.445950382216386	0.666988003427592	0.395060131902237	0.759120376255243	0.990199973513442	0.653355416513311	0.408305705810504	0.451032560496643	0.711071508130987	0.611150993060541	0.642905797972513	0.785814279048063	0.331022765885151	0.46472666805238	0.643788802187162	0.830369589197183	0.664982188716759	0.592592592592593	0.359977999816665	0.500288317379772	0.639964822391313	0.858295182036189	0.514007957668485	0.626684323787452	0.866813563471661	0.724241722620977	0.818203883495146	0.95475113122172	0.42027426727615	0.644608374918637	0.742512420156139	0.885853066180935	0.948359735561931	0.25310549597043	0.970752585899417	0.691018923338784	0.67808618821372	0.231883129365029	0.829012686155543	0.807276571077846	0.872159800249688	0.760136491368928	0.607944176060118	0.900183230084635	0.929183177809025	0.418811417875526	0.900287946062786	0.269515796511952	0.715619694397284	0.586681974741676	0.704875518672199	0.292736813035073	0.140033159035837	0.957514183929278	0.438880015033355	0.741513917175832	0.669240762124711	0.328808999755441	0.815261546153365	0.995857586687141	0.378664315627066	0.509959957423083	0.851730970975638	0.956611966030266	0.873349383526665	0.938266523993744	0.943693510300464	0.680928158316494	0.813371675053918	0.87216519939957	0.977342396374783	0.772647276769174	0.631714876033058	0.965134681857909	0.8512865242041	0.609505056833438	0.813623067279565	0.925351930776185	0.666308068459658	0.726505200539452	0.632362565445026	0.564450222882615	0.912284554786345	0.995835119740307	0.932354708558675	0.356686444545869	0.739226908514573	0.903568231231615	0.983141762452107	0.664782136942493	0.889718764407561	0.935311443220247	0.611796154177805	0.397756595923956	0.840884246325762	0	0.739719052325756	0.71450893419693	0.613602759980286	0.990760144789484	0.835253121672636	0.604687230742719	0.439830251591391	0.861978679633439	0.556400506970849	0.706884114787518	0.979235990949022	0.405889197171753	0.431925120161902	0.892970854763654	0.487374423024708	0.925303543111406	0.469898526300692	0.683494293239684	0.985978441854351	0.332532334440596	0.761286572369696	0.91833982934794	0.841508533237857	0.867965895249695
"SRR5928456"	0.31478842089743	0.75847917923959	0.882047249478615	0.974289124912001	0.982293762575453	0.970720559880026	0.997692805492248	0.435054593218948	0.372784368457781	0.962442378901232	0.278221037011549	0.778080415045396	0.80171225189983	0.884242483596122	0.682096570071961	0.95325694663443	0.380892361986388	0.912570006222775	0.874237047551455	0.959620130112914	0.830735509011203	0.977139819245082	0.904458816685487	0.453777043857931	0.555047000344505	0.967155767175202	0.98086301623557	0.911381032809861	0.996234390009606	0.733715621868389	0.58447857720291	0.851791969819456	0.932517366854118	0.920838525251044	0.449108852555605	0.259130434782609	0.706030397123713	0.793413476108698	0.950024658885418	0.753594976452119	0.954988016776513	0.962732496854704	0.986916602907422	0.310960841681037	0.968836391053028	0.702291962686106	0.975692248467017	0.882723790800936	0.908077791536164	0.88327868852459	0.936919546927924	0.90470954737035	0.888969630908045	0.611712228944928	0.911253656645402	0.92707234939964	0.756297537707877	0.944131577965912	0.777846430376903	0.431732000096611	0.42922337655365	0.413019479968071	0.912658482592071	0.547054941206578	0.918151179585941	0.752610945585699	0.649754202828185	0.758618596746783	0.278649378940533	0.975923946672667	0.928576645001095	0.972601839684626	0.444836987207408	0.922551094763871	0.963092210327083	0.938381201044386	0.839237416716142	0.601341890315052	0.997231301672755	0.689581977188464	0.946093050999105	0.25905012037645	0.522064136052909	0.377519695232459	0.836597920337168	0.893669975111698	0.951358042670939	0.925769373377827	0.882898475002449	0.554603854389722	0.623136495643756	0.522089153130601	0.647931116957666	0.983514752721291	0.688013714497521	0.894024421195116	0.774732220078504	0.933009384621091	0.962406571449715	0.647344756349496	0.972413793103448	0.962840129644984	0.963066715812753	0.669336768989469	0.994013584558118	0.802901659367832	0.642561739335933	0.616390322095877	0.364287513947378	0.71888127525676	0.868037868230093	0.503504043126685	0.77845	0.805738074936049	0.882760658732504	0.807096451774113	0.974391133148607	0.98980921002222	0.327260287361939	0.779162362976044	0.512828727029152	0.863916509162626	0.607518624641834	0.277696055897766	0.933193230837297	0.682799254494078	0.645777590010797	0.649417683778999	0.585899770406144	0.864345895108092	0.285972155943316	0.793957909029192	0.608725935419163	0.557757695060845	0.875419296663661	0.420312136035406	0.463942899335466	0.953667664670659	0.926955754165287	0.958866783621365	0.982956706992315	0.553773895354055	0.935899744319205	0.492912504052103	0.979242888075861	0.95874736525143	0.686654875335197	0.994584971441288	0.292781465144082	0.859499803587796	0.657181333801745	0.921929316338355	0.554044427174406	0.957155227589323	0.914781693845345	0.863848417426254	0.748100759696122	0.98126943201638	0.748509865170688	0.668943421949557	0.604964655597567	0.921286863270777	0.297723553042702	0.974434742189316	0.671560466172242	0.777991996027225	0.987676999617298	0.867095978625745	0.712279545079941	0.603700581458185	0.553613888331853	0.492051567148481	0.994844696481505	0.689964304204474	0.384221525600836	0.928639882049392	0.998300387954923	0.974579949159898	0.969315960912052	0.997783524196527	0.919666476202569	0.64412679831182	0.73886129493434	0.99501036309204	0.596565967441484	0.71793163325055	0.852645753466068	0.972297370414457	0.273198523119055	0.970984603349571	0.980451814102076	0.96969696969697	0.522812328013209	0.765848903330625	0.377853169356649	0.720626886011876	0.894580607362562	0.729271523178808	0.686022339865296	0.553228204311352	0.979901403109594	0.633539158980772	0.473615440613742	0.968703224928562	0.987266969212184	0.327632051742724	0.522589238145978	0.966173835125448	0.739719052325756	0	0.67106302593165	0.270809885001223	0.55354388449187	0.929437019596981	0.665589157867011	0.398527023118172	0.933116772097795	0.894473757289642	0.860337853913871	0.995089011663597	0.820885479747006	0.477972648501931	0.960100310663622	0.510197052818028	0.828127274315158	0.478380706287683	0.251334800706082	0.991122087978106	0.616207951070336	0.371410805076996	0.987094037809016	0.977051615298923	0.957101752550353
"SRR5928457"	0.560422253437194	0.97509636843173	0.820545285726344	0.683545928188281	0.69669231340145	0.884774622426964	0.716348337436952	0.601142908165543	0.487845460817337	0.995420965870932	0.510446856471747	0.740924270171281	0.725232797033005	0.78334461746784	0.545820419922301	0.916338893514398	0.650208250522787	0.753275620028077	0.903631933163147	0.952963254434288	0.570716256899147	0.97762520689021	0.817485569477685	0.563456367054568	0.549712337523972	0.931440871787973	0.774223497636732	0.892083589788681	0.996534331775845	0.669982944855031	0.793404690697308	0.793274041133963	0.957496431307874	0.982667222586217	0.714183965693766	0.586209563586442	0.764578306720525	0.463264622598423	0.757757375977334	0.891038749934455	0.955449145350952	0.876810173384499	0.989454859398125	0.557363176346649	0.973231805535217	0.677080639321368	0.86858576150402	0.806229920379941	0.911762962962963	0.590672446899064	0.91181960946991	0.921613008904905	0.769690100351091	0.552871379270231	0.921592384249243	0.80779468213275	0.444683541495663	0.972692946684791	0.691584323834073	0.482167942132299	0.531313873642147	0.619474322188636	0.658544001389975	0.770335878810455	0.745453574385131	0.85279094742908	0.726647301635835	0.649322189379268	0.556604297373827	0.795440424413325	0.915850109864006	0.914897092453447	0.62100730803591	0.862550197943664	0.726275370268788	0.949912392000483	0.795574979513794	0.619885635413586	0.997770690776233	0.977801801801802	0.948363328904457	0.531837943903659	0.695006644178677	0.642944703972435	0.856749623996141	0.826341414192377	0.911309911724628	0.979856893752631	0.822914507388433	0.444975959778391	0.355498613794842	0.760463719679365	0.631491414078417	0.713938897121418	0.838713914208411	0.653773381553421	0.774825328712109	0.987368800938318	0.962242631610541	0.645633544174658	0.726852963941602	0.965941631633461	0.939680450002992	0.537241642061149	0.994992426818336	0.729345944454201	0.611199681147868	0.517201090484227	0.577289922079602	0.539006371645452	0.716301398455437	0.553834808259587	0.668236412339065	0.581120304986354	0.669493278179938	0.791411347341785	0.621213988219928	0.996542569611656	0.533239333646666	0.80515080567415	0.588077481601812	0.522138367718872	0.292585692249134	0.562088353413655	0.930929223402663	0.636129227969058	0.396539735776514	0.515853028003402	0.530762064468045	0.760957902150945	0.532419387399292	0.824904900425151	0.529975109636127	0.631814259941956	0.96172501984302	0.489943521189712	0.416872547594826	0.954501393432691	0.927839670260745	0.9588308194541	0.980539014058567	0.624461844457313	0.915445817797481	0.639175813802961	0.975210109438297	0.963542300669507	0.644947516083781	0.994647260479942	0.514359741634128	0.815418023887079	0.634462299134734	0.918603279462074	0.74054157634406	0.963960673302286	0.900652167667423	0.888927923180514	0.976641692375496	0.975203575583175	0.713633346608257	0.840200794812801	0.562093947183921	0.882919426853824	0.580676991719936	0.929087363708769	0.645587001296819	0.734632942628007	0.990068472025168	0.818238178436567	0.914926147377618	0.437922176767196	0.609650719677662	0.387035664278066	0.995496347878742	0.525807727198716	0.576146459660774	0.930524804021303	0.64842776641101	0.696601815823606	0.750540657439446	0.582408371300715	0.516481464189	0.951797280210564	0.957054800987308	0.994744326964694	0.777705910888324	0.445744280621294	0.7852824572264	0.912038806408937	0.604526478628494	0.887258462879558	0.980052783403916	0.885935895973537	0.660056728967229	0.820595138532927	0.588348174820501	0.766717090639664	0.498860810129224	0.98624356023238	0.626301007764745	0.737835056598226	0.976853836262323	0.797208881464467	0.495397978785601	0.820387805424793	0.826480204524389	0.53556633428399	0.480744661434568	0.95192889103882	0.71450893419693	0.67106302593165	0	0.611254823798821	0.922555029559982	0.834366293284813	0.350910415149308	0.530438177027423	0.829417227115401	0.838233618233618	0.560992807784516	0.99480776362962	0.791481563749445	0.46825681492109	0.954679026932049	0.396007754415117	0.970753120856006	0.529318061139346	0.573429923915752	0.819881944061345	0.68783340172343	0.633819911431852	0.46644907894009	0.97856841851785	0.95207696729495
"SRR5928458"	0.0842503206642814	1	0.852043341950388	0.999074202657038	0.991619671717967	1	0.999346218281371	0.402010554407368	0.162270534427667	0.990648136121574	0.158872174084841	0.695326724661137	0.737263283463393	0.860669562995144	0.693347738848588	0.989468261690802	0.264202651655433	0.90804055647253	0.875058438522674	0.935323383084577	0.808040330920372	0.977335254814621	0.85128063894244	0.208872308503305	0.390733851876902	0.992628124211058	0.998138773079214	0.900232710782266	0.994785050478037	0.649662053427744	0.99438202247191	0.807733619763695	0.938896144769512	0.972129732396103	0.404353126936222	0.132578513839974	0.607108106724023	0.763067499896536	0.957719543081615	0.995091906457511	0.966103862880532	0.943841666212311	0.977308917197452	0.264928594331944	0.993089067619899	0.586125973904065	0.995810111071584	0.856794141578519	0.871262965222697	0.869047260005429	0.943986820428336	0.840044397854104	0.881533481249773	0.490560523700976	0.993874602715978	0.927772625606895	0.688566583685103	0.994029850746269	0.715054201646426	0.25346958958299	0.28465034564412	0.376696714282726	0.907335099707154	0.528262762168579	0.913874645292976	0.952538790411683	0.623503609613452	0.674008407969293	0.187358547160036	0.998529772114678	0.929403113126609	0.997212471608507	0.414740480351918	0.923947946594558	0.981183504792051	0.906492186507432	0.789090909090909	0.41409615716009	0.998125460266452	1	0.926758060421427	0.139217838368667	0.510672533823723	0.307026926475376	0.743833547737569	0.890848705174813	0.968166849615807	0.957866934976732	0.873410658057316	0.538568730065339	0.488893296310988	0.496910766737567	0.523127968251903	0.997221860485306	0.692277509886729	0.879555610216046	0.686637885648099	0.984771254169026	0.951497681413711	0.503478579274991	0.998010643059631	0.960170697012802	0.988668907981571	0.5553661308654	0.992795677406444	0.708875950042224	0.475684691011236	0.497678286783561	0.33026203424873	0.687964454102718	0.846873977086743	0.41180086047941	0.719964053643025	0.760119419565368	0.864500095584018	0.748572922567432	0.997501830555197	0.99507782359984	0.256566966847108	0.681076801266825	0.28256478576647	0.836864656629585	0.49927818902233	0.0813193588162762	0.897726564933043	0.561582124515722	0.55234954657873	0.579594807146043	0.668793065125583	0.82949780096144	0.197339007245011	0.673227490213136	0.434521651560926	0.424426210013081	0.92423605691301	0.24468018329044	0.344725111441308	0.951188346537184	0.883381924198251	0.935381288558163	0.985674858719937	0.357842479538441	0.916412190886773	0.475298426000916	0.971879373966153	0.975870967741935	0.544817810389394	1	0.204133952892165	0.824229979466119	0.528367258553486	0.919265167996132	0.549389902777568	0.941005615439231	0.893735312661203	0.783426598404572	0.965688344594595	0.975957140990461	0.651809899039645	0.780273091895718	0.436256390090444	0.915774531259242	0.117369608312256	1	0.534301452178267	0.685991797971077	0.978621696985792	0.795431976166832	0.842424871542015	0.511123739167495	0.348882083980033	0.462891540208341	0.998140111593304	0.559829893488354	0.148610906952815	0.924293363217532	0.99962924408573	1	0.99378565607172	0.998763403819316	0.917755976233246	0.94072827560417	0.997640055652419	0.995062057920726	0.870487694159907	0.658077433110585	0.976919530657466	0.968898228760132	0.0100908511850883	0.964350630313691	0.972415604886379	0.997063474135984	0.51629552684542	0.816511899325113	0.142630690237431	0.734403964066733	0.998554949298652	0.97553836504286	0.579864859461837	0.536285554241613	0.970722781335773	0.989777600478707	0.355840489354194	0.962789175032737	0.998391467352974	0.137138572872184	0.330009066183137	0.946551285314329	0.613602759980286	0.270809885001223	0.611254823798821	0	0.995575687348573	0.93151453912653	0.571721778791334	0.238966789667897	0.937503438411179	0.835174746335964	0.841902052428368	0.996932515337423	0.742924528301887	0.298150322959483	0.946578056105821	0.354653324769278	0.998673696798391	0.317652380413887	0.144087997932163	0.995448290462581	0.482525887573964	0.316624627379042	0.999417631214967	0.988778212079183	0.949531638310075
"SRR5928459"	0.99512419178179	0.615981493084004	0.985051607545379	0.828994082840237	0.976640550845413	0.869868715978226	0.993952483801296	0.996908108999464	0.988300271250694	0.930657193605684	0.993080802157852	0.985907095235514	0.981166205575654	0.986843547856595	0.962967599257266	0.923210304681694	0.994844308320572	0.893145223125288	0.938944835011717	0.976593521421108	0.92282615927084	0.984508355447178	0.985622623574145	0.994172594052618	0.992353170248168	0.985715831619955	0.927335177941036	0.98574760300596	0.993252163708376	0.989206645986487	0.403129958619831	0.987512285367405	0.999518918429947	0.879288351795905	0.994826524327654	0.99570139855906	0.961876510656998	0.924472905984724	0.803040390590324	0.506655018243486	0.984908824145881	0.985897285227406	0.99083569714161	0.96460989291178	0.990040098305523	0.947855677325727	0.993076409743076	0.987377279102384	0.978761531824517	0.890180310359992	0.991636798088411	0.988988854572311	0.995527644745914	0.990089679282566	0.818420723313728	0.834901222953904	0.865499734788209	0.938843433643045	0.988972646995477	0.908796360126844	0.924054706355591	0.99311679931168	0.872665472753189	0.996507792795706	0.946386697932211	0.680106699497281	0.83621066964937	0.993190992655999	0.992531824611033	0.99637352674524	0.985595198399467	0.994237907917336	0.99443525948627	0.983077672266861	0.833169957522289	0.989597059435467	0.990740224242762	0.989035588651834	0.997943293668283	0.523494028419493	0.99127000623571	0.993213009399682	0.996911767174099	0.99357052035602	0.990939840541194	0.93883004103445	0.934461028192371	0.899993140818986	0.995824378262204	0.996206313326905	0.991980365722977	0.99716826383493	0.993269655664706	0.92214699112869	0.99822034253172	0.867880364109233	0.990492897968423	0.88563975837452	0.971574991458832	0.99347137637028	0.815587734241908	0.98387895071767	0.944229594952168	0.989362158452366	0.990196078431373	0.988666414809218	0.985834770047994	0.994334483384783	0.973364215402432	0.981320694599331	0.900639819345126	0.897689101137237	0.991307182440509	0.990685150820507	0.938385953608247	0.992324054378988	0.839864803142413	0.983371015972577	0.996285213084305	0.969583475201453	0.993620705367721	0.856360922209322	0.886341807005187	0.989073496802391	0.985338039641596	0.988502994011976	0.98696011914612	0.912729563405534	0.913486808712228	0.986835609675827	0.995308048930347	0.991212138965376	0.989958301421156	0.995357905486956	0.848702230337811	0.992992566881692	0.977010862092672	0.991206643869077	0.989593188268685	0.981944444444444	0.984454839870457	0.994010268111808	0.989205358304071	0.995529517800811	0.977908996179229	0.983494392325598	0.988968803777082	0.998352892732139	0.993356033552031	0.985460153108994	0.99246565902513	0.985812807881773	0.984787237325269	0.990825688073395	0.954725874472836	0.991857835218094	0.604108733897055	0.975827790888937	0.991254873037615	0.893231280107811	0.989380677811424	0.986139630390144	0.935278324682298	0.997630866425993	0.960860298391785	0.985349326984708	0.99082902685785	0.987145152651312	0.679447168970129	0.984529995276334	0.993338070705276	0.99538430293743	0.996077627842988	0.989879874938292	0.990806906408127	0.984123753307551	0.998168711121446	0.826445865002265	0.806324758315582	0.996852615584979	0.89748149847972	0.499252615844544	0.572072559414332	0.993266486130425	0.517833981841764	0.903759155536407	0.796069478759115	0.983433342029742	0.990738791833298	0.838037121789982	0.986621592462058	0.992432102532804	0.992867687306142	0.833442123585727	0.995450606585789	0.997601118275691	0.878858143968671	0.560334662249424	0.990881458966565	0.997362777027564	0.989412690464268	0.386412272785871	0.913214511194211	0.985886503969421	0.953305826708262	0.96164066226068	0.985685315519504	0.983325227541166	0.990760144789484	0.55354388449187	0.922555029559982	0.995575687348573	0	0.799405736462313	0.879136592673294	0.975301056770705	0.874807167437997	0.98684290674301	0.906058614798265	0.992978863453521	0.968153233716033	0.992131147540984	0.983805668016194	0.990374407247505	0.737993867331407	0.992305207201386	0.99462622402675	0.800239030220249	0.925845684179428	0.996500106415683	0.935104895104895	0.985418529472453	0.982602644398051
"SRR5928460"	0.874702347204898	0.954779849266164	0.641530760536089	0.521788871554862	0.94271177224531	0.37050505050505	0.960592711253504	0.930883246585115	0.915019564563058	0.956598240469208	0.946679179285928	0.659301130524152	0.730414463165662	0.664511020192688	0.931617310468678	0.883275579062557	0.939680869717692	0.734639927073838	0.57728337236534	0.594037940379404	0.830777274311607	0.816961561928005	0.748337927679585	0.903416712696283	0.901035149584803	0.85390814890623	0.887254432199329	0.538461538461538	0.962276860895925	0.79421821572894	0.94319240081952	0.604945717732208	0.996350940326524	0.86241134751773	0.95442239453279	0.924359604810228	0.709775832338506	0.839727007540316	0.311863024867509	0.733227200363884	0.635416666666667	0.769872501180545	0.889105058365759	0.908247242164244	0.81029810298103	0.639622236531445	0.916910825632935	0.589266325422677	0.525670149931849	0.72478624403609	0.54464894342195	0.705367699219674	0.939066933345737	0.92442645074224	0.754372766597705	0.189342582374271	0.644096891092886	0.759382486026085	0.789003984063745	0.727802910557584	0.815991546319126	0.926085136078158	0.65321034978438	0.974993650731631	0.578960365477219	0.729980745271265	0.833501717518691	0.735246564268391	0.893133481871582	0.881741078572572	0.460508083140878	0.857800650054171	0.935376159042458	0.540517091792469	0.545826361777282	0.625998934469899	0.633709721839714	0.852815395580898	0.97558494404883	0.962857375580354	0.546178343949045	0.882566051073606	0.954207212364053	0.944935198916758	0.713461212018333	0.819488973088507	0.41859410430839	0.82881962187021	0.939984289080911	0.974827940225864	0.907577748576434	0.974095238095238	0.909565959262024	0.861233350935868	0.984656901448285	0.56049979846836	0.63317156722809	0.908788111708942	0.747607052896725	0.77525354969574	0.427762039660057	0.720529039677976	0.551300932744232	0.790638836179633	0.947385947385947	0.842831319569974	0.844386809929604	0.844694724362774	0.918548139034143	0.933756415766984	0.709190819954746	0.813443463400741	0.870632672332389	0.844214532048995	0.722312416178443	0.794544293403887	0.587140439932318	0.963230466185161	0.905548240150895	0.78323990225672	0.889016931123127	0.56687235149803	0.718119500218776	0.925875220027381	0.631177772313745	0.743388834476004	0.865984654731458	0.809663824365383	0.96640681095497	0.675654242664552	0.894753589753789	0.770455965021861	0.904650619303576	0.923410938654841	0.731848361533519	0.865552983797927	0.898054474708171	0.590065502183406	0.585773046213404	0.673895582329317	0.846439628482972	0.828560408832321	0.58497772119669	0.940727516179424	0.864879356568365	0.662870159453303	0.861476912818803	0.955453149001536	0.923717495482756	0.652162306460224	0.760943974058728	0.477631578947368	0.968974496297254	0.662196861626248	0.755999267265067	0.713929313929314	0.886141460609546	0.755877034358047	0.693399062161837	0.978583675714147	0.875018598422854	0.515348648099207	0.859177764910249	0.858417103213932	0.722016234091592	0.818913840923325	0.895250487963565	0.711306614532421	0.822228328067042	0.885896496746671	0.860940005062864	0.963170720492896	0.990722614690612	0.87891226269882	0.886100893326327	0.516936671575847	0.990677514233131	0.502499456639861	0.381475667189953	0.987494116856048	0.76038351861801	0.820095693779904	0.986828299064586	0.947965310206805	0.93153907805269	0.779910090287484	0.953909451582883	0.782729805013928	0.915139285914467	0.293072824156306	0.799258801729463	0.754545454545455	0.946638723198452	0.691410804508356	0.90159121601785	0.977289962083416	0.96149063909908	0.930011198208287	0.799278200107502	0.967635807192043	0.773083886541943	0.946728307254623	0.810007536782777	0.855205047318612	0.93119379349421	0.892557119161004	0.884009942004971	0.664163090128755	0.835253121672636	0.929437019596981	0.834366293284813	0.93151453912653	0.799405736462313	0	0.69006254343294	0.89610270937086	0.328809177573114	0.704102920723227	0.787289992695398	0.954787234042553	0.61877624475105	0.826474442988204	0.704998634252936	0.846302506678793	0.992724727177269	0.929353404036948	0.901887784153125	0.497538372429771	0.828701783492327	0.930807665549301	0.892690875232775	0.817243159525039	0.630769230769231
"SRR5928461"	0.493561387987811	0.977879381667755	0.666456957114397	0.472617354196302	0.894027184466019	0.780158151533846	0.827958684853741	0.615612063867534	0.466951089440804	0.990792462095636	0.532099988987997	0.548124848778127	0.509899105273177	0.630657933326816	0.677929810966782	0.962317577869745	0.66890520823268	0.628212860055714	0.8154956956401	0.906221712630499	0.502251157285083	0.954823937124822	0.659701805963881	0.485168662440322	0.54961756885402	0.878442361580829	0.7303235019498	0.791978246091094	0.992933753943218	0.557652724377646	0.712140175219024	0.678675754625122	0.97188408169948	0.965986792122027	0.729411302674469	0.612198581560284	0.574730656219393	0.392673561023182	0.622727272727273	0.808258362168397	0.911791396938714	0.901840490797546	0.978578139680551	0.567236219712327	0.950107478221518	0.437542231632056	0.772067806963958	0.669391556291391	0.827691951628768	0.510484581497797	0.827797708598542	0.846171829339567	0.739651747525904	0.537637777334738	0.850642927794263	0.672804827299209	0.111219853198182	0.945666546459911	0.591836734693878	0.455616754194953	0.439060422514404	0.599186958485608	0.52645636812388	0.792782668414809	0.563107721639657	0.761953017042837	0.615962070327934	0.505992887562014	0.508438481605707	0.747271366090074	0.838242984138051	0.847322970639033	0.60111166866098	0.76003003647286	0.519861246245611	0.902134054703937	0.648314550960632	0.423688031528728	0.995451674036639	0.979807615867716	0.897291128596312	0.523131071378291	0.69179733644028	0.629103168637099	0.731088855742595	0.793475446621213	0.826846336244289	0.960107174754391	0.758688884102524	0.739733349623543	0.437919409214962	0.78114450117244	0.566872135293188	0.686034875550919	0.864947820748926	0.487621608795381	0.628299894403379	0.974976167778837	0.927244673906593	0.390088386614485	0.57	0.931658414328504	0.881097021527573	0.333620588350503	0.99118609921934	0.646118331053352	0.386408751108671	0.344358172834527	0.587407195258972	0.555157155935307	0.561555831186592	0.396248839368617	0.471785414920369	0.532980908448096	0.546435965690624	0.648687190671923	0.455495644960597	0.992967916117285	0.523718887262079	0.643411634237322	0.454184256270176	0.306471213732341	0.185112107623318	0.502355023550236	0.863818739674298	0.397860638343944	0.406555456199315	0.463646815359853	0.765452884795264	0.570010270455323	0.505865025511546	0.67539538501426	0.340150867096975	0.607402473283327	0.927635327635328	0.402717142421004	0.395453720743371	0.909217286189181	0.859880098742212	0.918030813673568	0.960648004468996	0.410631343540341	0.874275321132204	0.672981920923541	0.95256155559569	0.926920026840725	0.510832428956148	0.991302793828558	0.538850778580558	0.667795611839199	0.472042696910311	0.843586950289548	0.792063255258839	0.927743195410716	0.81319520174482	0.785540670397377	0.957251600544437	0.949996913389715	0.492687989432965	0.856890679362754	0.397637047448999	0.815393258426966	0.523730556200458	0.872141997593261	0.428521434820647	0.658658242580431	0.979818238796615	0.752037436247963	0.845436507936508	0.354134338284194	0.447921720847485	0.692793415988223	0.994337392451689	0.411325591916755	0.513538516278242	0.863992922441758	0.937848493382146	0.484037494905583	0.554202192448234	0.92295652173913	0.422352877717245	0.916180561787669	0.988868467593716	0.991057371370993	0.74833204034135	0.321305143321813	0.913723694221408	0.829496238887622	0.561421782436039	0.79596612435926	0.959674917798871	0.920219343046073	0.687832973362131	0.688932038834951	0.543527681198181	0.797526104985809	0.87916158908116	0.974931335830212	0.485639283508338	0.790211936587836	0.955294844087681	0.75200604863296	0.481312502880317	0.753498777378908	0.819414529077736	0.457649667405765	0.42349716791522	0.904268769944006	0.604687230742719	0.665589157867011	0.350910415149308	0.571721778791334	0.879136592673294	0.69006254343294	0	0.529452369995398	0.683796539066597	0.754092202007192	0.486252204366509	0.991440619296369	0.682950534554197	0.415301517359014	0.909563535243622	0.316138347443723	0.992936971080342	0.527864332000551	0.52200940860215	0.671602567342194	0.472497225305216	0.61490236613262	0.718235704947977	0.959415099970158	0.904497769202942
"SRR5928463"	0.216534615270483	0.809294320137694	0.778376921002966	0.860570182271382	0.874827917992747	0.963542906096806	0.901422265816577	0.345204971248377	0.188609529101264	0.963330080632736	0.294501822600243	0.658712518347662	0.717509920634921	0.67374566376174	0.667147287127931	0.808206461195693	0.297963029432879	0.841004184100418	0.798819919754543	0.928914991645993	0.730198657133237	0.962252443249392	0.768850098974267	0.320665413795504	0.232827036827869	0.808945472820169	0.909309527516825	0.88536866359447	0.994850236468734	0.473607798402987	0.907025068598982	0.69929053011942	0.929430662871086	0.923611453353704	0.507965844823125	0.233099141295863	0.624661016949153	0.708276875512891	0.841588385994876	0.88163347415007	0.926023644020498	0.700365842776836	0.982136328022982	0.189259458490228	0.865663054942948	0.543559635919461	0.848699441645104	0.791718500088857	0.863949567512095	0.692237442922374	0.91897175251686	0.871365204534253	0.700062649215192	0.255699772792562	0.874169707175601	0.821817532583467	0.636174897766593	0.925925925925926	0.444269686484219	0.182050685887003	0.327141723955579	0.398411903018155	0.775437311109076	0.614709731144421	0.837996688741722	0.869023704298915	0.565006356177048	0.576530415687483	0.234231581014087	0.665044294268007	0.867392477073219	0.813094476434208	0.435974833618213	0.850531524926686	0.81401245385734	0.916628816553116	0.71075762123226	0.39080080630383	0.99621251972646	0.818759263180182	0.913762670835645	0.236542188913296	0.592471182110593	0.318082372182927	0.728680758017493	0.616984139030128	0.933759953104392	0.938222778473091	0.801293985364325	0.59277006656083	0.419606700655499	0.534456887428725	0.323337641821054	0.860051448740702	0.707352358303607	0.761259045879295	0.657952919755495	0.94510118212783	0.900554141081324	0.557193009528953	0.89520264681555	0.942166948154972	0.936230444499628	0.487129471594274	0.99171212757029	0.428119825380099	0.41676285512157	0.383195165649388	0.298346750118383	0.622671365892253	0.804003119313751	0.330410230858661	0.642841993637328	0.553331913987652	0.654624851131401	0.625490341203464	0.805056797361671	0.986078400586173	0.334375	0.648622816925884	0.387901397117987	0.8048929249119	0.451542451542452	0.226248185577739	0.88533386327504	0.527692132008679	0.401533234113055	0.518791514891793	0.613047962319118	0.771617217590045	0.276006019125285	0.689205430669931	0.441414630770296	0.45551459863693	0.911529184756392	0.223876443578684	0.263906515648572	0.923852978453739	0.881548974943052	0.916952919781774	0.967134933388627	0.43568401937046	0.826706459998074	0.466084013733962	0.935223081198525	0.948193940632504	0.361702127659574	0.981870085641308	0.299356920927768	0.783721818876576	0.453668593307072	0.889530090684254	0.546417889189574	0.939486864969846	0.795539033457249	0.818216664270998	0.918147456228005	0.96914185458486	0.669291984576257	0.776113954403923	0.292614310409111	0.814013346043851	0.179682577780445	0.826327624978377	0.479109062980031	0.446508554225714	0.983172197543768	0.710077030496869	0.842330762639246	0.472547621472955	0.359558612783032	0.526855722896624	0.99357921079906	0.412267708052788	0.216237813648713	0.890936180779737	0.931805929919137	0.864307485255116	0.937819025522042	0.878279499011206	0.690496298872274	0.853216052776251	0.842311105268347	0.992549451702608	0.770880526123493	0.502633311389072	0.944976508202282	0.831435739096874	0.232847619609463	0.90959863687997	0.969428467796259	0.755934070979294	0.458323818223339	0.696804037005887	0.226217816995044	0.750156947394673	0.924134811128704	0.941736694677871	0.391624260761931	0.492515473873663	0.961496774193548	0.91471447002105	0.266907123534716	0.846346145261372	0.9348112896386	0.153726618705036	0.248976919299394	0.91763100712517	0.439830251591391	0.398527023118172	0.530438177027423	0.238966789667897	0.975301056770705	0.89610270937086	0.529452369995398	0	0.908044943820225	0.739696511254756	0.664602564397689	0.991924065236772	0.688327687095781	0.285527282015261	0.924956900922827	0.281155286147263	0.899956276416332	0.121358854100646	0.32099146354006	0.974920538163452	0.50453219218051	0.445840236562297	0.889225868758577	0.913920240782543	0.921582515430537
"SRR5928464"	0.808010666074107	0.943715899301235	0.454545454545455	0.563640008017639	0.944616927319359	0.255787690570299	0.966376089663761	0.887888621375484	0.925703305907277	0.960243837794858	0.950852726203478	0.56327482508899	0.527666588179892	0.708564231738035	0.929008882655446	0.867943893260349	0.938638409862179	0.706586557862171	0.628212137780208	0.694547248951394	0.824724785145584	0.83411150782752	0.814701378254211	0.912243019331083	0.915519643354695	0.628606356968215	0.868987958102748	0.397350993377483	0.966386554621849	0.78701534275565	0.844132057328632	0.650321658327377	0.996244502228514	0.840627041149575	0.959071026869402	0.932869963047686	0.728170083523159	0.834990872183319	0.549339549339549	0.725455935350005	0.695337820992271	0.818046456223943	0.900783289817232	0.910090601009752	0.727906976744186	0.662018386530317	0.743747257569109	0.381497797356828	0.632738719832109	0.70471855842467	0.386230058774139	0.746080139372822	0.901017042964876	0.930066834860355	0.744014084507042	0.394572025052192	0.625279642058166	0.825242718446602	0.64376984434291	0.783645109567076	0.801483720291249	0.872886039571129	0.643003693065244	0.972259941804074	0.424722287875207	0.559617058311575	0.882857421303966	0.602495369919095	0.897396997764293	0.747142523909494	0.581930534839122	0.555440815799664	0.88930171009772	0.390466862553053	0.500044959985613	0.678892397376731	0.47672131147541	0.877103650642962	0.978260869565217	0.953481012658228	0.652868554829339	0.81093186067748	0.916110310680006	0.95175424619993	0.75919411576591	0.820758258258258	0.403310287031217	0.843348141220482	0.884366975332659	0.9759823266177	0.933107854190154	0.971478377753975	0.92341894648742	0.83929867340126	0.983102954636127	0.527725563909774	0.711222689645814	0.889357712142522	0.726748211400877	0.605203951873227	0.393539259608583	0.745899505337152	0.519945909398242	0.683806010298978	0.951871657754011	0.869045429464778	0.882426740747379	0.751059014681135	0.915736318559304	0.892468807937065	0.654214002642008	0.831609634205595	0.75582134396487	0.764158081601769	0.628905712319339	0.638643588837866	0.554347826086957	0.967145790554415	0.845688988827208	0.77568306010929	0.899347303332188	0.559432459823368	0.776514427670552	0.925918808551525	0.703386004514673	0.601059301995649	0.839702706774469	0.78845408756296	0.945223661540425	0.447345188548367	0.830693224592221	0.790749224176149	0.911818181818182	0.906046976511744	0.761526232114467	0.785343677422543	0.843532977784599	0.691085175068289	0.713078291814947	0.681795998047828	0.873086557194545	0.842183715297186	0.660362490149724	0.935890908285923	0.755191790862448	0.69341935483871	0.883989968449155	0.843523073319279	0.919600325316603	0.508338637810312	0.739380723942433	0.473898029656713	0.97728940416789	0.704239917269907	0.700103057368602	0.750241639280882	0.86200300587512	0.806574300461831	0.523963133640553	0.962905319860976	0.891778341180732	0.632336236274139	0.883967560823456	0.58631834096418	0.75575323921872	0.835181975736568	0.906313645621181	0.795416089832333	0.841141062549071	0.825795502757743	0.884067463566399	0.962837144615946	0.978961485268849	0.91360845351992	0.880413164816835	0.573585756141537	0.992068647225736	0.52807109252483	0.408267765705008	0.989329064959317	0.745765472312704	0.813063063063063	0.984010984143857	0.952395120499851	0.886686132882537	0.811433256316613	0.96360114275482	0.800397614314115	0.921226104152933	0.449723756906077	0.838933629547348	0.792865362485616	0.907976073779183	0.742143033902499	0.913188455789353	0.957328773251941	0.949144219977553	0.904622352471027	0.837740923352757	0.966947172463575	0.844982322545553	0.871502299617316	0.857124352331606	0.830523646128599	0.919848541781079	0.891349989502414	0.898700074089042	0.766805182107064	0.861978679633439	0.933116772097795	0.829417227115401	0.937503438411179	0.874807167437997	0.328809177573114	0.683796539066597	0.908044943820225	0	0.793949304987735	0.787838373643802	0.956096113912785	0.701891622813256	0.73449401523395	0.730616302186879	0.762753397193139	0.991065206570433	0.940034530677559	0.825040958868673	0.652221763653873	0.879084640751474	0.87481632015007	0.881356323430972	0.755015341043191	0.707472959685349
"SRR5928465"	0.830676383511729	0.905094905094905	0.37244647818271	0.797295880934912	0.93609490470634	0.960213289581624	0.854000483442108	0.878808735936466	0.736958710976838	0.955035971223022	0.827549317471864	0.436575875486381	0.533076827603326	0.356524057043849	0.933296523853718	0.669439822518025	0.840371294961499	0.837464556846245	0.454257425742574	0.611725663716814	0.866158234848926	0.83458177278402	0.322501230920729	0.767124374950393	0.741032670779072	0.974686813896423	0.983919742715883	0.620608899297424	0.966148531951641	0.591996248241363	0.935987290907392	0.157670021347972	0.990421830489946	0.859961501443696	0.90081904611414	0.796905135680646	0.601607501674481	0.856496801235385	0.591214824982842	0.856422018348624	0.747621712367096	0.524765089982481	0.886378737541528	0.800639022506232	0.96485284776625	0.519904803115534	0.986855027574224	0.354150321669543	0.426987060998152	0.782412894050723	0.749017795239196	0.371841155234657	0.867719690615972	0.745983029427695	0.760442494754911	0.454458446323178	0.725199616735867	0.891935921802878	0.632414235331837	0.749466425874241	0.758090786771475	0.889289810075243	0.813259535555288	0.940250034237865	0.583551401869159	0.771787549971445	0.539087947882736	0.532478110364488	0.802202267278859	0.86316806181584	0.49906015037594	0.985772913816689	0.888314161455519	0.538055897345755	0.825720703856234	0.578804347826087	0.464385086254869	0.574349775784753	0.97495652173913	0.926903220519544	0.586356253383866	0.777039007092199	0.93800417673314	0.851861427094106	0.423757950833763	0.492513944612976	0.819188191881919	0.825520833333333	0.918669325217756	0.922435458076308	0.689059923034634	0.937722570798711	0.757601713062098	0.947606727037516	0.964875862475674	0.56126834806585	0.381130986728217	0.899190389135544	0.685318275154004	0.695278969957081	0.765568676196395	0.760282021151586	0.8985	0.618578018132655	0.9522021167634	0.460764587525151	0.479574706211528	0.727077875684687	0.832778394376619	0.865491298730907	0.802466464733881	0.60486757337151	0.75850622406639	0.674629718107979	0.600227063080962	0.722421236336916	0.761183325862842	0.962314939434724	0.83621766280107	0.459247421182624	0.735343981440171	0.703969499887867	0.748426445474506	0.789576994798312	0.435512146255948	0.523677979479084	0.75374820291641	0.849025708203701	0.927128519725866	0.467431927389215	0.816651374316831	0.498578199052133	0.6847136253232	0.86214888291462	0.723612622415669	0.785656565656566	0.778428158901116	0.683008356545961	0.412663217541266	0.627970499863425	0.835234474017744	0.711178013013499	0.434791981030394	0.894805078683834	0.784463894967177	0.871436881908086	0.55870513250587	0.986951983298539	0.839505200126064	0.464276085198167	0.584149437794704	0.619705751226037	0.911012482662968	0.686971728359079	0.442154131847725	0.369087837837838	0.88956698634118	0.82059186189889	0.594322455416717	0.970818159747512	0.578994614003591	0.312693498452012	0.8051872528495	0.991701244813278	0.449167087329632	0.579933351346483	0.892666666666667	0.180079155672823	0.585843164469119	0.802619634288679	0.704169143245309	0.902266028002948	0.994193989071038	0.58523104134424	0.794191419141914	0.594	0.952191509515198	0.785276073619632	0.880845442536328	0.93741160624088	0.7646229739253	0.844604008144893	0.961135087993918	0.951436388508892	0.879860121745888	0.784899799219608	0.959468731621251	0.572828216851731	0.827207744695222	0.722811936711396	0.813527180783818	0.696068012752391	0.90736629667003	0.373185088293002	0.784749660907	0.958480618297286	0.956046304541407	0.928995756718529	0.561510541354545	0.913190054782975	0.776543209876543	0.941239392426727	0.81348750123181	0.69996808171082	0.975915179545355	0.773730862207897	0.609437890353921	0.564860426929392	0.556400506970849	0.894473757289642	0.838233618233618	0.835174746335964	0.98684290674301	0.704102920723227	0.754092202007192	0.739696511254756	0.793949304987735	0	0.792060353035963	0.953646898432175	0.305732484076433	0.697221124720137	0.635907443546139	0.675894742850619	0.978078900942157	0.758558558558559	0.869051280924551	0.93384074941452	0.59226750261233	0.905730949664004	0.935037075036142	0.94	0.639217846323327
"SRR5928466"	0.781996325780772	0.955812630381187	0.763578044473276	0.590875549424107	0.82452633884569	0.851116812556595	0.883192808249361	0.641903607561908	0.743202853837254	0.993991347540458	0.789897104251395	0.667939191492263	0.71170624894728	0.71871889052899	0.573287369673352	0.876835447719791	0.829315544548523	0.767692095461443	0.861383911837469	0.938440817620029	0.355471401521918	0.970602448453608	0.775188485263879	0.817863090542554	0.722863859362224	0.899084130605019	0.576421145764211	0.860132953466287	0.995432858948742	0.496310499099413	0.862096211945155	0.736110125594267	0.959637477302114	0.961759230530562	0.880098659373479	0.773285067049154	0.751280376722923	0.372521246458924	0.692456680385986	0.857651245551601	0.941671295928895	0.75346687211094	0.986119003165841	0.713304995110659	0.949527532161967	0.669085255247473	0.912347626559587	0.765151244598407	0.885267375558638	0.333895091636823	0.885340011558467	0.897917232284839	0.626254802329905	0.589164991777818	0.893491124260355	0.754095422446858	0.480406619638978	0.964284303267354	0.562338728594886	0.639658153930979	0.768049455928837	0.823280294184284	0.418509803921569	0.912291554969	0.778572151215729	0.84998189777178	0.723006486074018	0.620222575516693	0.745020437293194	0.715552684130154	0.890511512903724	0.896813877945953	0.790731892803412	0.823553098802943	0.738982421391434	0.934645171487277	0.726401998889506	0.741655988772957	0.9970615842958	0.960391357039402	0.932469789116184	0.731058205847742	0.875294451539662	0.81244769078597	0.800692293678266	0.770779037271957	0.884686488984748	0.973692476833674	0.844637118371719	0.871534146078326	0.703752071927269	0.903203302133597	0.655155304157984	0.480481667864845	0.936793436892109	0.661650814217144	0.713375350140056	0.979102015162824	0.93441466854725	0.721780098045457	0.691504060930813	0.955337168424417	0.909395973154362	0.65352903338986	0.993403102984892	0.625822547949478	0.694590417310665	0.700759941703102	0.76923646049127	0.778348743965306	0.724748230132615	0.699589864599135	0.715933295236116	0.642760346085687	0.502981439489376	0.730893433799785	0.544581032852393	0.995447154471545	0.763720218315107	0.737083932517274	0.809167047358002	0.480359948578774	0.479239370415213	0.769271056515736	0.909917645681277	0.661188767157789	0.699785908913974	0.716389011368211	0.829626504329657	0.749931318681319	0.761045079772995	0.76099864081837	0.725276961995871	0.836072404055368	0.950577737101018	0.747706864922275	0.689211495323147	0.940439368704893	0.906178222447152	0.935782355965044	0.974418979987088	0.787564604541895	0.874290935394221	0.820746187692122	0.951352634076887	0.952206175696162	0.616773962804006	0.984760408483896	0.775206330298647	0.766095159402327	0.677364037236649	0.894539327563759	0.753008467299843	0.95275150644479	0.856587568948284	0.856091640115309	0.955454226587162	0.967433258282406	0.695222791336078	0.932588603148804	0.684478226082981	0.848449363502436	0.808417473727591	0.897263864136702	0.678876098056005	0.667654517124439	0.986925450706513	0.767080745341615	0.891929386466896	0.72230289761176	0.784283789851819	0.849289798930087	0.994850395098997	0.61672869846862	0.804285170482354	0.909395973154362	0.922000677600291	0.605995578098582	0.684156449071854	0.841083221253381	0.524556840287644	0.926031202558222	0.907064373671756	0.993157380254154	0.777929042219381	0.163685580426861	0.917890761669397	0.869799016055833	0.8336844777256	0.838398257015138	0.97378186511778	0.804062477084403	0.781561718508528	0.769343763877976	0.819204354023584	0.898024208780199	0.912198458845543	0.972541640532441	0.539115597073199	0.729067909093372	0.969840759208622	0.874944639046584	0.45616562001882	0.837240983724098	0.692471095867677	0.741072981636558	0.68444419779122	0.935527252590776	0.706884114787518	0.860337853913871	0.560992807784516	0.841902052428368	0.906058614798265	0.787289992695398	0.486252204366509	0.664602564397689	0.787838373643802	0.792060353035963	0	0.993404445892028	0.733895542484586	0.692834247840495	0.940670235970652	0.661021278769765	0.937824344418076	0.675419466820953	0.802590965416244	0.770765987350668	0.769151868709533	0.836241913645253	0.506711721486809	0.955639452571968	0.937289678926323
"SRR5928467"	0.996221322537112	0.984585741811175	0.972148148148148	0.98381638958364	0.996466431095406	0.941838649155722	0.985310851349953	0.997031200936314	0.988899275531666	0.881756756756757	0.995927272727273	0.970197341925091	0.981931112365895	0.971422567766338	0.997912089246046	0.940712945590994	0.994084912635716	0.992678590105638	0.933217692974848	0.844036697247706	0.994938310661183	0.830434782608696	0.954016124216184	0.994317605276509	0.990246545651585	0.97999599919984	0.995169826833153	0.945724526369688	0.562913907284768	0.981094527363184	0.991210204737914	0.964341898269533	0.999644760964305	0.913597733711048	0.995117381553922	0.992839240959542	0.986443550095319	0.995167064439141	0.970050649636644	0.983935742971888	0.821686746987952	0.961527581329562	0.827067669172932	0.994016396627424	0.958564931783729	0.979076923076923	0.988754407700372	0.952604023146872	0.934343434343434	0.991717072639093	0.934301958307012	0.956059532246634	0.996615231458437	0.990212239851638	0.961584633853541	0.960283687943262	0.989466346526218	0.865814696485623	0.982942868886149	0.992143731083779	0.983299639623802	0.99454661132487	0.990056204063986	0.997064235357357	0.974247301647415	0.979703876226917	0.982768361581921	0.983328623905058	0.992134266245941	0.985537190082645	0.900793650793651	0.978098992553658	0.995625086529143	0.935483870967742	0.979848866498741	0.86965811965812	0.968496849684969	0.983821080180823	0.450381679389313	0.988159424886352	0.890526315789474	0.991320145337101	0.996702676905723	0.993900709219858	0.966156849983729	0.974581939799331	0.934673366834171	0.941605839416058	0.995137396811037	0.99734833266372	0.989641331088955	0.99864962189413	0.993473895582329	0.995522578994499	0.998122889774625	0.985814123291958	0.971824259789876	0.887557603686636	0.835069444444444	0.988923601249645	0.968685153744577	0.863636363636364	0.89171974522293	0.980671414038657	0.491891891891892	0.982321591056805	0.976184507395337	0.992171932820951	0.993600969958238	0.995807584460839	0.991107723577236	0.986281845715304	0.994478267025343	0.989142857142857	0.988016565336153	0.984035367800565	0.983830697895613	0.719298245614035	0.993987579605237	0.976805991785455	0.989601796053409	0.986457255713345	0.992338459805081	0.989225360099807	0.89111289031225	0.981601731601732	0.990796079368874	0.993163254290958	0.99795141937372	0.963774220724516	0.993370066747301	0.970998326826548	0.992214791895399	0.995645246946362	0.941653160453809	0.993198874296435	0.99326981907176	0.877068557919622	0.872243346007605	0.83206106870229	0.669902912621359	0.993909704753078	0.936675461741425	0.995903981710802	0.822368421052632	0.907780979827089	0.985185185185185	0.966911764705882	0.996201413427562	0.959349593495935	0.982134234669242	0.901262916188289	0.996454384290195	0.842794759825327	0.950018932222643	0.969879518072289	0.976800386660222	0.792	0.968721585742862	0.998427490771854	0.98230421686747	0.92574964302713	0.9911430943814	0.987279151943463	0.981008239072755	0.979423376001914	0.8203125	0.954819277108434	0.983411791078234	0.991073618127422	0.988486660024355	0.995771878072763	0.994197292069632	0.985773672055427	0.986135740770595	0.92515923566879	0.997252399631243	0.985902255639098	0.964359718193121	0.99588526590273	0.993638617334768	0.985425838773341	0.996235854675402	0.211111111111111	0.994701765148769	0.992728195154949	0.99841243315508	0.92644672796106	0.99094721427145	0.953757225433526	0.752380952380952	0.958649207443143	0.996367987010212	0.961232401550704	0.99014986280166	0.998418923636065	0.993762583395839	0.977346278317152	0.986673199412053	0.997088674133678	0.681451612903226	0.992490712196664	0.995090075453988	0.964224872231687	0.997485343795919	0.990296767689497	0.98371335504886	0.85054945054945	0.979235990949022	0.995089011663597	0.99480776362962	0.996932515337423	0.992978863453521	0.954787234042553	0.991440619296369	0.991924065236772	0.956096113912785	0.953646898432175	0.993404445892028	0	0.972987012987013	0.985693618389326	0.907473309608541	0.988358714043993	0.997615931794918	0.992511912865895	0.997401688902214	0.972113502935421	0.977439203047173	0.997778086376892	0.996960789198346	0.922348484848485	0.846674182638106
"SRR5928468"	0.714502164502165	0.913051436939411	0.549395877754087	0.827866500908482	0.937977682665851	0.825966850828729	0.945374052675021	0.816908324933447	0.711397766653831	0.966133584195673	0.801441218859378	0.297240899605843	0.413351164604926	0.507542463475472	0.912714001789886	0.683162055335968	0.773273835882413	0.798349574225266	0.508548441166611	0.670344218887908	0.787071165296286	0.855339805825243	0.567984020545014	0.645135035146134	0.637646547980894	0.929091119066867	0.965149593725048	0.618742205594156	0.970611388087116	0.483296863603209	0.969172864952057	0.234145036125234	0.986000281169413	0.885252365930599	0.855478694679456	0.714273404851148	0.371912659587161	0.816568047337278	0.576149250091452	0.914279784142798	0.738084632516704	0.603891591382905	0.912888436067244	0.75902302956084	0.893952828515694	0.404133858267717	0.959443227584258	0.433392783646591	0.43211289092296	0.679433010767344	0.713141331298875	0.484125419049497	0.838412408759124	0.713245492371706	0.838934892027927	0.541823242867084	0.642870074226058	0.823439878234399	0.471027479091995	0.608629944238887	0.623861142515129	0.830201543622331	0.774888812863496	0.90728247708009	0.564478246281177	0.750180953365733	0.383985102420857	0.340286831812256	0.762682649743409	0.824737631184408	0.581593194122196	0.936542669584245	0.860062853551226	0.599394398183195	0.861551724137931	0.645778938207137	0.331194471865745	0.471241505055528	0.98100764969665	0.932007012729629	0.629067245119306	0.697819049241779	0.893806021142329	0.831010671688638	0.250259913857122	0.602155365963179	0.69002284843869	0.859125315391085	0.863291658126665	0.908907185628743	0.65225583586308	0.900274473924977	0.659930598081241	0.918632615666514	0.943407894890375	0.573337359402129	0.159785932721713	0.92581664910432	0.798420615128845	0.508129321622127	0.708291485325299	0.775925925925926	0.763222131814483	0.474870274277242	0.965669700910273	0.417246542764027	0.454201752878501	0.600045167118338	0.801691053010314	0.839081028891145	0.677901463615749	0.549240897487572	0.70403688294164	0.624122310305776	0.583050169898061	0.551300516817758	0.770358710960152	0.97119341563786	0.755018831415639	0.348634440312861	0.602078693392725	0.578395018540544	0.683713978795946	0.762374377758993	0.609289060908535	0.433405718422005	0.706453511180855	0.761470223522305	0.910140294796661	0.519980970504282	0.727360197051919	0.303615788020977	0.64938957526135	0.768519341929747	0.771003447650154	0.682660745317629	0.733102253032929	0.666666666666667	0.524824120603015	0.734760760323356	0.879174852652259	0.530544903237314	0.481548154815482	0.870673793043021	0.89676290463692	0.7859439595774	0.483956386292835	0.969250210614996	0.799847908745247	0.486681065514759	0.406396517079705	0.636060718252499	0.879689403720609	0.728548424200598	0.693064592921758	0.328733191790517	0.898948448320082	0.805288461538462	0.389234632601812	0.952942499558183	0.536824418930272	0.460857490019094	0.688935512367491	0.940796963946869	0.346455965252749	0.420916881604127	0.917773237997957	0.192836676217765	0.61753478635636	0.760655328703896	0.57803513747735	0.883942264321155	0.992358258011504	0.543251639627201	0.671480144404332	0.653783563873068	0.967752327020566	0.830346475507766	0.814989394296488	0.957809990981281	0.772754502975358	0.830584561335025	0.957181987509587	0.967708333333333	0.820753523443233	0.725039358547212	0.96038592508513	0.816663641314213	0.727773912112616	0.677102724657302	0.840686274509804	0.637610484608351	0.859628264574169	0.439084219133279	0.691042354389302	0.947081989273911	0.980959608154255	0.937891309792136	0.489073205914172	0.875230601257483	0.825794032723773	0.966645949865341	0.760515322554928	0.872737399053188	0.964232916624804	0.723414059699964	0.568315281221454	0.72691466083151	0.405889197171753	0.820885479747006	0.791481563749445	0.742924528301887	0.968153233716033	0.61877624475105	0.682950534554197	0.688327687095781	0.701891622813256	0.305732484076433	0.733895542484586	0.972987012987013	0	0.560054651596075	0.761048190095492	0.612693246541904	0.975976941822635	0.726904978122678	0.775609343978372	0.911461022199277	0.466526797634942	0.837851158206013	0.937308798684992	0.855810008481764	0.700021992522542
"SRR5928469"	0.208333333333333	0.940260272568911	0.68336852882831	0.841461494041682	0.934578518907563	0.856646273637375	0.959395957844792	0.482731637163463	0.299918278398257	0.983805668016194	0.417525929981446	0.475665001742363	0.536350697409621	0.730292163893951	0.740867157696738	0.801970905678085	0.443569000500672	0.788423535411487	0.783074598159088	0.896068271868333	0.673247913911814	0.951541850220264	0.802961348631498	0.134482290677161	0.237118744447735	0.841632369138021	0.929534529253136	0.741217881027807	0.992098685801822	0.420321047439692	0.895308961501132	0.594671978090377	0.954952151088375	0.953161592505855	0.577244676593863	0.313398107096815	0.48494668002121	0.663418683911562	0.807181563746799	0.97377660741716	0.89711053355756	0.771710901374549	0.972679341747883	0.396351575456053	0.927903871829105	0.453498293515358	0.864585623213893	0.583149675713116	0.798785776235906	0.679704604123779	0.784893386338995	0.80897313913489	0.773649679584986	0.361419909044972	0.956341942919124	0.789820624960385	0.536621229583118	0.92707148813585	0.429130276564774	0.185414491918937	0.116340090566677	0.48956008749641	0.778951396861845	0.68113360056746	0.669195231848514	0.73794009746482	0.442064969997931	0.354267977237455	0.381341774377913	0.752598942184935	0.820691659401337	0.820549411344987	0.540761262844501	0.695334605514246	0.824881141045959	0.872459811950258	0.551149976042166	0.264013941330235	0.994185577000727	0.94896596195477	0.870474170580215	0.23175751528003	0.621765209940017	0.511371502027094	0.670603588907015	0.730623004004664	0.845998266396995	0.945459994006593	0.802998488157232	0.688934743358267	0.35497147808506	0.662373862112765	0.38931460195828	0.870863970588235	0.796018792487247	0.627180731718485	0.503771289537713	0.967758866311764	0.912712623097583	0.292007878096818	0.733492850225033	0.922552664188352	0.899022801302932	0.258400507200435	0.985527056364075	0.542541990473803	0.323677706376668	0.253193430656934	0.477922944878886	0.588118811881188	0.70374339191313	0.240224891387682	0.586701038744408	0.582965107420387	0.622982077030634	0.582250551605786	0.744277210472826	0.986378205128205	0.343830762262542	0.60929778537002	0.192083031619599	0.651474765129998	0.369396393693964	0.343371478284146	0.856455077401674	0.311240073304826	0.424303063759315	0.432210373848113	0.719351222748381	0.620117647058824	0.307823571945047	0.6047480742518	0.36877553769476	0.366450035390258	0.901864851450046	0.209294390610072	0.301645130073433	0.885326003970072	0.820151839021154	0.904776368744779	0.959570435881238	0.246856854329715	0.795292288117622	0.608435956050439	0.946216955332726	0.914413718523096	0.370474057484136	0.977211394302849	0.430757766823341	0.623065106936075	0.276392676275808	0.80363012719737	0.657392699306418	0.908493701213386	0.854293963607064	0.733642235327155	0.947162904209884	0.95310539523212	0.422342403244888	0.829167856445092	0.27391152299353	0.763812443391625	0.236219292989814	0.835242771412984	0.372276309689383	0.503080879142206	0.974256475855452	0.609812483945543	0.810087955483755	0.369382065500444	0.244444444444444	0.629373535857326	0.987489372039354	0.398275339082203	0.203503933814584	0.854456618300267	0.958504136267444	0.833440652500537	0.813912636140063	0.94790298410819	0.752311855133656	0.903710388024842	0.946447341730134	0.986325611325611	0.748384012636917	0.511432948057374	0.961980414152745	0.927948372455854	0.291145737855179	0.897800151713675	0.953440656565657	0.769169856143592	0.582004131531715	0.698128607240716	0.243982618552806	0.799058857862002	0.963547348535242	0.966220291953191	0.374627065057666	0.64610947272904	0.937088170693442	0.906428076902594	0.430952917323722	0.940788639533409	0.941199770012138	0.289336130569285	0.141817877748976	0.903662057438079	0.431925120161902	0.477972648501931	0.46825681492109	0.298150322959483	0.992131147540984	0.826474442988204	0.415301517359014	0.285527282015261	0.73449401523395	0.697221124720137	0.692834247840495	0.985693618389326	0.560054651596075	0	0.917525773195876	0.0909090909090909	0.967438583936219	0.33816807849351	0.320935998760267	0.973194614443084	0.367334102107139	0.465948947778644	0.899683169828606	0.942741208295762	0.897252454524697
"SRR5928470"	0.930718024946681	1	0.629592850049652	0.908724832214765	0.975835715299317	0.903052064631957	0.956201550387597	0.970294809998879	0.92852721031009	0.879518072289157	0.940219945483598	0.733760455597081	0.751927589674824	0.726533628972653	0.981982849985548	0.944544906570223	0.967210626185958	0.94558786346397	0.559986481919567	0.401967213114754	0.966029197532777	0.367475292003594	0.68615692153923	0.919489912447659	0.944347149250827	0.934536447275301	0.990650663297536	0.570222563315426	0.885572139303483	0.86172101280015	0.956915747501424	0.668681441683456	0.998141789878667	0.781113801452785	0.974247491638796	0.957830132647001	0.802754000744325	0.956222748953853	0.715440893338467	0.88505053552572	0.394470667565745	0.716809933142311	0.627856365614799	0.943918150814703	0.865501519756839	0.790856983084021	0.968778036963933	0.658103689864549	0.518998658918194	0.94274889496948	0.525939177101968	0.579457364341085	0.963754806161683	0.937403438823823	0.756979695431472	0.641933939684059	0.889708050722501	0.797738693467337	0.897159364467983	0.933506365097021	0.907730673316708	0.967855020796197	0.925951414217879	0.980865733752193	0.769464105156724	0.84093637454982	0.891891891891892	0.861078773767947	0.934280639431616	0.972515242427175	0.332101616628175	0.946733090630389	0.959312445604874	0.594219010561423	0.873385313627371	0.39332913782253	0.788895428683539	0.881443867976598	0.964285714285714	1	0.33873986275733	0.927206995945088	0.976599431028213	0.955914462967456	0.751476113794954	0.832185039370079	0.660579064587973	0.616923956546598	0.969077029840389	0.973668034818472	0.920243493384682	0.981146722856826	0.948640665501236	0.988471539112183	0.989890439451472	0.85390625	0.774839909109688	0.773302646720368	0.429362880886427	0.861208576998051	0.92072556264696	0.246001523229246	0.733892090099528	0.878088333492321	0.832935560859189	0.849508746705008	0.854478044259066	0.927507650459027	0.951227549843467	0.960412988819344	0.934378239921937	0.875410388079805	0.899857906488937	0.898996792465707	0.875354107648725	0.877671668940427	0.920785525154457	0.872871736662883	0.958432945168505	0.691151919866444	0.906757349714787	0.904306220095694	0.918713323190611	0.929786186908733	0.300736067297582	0.816034804226227	0.914869140063273	0.961046266347912	0.980481886399304	0.725976670986854	0.95308147632312	0.80278367539514	0.882308845577211	0.945593594415644	0.662939297124601	0.938562312948218	0.937114935202889	0.340893929286191	0.548780487804878	0.373248407643312	0.507981220657277	0.870826224713624	0.583987441130298	0.965107281041154	0.515654952076677	0.530809205642168	0.871249872877047	0.91614014933946	0.93646159790495	0.722170076966398	0.879825444780128	0.491440501043841	0.978454909202832	0.253731343283582	0.594414086217365	0.630245746691872	0.823001461072845	0.609713790112749	0.821196358907672	0.99096140073593	0.8886228606899	0.462599854756717	0.929427341939755	0.952633728052266	0.808548758638341	0.871060807811807	0.645764576457646	0.663730178706267	0.820883848259679	0.929664480562684	0.913689861655998	0.965693271719933	0.990343599118736	0.890573270604635	0.914235393215407	0.248821372446307	0.991031550362668	0.906210032684383	0.901806899069173	0.987798558439723	0.932098765432099	0.8353591160221	0.996856526226893	0.889555822328932	0.969326833543299	0.938451411174196	0.987567832597874	0.545963229416467	0.934804797142128	0.733976567884218	0.561975768872321	0.915049226441632	0.977412082007628	0.73352538710839	0.943764294362976	0.98490643006476	0.972983374384236	0.904800160674834	0.863694971449622	0.98299910206525	0.610095735422106	0.959391254093624	0.947234762979684	0.691976047904192	0.994329943299433	0.91043330912612	0.898043672376005	0.246321177223289	0.892970854763654	0.960100310663622	0.954679026932049	0.946578056105821	0.983805668016194	0.704998634252936	0.909563535243622	0.924956900922827	0.730616302186879	0.635907443546139	0.940670235970652	0.907473309608541	0.761048190095492	0.917525773195876	0	0.903033445683173	0.998098468496248	0.940807766624252	0.947643472370076	0.875131828728116	0.864152961625886	0.964015344400312	0.983037136904032	0.755412521942657	0.187012987012987
"SRR5928471"	0.271892535283115	0.950757402407213	0.644877505567929	0.811336638293892	0.906482667046047	0.874379374289645	0.902028698664028	0.442599161560787	0.30797135737043	0.990116623838703	0.413859698949162	0.507953557362795	0.482460548798874	0.685173697270472	0.698052885607029	0.825623188405797	0.476441090313291	0.718456107040081	0.803327215676988	0.905544413534321	0.61857343868384	0.951478896643403	0.746291959406714	0.218494271685761	0.28208797574023	0.865093954248366	0.880202590315286	0.777361228685452	0.992399565689468	0.435112644611325	0.775110549589387	0.595738898853199	0.954343126033321	0.963618178408452	0.596241869429053	0.349953128661823	0.550191650264167	0.588566677060597	0.802363275122869	0.903798453382618	0.904638339279922	0.760596026490066	0.976971247727426	0.386290362581221	0.939145134025598	0.44320607066635	0.766408804529867	0.614033161304491	0.824355247696209	0.670026718484333	0.8159327065809	0.835458864716179	0.696850178033416	0.35176633232344	0.880707094357293	0.761236885698509	0.416424207157405	0.941767585673795	0.467204013653	0.236302052201634	0.196826130498421	0.457723987224744	0.795102413659839	0.69269625440798	0.549179502667875	0.727131481841134	0.504823447957535	0.367492960347136	0.381323384176451	0.642612816814342	0.823942349506119	0.83186256592345	0.51810650887574	0.719338277239019	0.659667036625971	0.893176986018942	0.605339219086657	0.32921578008786	0.995107366132101	0.957660954915987	0.889925973607982	0.26787012005465	0.590428950447407	0.503050134392895	0.714123909842564	0.691659111514053	0.864746244668356	0.957273133091002	0.755549772804612	0.677775188378777	0.355599214145383	0.676296660284325	0.421185413321975	0.814494144330796	0.80150270113634	0.510259804732749	0.563948223512491	0.97319719208679	0.914341996568596	0.357562306376289	0.715779945690435	0.926664480157429	0.906192790859163	0.203850092156461	0.98903182125931	0.518448693778616	0.329610424145725	0.215280930265042	0.473586738035549	0.52359795783156	0.632496950113753	0.252954166828097	0.469471631082164	0.565016617106874	0.490167347883088	0.625923970432946	0.702643938076187	0.992439073786539	0.302663924145889	0.622196111941893	0.273863241929885	0.580141169006265	0.366712023750619	0.348148607964245	0.854237716306682	0.345042544478318	0.42108120190312	0.397253162167264	0.694671286444813	0.540578285832514	0.289205592283516	0.655495019536624	0.367582506909446	0.41265898548556	0.919323436359211	0.177649252552069	0.226145674860544	0.902663469639038	0.847044025157233	0.912140368984647	0.957724878308995	0.326226398048604	0.825242718446602	0.598494087703484	0.941020842743757	0.923817003730611	0.384809593940669	0.982645313596631	0.426997985224983	0.642037488966198	0.349337531155713	0.82519752557114	0.660780387159415	0.922472498690414	0.793800069662139	0.771128672256741	0.954708113016076	0.956645674511104	0.461860187213702	0.812009364084159	0.282161132928716	0.759558911662472	0.300754210145676	0.857886351566649	0.382599098684816	0.531032078103208	0.978303348830941	0.639765428651215	0.836396093667962	0.289300623320181	0.319078668811923	0.618420338369673	0.990585566425634	0.379693034238489	0.271090363454485	0.853418344801465	0.933710983320459	0.797129095331203	0.827005306269641	0.916575036356542	0.635190746301857	0.911770262610996	0.943104667609618	0.988486285133762	0.696427863457955	0.489931481772059	0.951707444233419	0.845929171230376	0.345649824371791	0.908637281691814	0.956947684105298	0.774689769543089	0.547262628072519	0.6601662732218	0.307521355649698	0.765115593774277	0.930303637639042	0.973454603141029	0.363695038321904	0.653535684731525	0.94827929182415	0.805600822323063	0.416753381893861	0.865466394212183	0.908235936375592	0.297478329393223	0.152260866252714	0.897386253630203	0.487374423024708	0.510197052818028	0.396007754415117	0.354653324769278	0.990374407247505	0.846302506678793	0.316138347443723	0.281155286147263	0.762753397193139	0.675894742850619	0.661021278769765	0.988358714043993	0.612693246541904	0.0909090909090909	0.903033445683173	0	0.964779216250381	0.329464311114904	0.334817041447483	0.959406629893429	0.431507169212087	0.468021848855701	0.869534233559303	0.948852375167828	0.897621509824199
"SRR5928472"	0.99856223246087	0.829778648151445	0.995694589617242	0.976058052657962	0.439987267735646	0.996284172343626	0.907127031019202	0.900357079093019	0.981297486849795	0.987471159175571	0.998422357448727	0.987066072844854	0.996524993317295	0.970298967558839	0.962916018272175	0.936249278127903	0.889761019028884	0.968411524175173	0.98015007251403	0.993860854599864	0.960588955699408	0.99808906506217	0.99375140033359	0.998480033162913	0.87592776257997	0.909572132507196	0.919593481205408	0.997567834612754	0.998729582577133	0.931295166534542	0.778874402751785	0.977426580696261	0.962459311523704	0.970612619736993	0.979058244813574	0.95409156826186	0.991555501162648	0.988200056104028	0.976548509751012	0.906779967456156	0.995656587722793	0.929859420793801	0.998420814186784	0.87825866869147	0.961984601357512	0.989986704835368	0.879746690747811	0.983452826912104	0.994374657961386	0.891126494650724	0.996945476760169	0.998239795918367	0.874164668128942	0.844545181066586	0.972046095008052	0.984772834538093	0.995817575083426	0.985473770660096	0.890591667531509	0.945978079941201	0.973609759409728	0.903141932433907	0.933022989644205	0.996537915410265	0.982764069527167	0.912120481927711	0.930390512555163	0.960055669882356	0.970846483774379	0.860411450460949	0.991006483993835	0.92763165961621	0.976110482387891	0.976455575850076	0.966513205147829	0.997382098171319	0.972443603944347	0.96566543708648	0.999066390041494	0.783361095687581	0.994277576053067	0.966179432880533	0.997611445562894	0.9082793828252	0.982413629437186	0.874147565826861	0.995749608684033	0.981379266184286	0.91755146358612	0.998201453036626	0.97291069400119	0.925762429892687	0.841614205004035	0.893771303472293	0.942715210966484	0.97052300868601	0.982285622774924	0.977790301508825	0.98423362895279	0.998167343004367	0.976230404666424	0.997939445453258	0.99307303981085	0.964132275193218	0.997978593826937	0.910559504971541	0.977708992903127	0.941608725738953	0.926378642869864	0.978210020928229	0.976858292085881	0.949033611063878	0.984568951325248	0.89016254712108	0.9335959609681	0.907320396560635	0.955831381733021	0.997047282334201	0.964994622078811	0.985676954935411	0.998080793895988	0.98667001437995	0.987017099430019	0.991418576878772	0.995909915897646	0.984048541733329	0.950534031860522	0.940885665203283	0.901934110131898	0.989038012160955	0.963992266795553	0.986422587651257	0.998069143067304	0.814003485738737	0.969913749365804	0.964655218246584	0.964534249181444	0.994269929980086	0.991699019207193	0.991939003414371	0.996666709732432	0.998556930283173	0.974418132954718	0.964313629907296	0.986855110974185	0.998197803895318	0.922756443732665	0.976433520755152	0.992371699003302	0.964194310764973	0.94894046181089	0.988873505988746	0.948067331670823	0.997013234461095	0.97721964083888	0.998278066876844	0.908957560368311	0.996309153557279	0.993550577053632	0.57055834997346	0.946720235581478	0.982526235933746	0.976225106899531	0.929118349459586	0.979512774806892	0.894877442939495	0.998420609748204	0.970239948200077	0.929429097605893	0.989977202242806	0.971216665504173	0.995257884404559	0.579702873992772	0.951716127269	0.986844901840148	0.997904019426161	0.490106567908699	0.979393808547132	0.98816842877223	0.584544153548278	0.917473162003904	0.865224466353977	0.29602232608184	0.997797042853996	0.50238369517058	0.94040261521035	0.506653310892922	0.987848499454578	0.997761161587619	0.983896615260355	0.996667054218502	0.94116984391233	0.854711418070197	0.952863597508853	0.9618648713844	0.995905752017019	0.7869429241595	0.900190616737379	0.932724728765741	0.878419308665016	0.993856875524295	0.66141693795153	0.939744765398135	0.992050775670405	0.558243940644187	0.985009692009477	0.96128813941684	0.992349067382123	0.925303543111406	0.828127274315158	0.970753120856006	0.998673696798391	0.737993867331407	0.992724727177269	0.992936971080342	0.899956276416332	0.991065206570433	0.978078900942157	0.937824344418076	0.997615931794918	0.975976941822635	0.967438583936219	0.998098468496248	0.964779216250381	0	0.861760032802009	0.998680439578565	0.980265673372226	0.97332219769731	0.998638851341771	0.967062519742852	0.982522903453136	0.9949149930659
"SRR5928473"	0.314240254574383	0.839230157007452	0.818533956464991	0.891141942369264	0.873486647743729	0.993602274746757	0.860266950703991	0.382857761654665	0.231516056758775	0.991797024036627	0.326601790200239	0.703417251992739	0.76269998832185	0.664292818778596	0.685270789742592	0.844190790330281	0.250103097258698	0.862777862170236	0.863151397583987	0.933923192771084	0.74993267418151	0.976962948742561	0.725858798735511	0.354305183420992	0.167785998861696	0.773241379310345	0.869203008533171	0.921447445026647	0.995225800165636	0.536317623085519	0.904954654916227	0.743613063249277	0.924021431308117	0.953736001468698	0.5507796341924	0.30302802614772	0.693429493564968	0.702241353718272	0.876068547577959	0.920233758348512	0.959822691691031	0.739283175107691	0.983431838000194	0.165745017673975	0.90248266607023	0.592126804584015	0.717451164598788	0.8306186211206	0.889344262295082	0.62594572262246	0.952821166719796	0.880203791251664	0.644791597859832	0.161807580174927	0.926207650273224	0.859001715409397	0.629645206837504	0.982641332395027	0.51109339710376	0.236763681938449	0.395521682990584	0.368300769908023	0.749284755065102	0.647014328314787	0.871691935923919	0.920566945844545	0.608464452214452	0.622277263786698	0.28229529152759	0.631687516635614	0.904879385964912	0.783417528666506	0.46653449222	0.888512499464002	0.845811555304422	0.928584834834835	0.753263497179694	0.422486276144813	0.996489003754815	0.825171778112955	0.930694926380943	0.321357484076433	0.635767367692632	0.261445981554677	0.749840078468165	0.66033535600158	0.966587764020393	0.967771982116244	0.72989165530602	0.606220423057187	0.406007481435989	0.494969756820146	0.22956598369685	0.797885523971807	0.679838308093383	0.793945866568768	0.704119850187266	0.97809980895578	0.91462281679673	0.604055729812532	0.925536472329322	0.96301578246815	0.969397189349112	0.533470171489108	0.993482807256456	0.458619829705369	0.44988361430486	0.428081793888695	0.314412399137173	0.628710010681329	0.829346622369878	0.398962091006898	0.676366587444206	0.41168256923435	0.705721040189125	0.53034818892668	0.836801333935457	0.995340710541642	0.405830431259172	0.692841117683051	0.419674746003676	0.83437066658067	0.45309098539093	0.274611944225204	0.898080924855491	0.575554595217517	0.40869893284467	0.547989287271368	0.634013605442177	0.809982486865149	0.354457949834891	0.708621984809281	0.423392005264024	0.486762230270877	0.941872497413056	0.2715323787134	0.297239816912479	0.948732447460183	0.891199114840256	0.922791527732119	0.977390802385992	0.485910702137563	0.852184455121009	0.493041303232427	0.942408868846298	0.981395348837209	0.410339694139938	0.989936638091688	0.344244002231728	0.82251497005988	0.50390788555478	0.925128854326793	0.593094119123656	0.951383943407872	0.8326454359821	0.83673104434907	0.950885208452313	0.974516190841157	0.712463768115942	0.763671902664268	0.322967741935484	0.854073052453619	0.295566785345125	0.862150196986312	0.527544757962015	0.441447711849661	0.984393175649477	0.732866306549629	0.876474614486452	0.4802404023059	0.392158862933116	0.545106132075472	0.997369446609509	0.396365501105734	0.26233908852419	0.927237426035503	0.915478816861963	0.895142002989537	0.966193159273074	0.866928285378838	0.654795832834391	0.898824314801765	0.805135442895864	0.993092041253162	0.79767768550954	0.523268754684413	0.943993831039013	0.851068616422947	0.31546088872567	0.922121546961326	0.973264089247932	0.798350373743449	0.442023160965735	0.760810222732128	0.281216571742461	0.760855168197796	0.92180628787713	0.967209132863736	0.457506294758183	0.463673071966551	0.964258336527405	0.912693200227681	0.318107124284971	0.805757804000335	0.94543286761046	0.235578116809667	0.285937207415267	0.923423846659776	0.469898526300692	0.478380706287683	0.529318061139346	0.317652380413887	0.992305207201386	0.929353404036948	0.527864332000551	0.121358854100646	0.940034530677559	0.758558558558559	0.675419466820953	0.992511912865895	0.726904978122678	0.33816807849351	0.940807766624252	0.329464311114904	0.861760032802009	0	0.40226299239892	0.983567691301504	0.551724137931034	0.50878405856039	0.879374731484847	0.940462859275849	0.940742134223769
"SRR5928474"	0.150189071385273	1	0.787481679455125	0.918557475582269	0.980904830727456	0.91673878387611	0.998711427602577	0.27476574178729	0.275508270391727	0.992652461425423	0.169897151898734	0.667433135665013	0.635502864417568	0.852656415263201	0.610222891919923	0.991817858413376	0.299033391915641	0.819283605084093	0.875276786117764	0.948393331722638	0.750471487177493	0.970319972390672	0.883221128948731	0.342408518094211	0.477549368259751	0.898638304729675	0.931500553238574	0.833853783982366	0.995394012215881	0.657014695544472	0.894389438943894	0.795997800059229	0.927008750994431	0.978714386625854	0.346666666666667	0.121196728805811	0.646186440677966	0.711789738109968	0.938105401411919	0.982402418698399	0.94470536967995	0.955646887575991	0.982975757877445	0.213564530289728	0.959544995871938	0.623219237928808	0.868650217706821	0.766160668599693	0.882655206240949	0.7920574212815	0.866486031953658	0.876518790618819	0.826841991233772	0.555549891678348	0.972224711047397	0.902689737879047	0.616423290768009	0.96850014449475	0.666046354254779	0.332767594478389	0.348205128205128	0.257808063600227	0.839945402213584	0.473281323322384	0.774776927979605	0.819617558256561	0.693714455636918	0.600907029478458	0.111393619573039	0.866928786903027	0.911131942816967	0.873139530116036	0.294754907218706	0.843113141250878	0.843244606130461	0.922924996387109	0.729014711336383	0.518013390484962	0.998596772576927	1	0.933278775333365	0.0950831252049749	0.396429059025197	0.251483664077629	0.796034241788959	0.905560846948494	0.908101797805277	0.967971700368086	0.814693359905789	0.482924586583912	0.560633984518983	0.441008481830208	0.588690958919433	0.92080797009258	0.647451503966072	0.766678000680041	0.713631252342676	0.984120910656208	0.962812872467223	0.483789316955146	0.854640980735552	0.952448371820534	0.937852839318753	0.499881968097663	0.993102758896441	0.761738624800116	0.570087406927808	0.457653136531365	0.249358780167626	0.647110828205672	0.758315292265302	0.474379207059809	0.647176647323927	0.717825148567543	0.760426023354292	0.701995279982836	0.877523553162853	0.99441424367862	0.117727917701313	0.735748268091144	0.409601923212897	0.734961912266877	0.524351945494225	0.165923592385936	0.916856492027335	0.539004225610876	0.56525783066612	0.541479396816062	0.581523627061907	0.70656464938342	0.0565652730982774	0.743261138878209	0.52938811071644	0.488526116989626	0.94149672418566	0.241031481330839	0.330944854232525	0.943006434757366	0.909262938783234	0.950723240115718	0.980825302693353	0.455143191116306	0.921539736623999	0.39648952519615	0.97839401977333	0.944241360822732	0.623004516774127	0.993018028788676	0.137413748439818	0.764297669102339	0.567652186288113	0.888059355437051	0.495207577929561	0.947440273037543	0.913639601139601	0.826724730689892	0.966862818747131	0.976283029080352	0.589684859015876	0.717111390767087	0.528951949288928	0.902298850574713	0.221940189642597	0.894133289014459	0.598354580492144	0.730750124192747	0.983963344788087	0.834939290498207	0.871849777631362	0.475728638217448	0.462087607429997	0.403368428011834	0.99525961039923	0.631688854085095	0.269105464023085	0.90730110536553	0.99882891514958	0.911168771702217	0.898576007140249	0.998312345839283	0.832532401339741	0.934040136312003	0.997831645037056	0.996000599910014	0.812549385819984	0.655672094948937	0.971713869952618	0.966685123661868	0.147276588417609	0.963573758608191	0.975201304154523	0.957227722772277	0.402842606072431	0.825109205630157	0.269009284287225	0.660584346342504	0.975328874518315	0.980371858047952	0.617823364859465	0.481446200476294	0.977951670849943	0.905019390581717	0.400909052649299	0.962647247804669	0.952770399366233	0.24015240656693	0.436565149734828	0.959195485457966	0.683494293239684	0.251334800706082	0.573429923915752	0.144087997932163	0.99462622402675	0.901887784153125	0.52200940860215	0.32099146354006	0.825040958868673	0.869051280924551	0.802590965416244	0.997401688902214	0.775609343978372	0.320935998760267	0.947643472370076	0.334817041447483	0.998680439578565	0.40226299239892	0	0.986867968717327	0.579721565537168	0.181894832089169	0.946768948553323	0.968101920590067	0.945823273780782
"SRR5928475"	0.984934287851266	0.866714439269079	0.916953114258215	0.39859747545582	0.937231331076197	0.608623548922056	0.86465167711021	0.993321174445786	0.966688874083944	0.979510022271715	0.982791664967581	0.931407942238267	0.93746607317338	0.93346424858496	0.924174461328048	0.913454213012342	0.978915357323872	0.81120764552563	0.919084461637653	0.937945492662474	0.823420074349442	0.909591555759523	0.944528770525735	0.993019704791682	0.990033222591362	0.803529279532427	0.825268566090612	0.943599384720561	0.977278340330946	0.953254946945799	0.908494413903174	0.925311203319502	0.996522789570046	0.983804143126177	0.957980830670927	0.969295065887671	0.969834087481146	0.825645411299375	0.31935063396137	0.744986834109783	0.912013536379019	0.945916857258173	0.979346781940442	0.980563522861481	0.813510294367875	0.867474514329679	0.87728441386978	0.901687259200213	0.917183509668004	0.716481639624253	0.952563400839263	0.976643435675268	0.986932256454467	0.976061776061776	0.79490386118493	0.572679509632224	0.61342138140282	0.945420715319413	0.937784299339692	0.860400473567715	0.974468085106383	0.97821433410107	0.65031503150315	0.991466891155031	0.853796709881251	0.973761227167222	0.992166150482784	0.975036443148688	0.976945468659034	0.979378406245397	0.8909426987061	0.914461247637051	0.984155149576388	0.792488674557942	0.651461395505998	0.94952420355813	0.95996163989451	0.973667100130039	0.993050384710846	0.888597739013251	0.946369636963696	0.956818756852492	0.992079366349308	0.984671942177083	0.97475254626309	0.818165831354963	0.795628415300546	0.982779335202243	0.9877769289534	0.990126308729833	0.977357320099256	0.99793089178564	0.993243924573964	0.793834954217142	0.998580388415039	0.747274749721913	0.962651496413554	0.952237607866747	0.908118811881188	0.973308957952468	0.418632460050005	0.910048266783677	0.819169577027551	0.962558275058275	0.965711486651972	0.965317919075145	0.957561468507915	0.985181058495822	0.979994045846978	0.985823632202013	0.819163018022605	0.961914837344618	0.968042609853529	0.967817633255112	0.876041188430511	0.96511917614816	0.474368348362986	0.972855065438681	0.974502210493848	0.928331466965286	0.991910039640806	0.570160346844677	0.699847568016998	0.965911201932008	0.901690305032057	0.948981399468556	0.972079495879787	0.824103001041371	0.992715499797653	0.922970159611381	0.988406239273865	0.988508818813469	0.971114464324208	0.923090461105245	0.9739085058271	0.984537558461392	0.97849141150112	0.945193929173693	0.9643199693075	0.951401869158878	0.909048723897912	0.977294559427124	0.955118246159158	0.985443451732404	0.843243243243243	0.9198606271777	0.968496712035479	0.672282390693943	0.97799382018238	0.759216052263182	0.903299950747004	0.825531914893617	0.992793641021927	0.945474372955289	0.820461844318703	0.961290322580645	0.964659034345446	0.917235106866758	0.962328402681707	0.985680382284083	0.967497589863655	0.900650108351392	0.98550408719346	0.794915878668795	0.896554842209965	0.95398547768622	0.979297063071738	0.927680798004987	0.98014116521115	0.975130728373204	0.993349315598175	0.98156041096505	0.931076572544552	0.972695782109624	0.975098135426889	0.881645324020178	0.968152113342002	0.376385917136744	0.240715268225585	0.958379833256745	0.742928353839459	0.962613257033858	0.96568787740065	0.970573810691515	0.98863150481652	0.762259083154876	0.95533185518458	0.897337741430311	0.981184926800909	0.571823653814869	0.958314034275127	0.958823529411765	0.965288734616598	0.927264461870667	0.913091491358843	0.99431391905232	0.930343152348695	0.988813229571984	0.959157626037013	0.985869565217391	0.967683204369595	0.929315068493151	0.851504889704719	0.922371967654987	0.890174650627226	0.970863473114472	0.963634027242354	0.916389351081531	0.985978441854351	0.991122087978106	0.819881944061345	0.995448290462581	0.800239030220249	0.497538372429771	0.671602567342194	0.974920538163452	0.652221763653873	0.93384074941452	0.770765987350668	0.972113502935421	0.911461022199277	0.973194614443084	0.875131828728116	0.959406629893429	0.980265673372226	0.983567691301504	0.986867968717327	0	0.975195822454308	0.992049415937863	0.853678474114441	0.9059345983044	0.892580982236155
"SRR5928476"	0.478281133482476	0.849805783340527	0.713315353111577	0.925705352490136	0.972700318194967	0.983576642335766	0.945286143654542	0.71219430244558	0.481559447625463	0.862479247371334	0.58255383148087	0.398207205654198	0.531006778809942	0.674945151382185	0.863259001291917	0.777228255026341	0.62873844060248	0.85635530708906	0.623350480876761	0.812999467234949	0.745646603566386	0.932356257046223	0.676114171256885	0.320599114668607	0.439345794392523	0.977653631284916	0.979366960797226	0.794388170916288	0.985560630617357	0.41723600623277	0.933185735747608	0.563827751196172	0.974935200612232	0.767395626242545	0.712490743616081	0.542062855615382	0.274456282468962	0.696882159577647	0.839312874653306	0.875356803044719	0.885882668095366	0.8025759512339	0.950449145175312	0.588546010564359	0.986535113174695	0.287302070645554	0.991709965555491	0.647540185094983	0.704379562043796	0.793812782646976	0.873950602263049	0.675655523797689	0.839969241285031	0.529407248157248	0.827476737821565	0.773447495325263	0.537524939888474	0.850561056105611	0.517595307917889	0.455898939769908	0.282407150391384	0.693211916353455	0.851126060251536	0.79412780656304	0.772761601074096	0.756780264094252	0.247010790317877	0.42059209566866	0.572255552047153	0.948271635204707	0.769759450171821	0.992858418139618	0.727725667235854	0.750547959503183	0.938803512623491	0.798732171156894	0.561552346570397	0.190799095864912	0.989360130042855	0.87027027027027	0.805167413656736	0.539845758354756	0.786247961466985	0.657423355149845	0.489339787825729	0.690595988944795	0.91079241614001	0.746508018623901	0.845791277851838	0.79796511627907	0.448057241191921	0.78052792355291	0.468722310827574	0.975569860700718	0.872932101897899	0.75861431301239	0.375092387287509	0.789405517420023	0.829738058551618	0.206316712969732	0.914718941107481	0.893366228070175	0.954891028890015	0.273411879023442	0.980354786688169	0.474631865447693	0.161078417955385	0.420050270688322	0.639892094252367	0.703244252807305	0.760679177837355	0.2463329974247	0.601098160100183	0.616980034890483	0.748568251320545	0.606333310778808	0.931149066259055	0.966783216783217	0.623899489300373	0.39508120649652	0.255844757930989	0.713243384098674	0.500881617255095	0.516522455706634	0.74711477488903	0.236526946107784	0.475778842862034	0.648241206030151	0.835447989243369	0.670765987350668	0.585275734659346	0.387595382508315	0.317081957370159	0.560433519202073	0.698362201013314	0.493331082221847	0.566637306050545	0.854584335739107	0.703181989686832	0.817026347146829	0.933314415437003	0.211079004862922	0.740944789590904	0.753105206876697	0.903285638579756	0.946521145975443	0.247850278199292	1	0.611490640797923	0.642970822281167	0.216085790884718	0.802339460491764	0.776735038901444	0.860166598388639	0.727929287485178	0.576726935558646	0.814367922777056	0.925448430493274	0.386897404202719	0.897098743154823	0.293858632676709	0.725077257639922	0.390174506828528	0.998345740281224	0.187649489019352	0.455951983994665	0.953279164248404	0.529329047810366	0.609263764981527	0.549528214616096	0.249856404365307	0.756023332487953	0.995094450139113	0.301185499112307	0.404579350908518	0.823112012164217	0.983795212808884	0.924884792626728	0.925667422788344	0.97836364762475	0.858861324290559	0.796566588520003	0.9542901812347	0.979166666666667	0.795044356072193	0.598137937865232	0.957471737547104	0.883087802003536	0.478738630592363	0.849859313449634	0.921201814058957	0.909834346823233	0.770367875453763	0.496922943572853	0.428269941004365	0.889617255233665	0.95138736822348	0.836526181353768	0.317973992043228	0.786159934400513	0.895401009534492	0.938380612436596	0.645492937236056	0.91041543610947	0.984087874575011	0.449149153596659	0.328379412086111	0.810760667903525	0.332532334440596	0.616207951070336	0.68783340172343	0.482525887573964	0.925845684179428	0.828701783492327	0.472497225305216	0.50453219218051	0.879084640751474	0.59226750261233	0.769151868709533	0.977439203047173	0.466526797634942	0.367334102107139	0.864152961625886	0.431507169212087	0.97332219769731	0.551724137931034	0.579721565537168	0.975195822454308	0	0.68352144469526	0.9784086536406	0.976859074362974	0.83783065266516
"SRR5928477"	0.322466270663536	0.999386845039019	0.846447216230579	0.940301036401118	0.983775391383103	0.942301437585377	0.999582038086779	0.360703904470108	0.414432538814782	0.994316236389783	0.31862954162351	0.755270994639667	0.725882040852418	0.891648937764061	0.540349391403061	0.993414111704338	0.413341680322587	0.851013909837439	0.910219922380336	0.965610798344977	0.78576647183847	0.979500584714866	0.91483903263148	0.492838389352466	0.584674258840887	0.924493499538869	0.939084340203743	0.881113619262603	0.997288371284547	0.734585143803021	0.911110170925707	0.851486369803873	0.893518896986252	0.984213681476054	0.163484281261258	0.281926710266791	0.738833058347083	0.751472623684295	0.956145377771075	0.987799942179821	0.961418285559027	0.967961678434788	0.988157894736842	0.340472116428401	0.971627496486124	0.719086404283192	0.894750300457719	0.830102657941259	0.918405192396847	0.832130309805174	0.90535483657317	0.91360532889259	0.847283193301741	0.63657185691084	0.981101147430335	0.930987274028439	0.695990367248645	0.977261191757182	0.74218953737026	0.466234737104411	0.491085494236203	0.361451453238344	0.874188082462581	0.30628840133536	0.831184540492698	0.864779783393502	0.768532526475038	0.699372408382831	0.264119173550445	0.894813808951794	0.937263493328022	0.906088004822182	0.120950424075762	0.886308184669983	0.879083000492422	0.945109983079526	0.801560892975982	0.632631010264722	0.999025917550878	0.999422162687469	0.953118657827087	0.259673755936403	0.231475532712282	0.313901503150632	0.852620948654022	0.929452187647205	0.936436469575581	0.976708179064288	0.838339636795549	0.317575324642192	0.64807081252837	0.268899049913753	0.670931537598204	0.93119802277813	0.517202114680764	0.818591136357687	0.791415157612341	0.988282433751978	0.973258079688235	0.611229526587391	0.89391124871001	0.966523194643711	0.957951121526615	0.610654458433045	0.99479148581548	0.819594017682541	0.672933974639265	0.566680729386397	0.2054334030803	0.692472492998913	0.804544839713242	0.58995983935743	0.717033224145999	0.775801379828226	0.811425568651002	0.77343091111897	0.908062120189061	0.995353997642327	0.256517302161611	0.806185692913626	0.549747822099954	0.792544653094504	0.61570149897552	0.324122124199965	0.941533000703211	0.651724712547909	0.649186256781193	0.611346511834057	0.448279184491463	0.780408848390384	0.217111333608183	0.813354037267081	0.636631895012036	0.583298204198634	0.957853274249138	0.385636084957302	0.442480969395681	0.960013577732519	0.935848174011828	0.964918221529918	0.986839385378626	0.587579837973844	0.943623193156118	0.224088604367901	0.984285036916616	0.962808789409035	0.7111181669048	0.995084506093866	0.279783041323604	0.82606344628695	0.670984877229118	0.920674660693108	0.33171555444368	0.963345960888707	0.937418013117901	0.876494804940208	0.975268685881778	0.985093082365872	0.695599917919855	0.615778907922912	0.634232121922626	0.93045743122253	0.380392885338782	0.922334824553395	0.698560447239693	0.796229681118654	0.98884655351576	0.880566167720924	0.905427059712774	0.56696528783952	0.587696230775361	0.2272058186856	0.995780419523674	0.713380156697685	0.426962457337884	0.935386675594242	0.999142193363913	0.935024858563346	0.926854066985646	0.998807072356742	0.860620486868162	0.950058236981904	0.997790023941407	0.997430020143085	0.835967429236138	0.714619166969598	0.973606484416092	0.976955651117749	0.320301578935307	0.975504649580404	0.984363160432596	0.970554638913568	0.24272076372315	0.870505743696852	0.41905807084316	0.544359446419502	0.979052738900732	0.985124468731026	0.704526134109586	0.315999795071469	0.983854345585709	0.917946435195489	0.495391827819509	0.973052028877272	0.956207002229808	0.389951669101944	0.559136047666336	0.971548570654383	0.761286572369696	0.371410805076996	0.633819911431852	0.316624627379042	0.996500106415683	0.930807665549301	0.61490236613262	0.445840236562297	0.87481632015007	0.905730949664004	0.836241913645253	0.997778086376892	0.837851158206013	0.465948947778644	0.964015344400312	0.468021848855701	0.998638851341771	0.50878405856039	0.181894832089169	0.992049415937863	0.68352144469526	0	0.954360346733376	0.979170879676441	0.963323277177045
"SRR5928478"	0.957240926020595	0.950739124909992	0.910309968379994	0.713277289353783	0.736042785575665	0.906852960745176	0.761139885930793	0.907472360401691	0.878986472278685	0.99906274664562	0.875497300955808	0.916781691081526	0.913266320556722	0.851624879783498	0.420506658165142	0.926273552807565	0.950006854636019	0.854995429461354	0.962326660040702	0.985988634136782	0.426455381347643	0.989706027912501	0.911918893328099	0.999156745035838	0.928759412237737	0.915952926519988	0.385171285848315	0.951509366424054	0.998354237837568	0.907403703851846	0.864050503327077	0.911118219622538	0.992364581485085	0.986316603810076	0.987656127375996	0.95845587617431	0.976630179302935	0.427400914634146	0.817814038163307	0.907463856470998	0.976460203030749	0.932761514935498	0.999204336366801	0.876539451049643	0.948152917888913	0.913372944114355	0.910159579740311	0.901424932883596	0.978332049306626	0.565717029998456	0.949680991934513	0.998307666271789	0.892452453451805	0.891988410484469	0.934324279757838	0.872024288704372	0.733499801373361	0.979408671834878	0.864906207229692	0.895423658549774	0.959593991700598	0.924642607491879	0.614564369310793	0.998165781637436	0.878628434992152	0.908099993473011	0.947780234733798	0.881437380395492	0.88653973697407	0.859727595099936	0.959000578815358	0.9000853587313	0.887730553327987	0.918968692449355	0.799757788357137	0.99540207395813	0.896116767276331	0.936846023408743	0.998203727265923	0.954099289631863	0.985624174856975	0.903995449069736	0.962905287623475	0.932562507336542	0.967274840209181	0.880279165875978	0.939726554977855	0.999220424868447	0.938399447719186	0.741742076405296	0.724755406332359	0.983148464163823	0.930575436587461	0.537601797247964	0.988015705819186	0.814166616201377	0.948663343905754	0.99215342252114	0.973871156091865	0.935012980380474	0.784721454931165	0.986851176992022	0.94729178800233	0.883893776867141	0.998405461295064	0.893965788645188	0.923596912163572	0.872564995185542	0.868043191086095	0.820512486144618	0.86753088193048	0.908280901950057	0.885313805983949	0.743549822064057	0.84538313093312	0.916540180891985	0.66164216446457	0.998257839721254	0.914460472460258	0.959583588487446	0.998471548073944	0.710032618365128	0.669999826698785	0.939672837147918	0.983058663624669	0.896628928692126	0.703655352480418	0.850139497807892	0.739346455188229	0.89758389261745	0.895367322360498	0.976939684872985	0.883092193472214	0.979517539382804	0.999043130875774	0.897628403031154	0.823280389597988	0.981126525810089	0.987011413478082	0.984340208960337	0.988901000891884	0.98758025471003	0.946949602122016	0.880406131016304	0.980569694596711	0.978940117108695	0.913701864365383	0.991179337231969	0.857649539877301	0.924349034195312	0.907952566547807	0.965846404758478	0.969983458037093	0.992568714781368	0.950977860211772	0.995517833301545	0.984078022227262	0.988282408780777	0.922817979802425	0.967993133388896	0.885756089844986	0.938173257555941	0.977097272259393	0.911170441432676	0.916498630951117	0.911779925896794	0.999204138479905	0.936217415418746	0.997478215837705	0.834374637477006	0.959824436051853	0.709147732910011	0.997163214144346	0.831774228489277	0.97272623094847	0.972772277227723	0.731550386783244	0.728547997237569	0.796641207735942	0.687424314704048	0.651334561640932	0.958357506607362	0.95322665299596	0.997508222864547	0.91827259177186	0.623457275371433	0.82086298486519	0.927705078825865	0.993451568894952	0.911566076633255	0.993510353710492	0.904979698511224	0.919892113695567	0.929948944329253	0.986005723253023	0.926933325567512	0.629643245561632	0.99205022810425	0.905018242717866	0.956964233788892	0.992385284810127	0.863609893646367	0.826255339906284	0.857294014813452	0.470806398339074	0.924260609426222	0.9087915068387	0.979883510351916	0.91833982934794	0.987094037809016	0.46644907894009	0.999417631214967	0.935104895104895	0.892690875232775	0.718235704947977	0.889225868758577	0.881356323430972	0.935037075036142	0.506711721486809	0.996960789198346	0.937308798684992	0.899683169828606	0.983037136904032	0.869534233559303	0.967062519742852	0.879374731484847	0.946768948553323	0.853678474114441	0.9784086536406	0.954360346733376	0	0.960202887241514	0.97982320820784
"SRR5928479"	0.959199285987505	0.847270044269552	0.804763027587833	0.791726477880726	0.983367647652497	0.784523015343562	0.981581695623279	0.952196562386829	0.981314647981315	0.901234567901235	0.990786841003211	0.867626886145405	0.899983816151481	0.694933333333333	0.991302780947805	0.714528462192014	0.94503632872793	0.90384230538323	0.686633039092056	0.861910241657077	0.976967606848134	0.677224736048265	0.957769869513642	0.983397071168734	0.91234804862444	0.688320545609548	0.953654368151201	0.777225966654842	0.909537856440511	0.936423598387688	0.960971112476951	0.867948717948718	0.996884676025303	0.74451273046532	0.989582467514477	0.983445168242151	0.889386074816538	0.979468388297563	0.874237100055484	0.908506284712073	0.628537735849057	0.93274255850943	0.842756183745583	0.935495996692102	0.363093145869947	0.863698072223731	0.842591777445198	0.83047830923248	0.757551020408163	0.901545506582713	0.747652102899143	0.912165129556434	0.958193246601374	0.929973370154848	0.776523031203566	0.844226827601913	0.950642374972781	0.70415512465374	0.824495187771278	0.958523940225679	0.942987829780283	0.945089008945178	0.877102550189908	0.993459937036661	0.889376931836668	0.891813290679075	0.977598791844953	0.922205438066465	0.92372322174812	0.845059738289399	0.734230445752733	0.680412371134021	0.952029420513237	0.80005247966413	0.795366795366795	0.81354051054384	0.662900188323917	0.862381363244176	0.971915747241725	0.879709443099274	0.774229074889868	0.962672855623247	0.98466910825313	0.953003509254799	0.701447067783701	0.811293609878911	0.723352318958503	0.90927624872579	0.948672664054308	0.993958061841014	0.986880823933301	0.971830985915493	0.921199857159862	0.941743947221012	0.984175039502093	0.934946905194681	0.87218045112782	0.80830343413634	0.558969276511397	0.918816388467375	0.888762769580023	0.652686762778506	0.535344015080113	0.93885564697083	0.853472882968601	0.850917163220002	0.968340117593849	0.884971175760826	0.940702925584135	0.973031197638235	0.901745936183022	0.898114455838571	0.885538954108858	0.884568814745056	0.944330740892345	0.793539793539794	0.82127843052711	0.897623400365631	0.97062760546143	0.764235764235764	0.980919712723765	0.935646577963301	0.963474243970565	0.981081081081081	0.866666666666667	0.900944538629208	0.902488919195363	0.932930872038245	0.977432930036823	0.798361239757749	0.924878174996766	0.797843665768194	0.981809830041341	0.92414703493095	0.913875598086124	0.901350295725923	0.973976755937342	0.654205607476635	0.881705639614856	0.753224901850813	0.732394366197183	0.926594607435562	0.568996740311481	0.957814177049792	0.584926884139483	0.564102564102564	0.877762293450129	0.741044012282497	0.947672934569897	0.862454873646209	0.837377049180328	0.70782208588957	0.9960534130314	0.782356728911784	0.747362418021101	0.888033589923023	0.842525979216627	0.775988286969253	0.894422623723488	0.9847155112908	0.882854656222802	0.784967981125716	0.959655307481394	0.670905889258462	0.891117478510029	0.812249322493225	0.841354723707665	0.928810320114668	0.953444715599775	0.969607151258527	0.871098090716234	0.987917007654166	0.984683932052353	0.984774612950133	0.887884267631103	0.692742695570217	0.99597771726556	0.809103448275862	0.865073787772312	0.994328169311177	0.920071926275568	0.769757144773917	0.967881235265283	0.902485659655832	0.963950227353173	0.966882825563848	0.990161432150382	0.671454880294659	0.976587576310655	0.738041733547351	0.788491446345257	0.674097664543524	0.960983386474241	0.863013698630137	0.978645798793023	0.989070704603737	0.975493377104249	0.910631741140216	0.944178484328426	0.971546653950087	0.828193832599119	0.970880464689697	0.960721162261509	0.816317228805834	0.971979246101168	0.949931289956384	0.963932333226939	0.877252252252252	0.841508533237857	0.977051615298923	0.97856841851785	0.988778212079183	0.985418529472453	0.817243159525039	0.959415099970158	0.913920240782543	0.755015341043191	0.94	0.955639452571968	0.922348484848485	0.855810008481764	0.942741208295762	0.755412521942657	0.948852375167828	0.982522903453136	0.940462859275849	0.968101920590067	0.9059345983044	0.976859074362974	0.979170879676441	0.960202887241514	0	0.713633770678836
"SRR5928480"	0.929496681059483	0.968855958809494	0.677308447937132	0.891646650653856	0.973183723897677	0.83457051961824	0.95175607873408	0.962774294670846	0.928479200583843	0.883630721489527	0.951317887627802	0.722761787038672	0.783361064891847	0.715909090909091	0.980933121479128	0.87150505651398	0.958854285064787	0.931177153236793	0.483849483849484	0.277246653919694	0.95716098678305	0.369057908383751	0.688581314878893	0.923995451099318	0.930146821033568	0.923455056179775	0.9822812287034	0.569056603773585	0.867924528301887	0.855773704289569	0.96228364763627	0.656395477721126	0.997673230324861	0.724039829302987	0.968099320788331	0.947846700908732	0.800295311923219	0.953707221556536	0.697594501718213	0.903191967630751	0.252128356254093	0.70226843100189	0.644859813084112	0.941363395626844	0.84304932735426	0.779908295122968	0.963002680965147	0.641701340730467	0.40201665935993	0.927761444771105	0.473684210526316	0.606261859582543	0.962081366049368	0.937341488885574	0.796620775969963	0.62482235907153	0.88506760728983	0.611246943765281	0.871703902579346	0.915937384444718	0.885704820274971	0.959886066935675	0.906415094339623	0.981208983817715	0.73502843760455	0.801729278473465	0.866272341519866	0.827138263665595	0.931306505938663	0.942372554688253	0.298325033952014	0.934638039141174	0.956970553080517	0.57440966501922	0.858747250202617	0.419473361910594	0.738183232834079	0.861584093156102	0.91304347826087	0.97558093737692	0.227686703096539	0.923950665431677	0.975723902126296	0.955427899089871	0.70026525198939	0.830396475770925	0.537789427697685	0.626324595649749	0.966508636225013	0.978524872714306	0.920213095459332	0.98214008730528	0.935429567726808	0.978101048021273	0.989774952258938	0.845974329054842	0.71914022517912	0.764309764309764	0.356408869659275	0.859154929577465	0.86595531843948	0.221812822402358	0.651817716333845	0.852949558278712	0.841269841269841	0.849821215733016	0.854755043227666	0.90941758763306	0.94899470203034	0.95858936681806	0.91703667660118	0.869999161284912	0.912163529649868	0.894536299925155	0.868504067740329	0.872171945701357	0.906675450153711	0.878918918918919	0.948109939179306	0.732009925558313	0.908951965065502	0.879258605472198	0.914137033824805	0.930391140690633	0.338129496402878	0.808381752997898	0.911067760628837	0.950996910980062	0.979570586917268	0.717906336088154	0.941442224152911	0.757179547046463	0.905561776782381	0.944589542684488	0.686028257456829	0.92249197318763	0.934263539590313	0.156189241736876	0.457256461232604	0.294919454770756	0.428313796212804	0.868848484848485	0.486882716049383	0.963503478647895	0.569919204474829	0.485262401150252	0.871418446896831	0.918207282913165	0.944208767193727	0.711413144665798	0.850350740452065	0.425174251742517	0.9757822710848	0.232658959537572	0.672857998801678	0.647452584603942	0.824612202688728	0.472013366750209	0.778889606197547	0.988742871719757	0.888702411447752	0.446032880629021	0.911809360353819	0.939700526102792	0.798421990328328	0.843197879858657	0.66211962224554	0.659945232760767	0.830942225668864	0.926491510955136	0.89311408016444	0.96708316214322	0.990363474762595	0.890643985419198	0.903838815538426	0.324116743471582	0.990181727301939	0.888151391046462	0.842476914720261	0.98668172619888	0.928247870991122	0.833333333333333	0.99104799400075	0.838084378563284	0.961978226379999	0.934948665297741	0.986841340123113	0.534956794972506	0.93295165394402	0.64765784114053	0.44136078782453	0.823839955543206	0.971749152685094	0.723115398356556	0.930248155600268	0.98587141561076	0.977178423236514	0.900059725263787	0.857824252430747	0.978946948703124	0.416596814752724	0.961229278049156	0.94421749542189	0.731215927945011	0.989356918003298	0.913085465958474	0.898082989565639	0.215930304915993	0.867965895249695	0.957101752550353	0.95207696729495	0.949531638310075	0.982602644398051	0.630769230769231	0.904497769202942	0.921582515430537	0.707472959685349	0.639217846323327	0.937289678926323	0.846674182638106	0.700021992522542	0.897252454524697	0.187012987012987	0.897621509824199	0.9949149930659	0.940742134223769	0.945823273780782	0.892580982236155	0.83783065266516	0.963323277177045	0.97982320820784	0.713633770678836	0
